% R/bohr 1Sig  1Pi  1Del  3Sig  3Pi  Axy   Azy  Bss  Byx  Bxs  Bsy  Bxd
   2.60  1.17573004E+04  5.96822326E+04  4.98884873E+04  1.13991692E+05  6.54800462E+04  1.59364117E+02 -4.96581272E+01  1.38507137E+01  1.57046276E+02 -5.19918312E+01 -5.61802416E+01 -5.45253350E+01
   2.85  1.71227840E+03  4.01059042E+04  4.07590469E+04  8.51303978E+04  4.50298522E+04  1.19379722E+02 -2.35396287E+01  1.52342411E+01  1.16693731E+02 -2.27530384E+01 -3.08824214E+01 -3.04295536E+01
   3.10 -2.19255782E+03  2.61229903E+04  3.20429447E+04  5.98131984E+04  2.98972588E+04  9.91137724E+01  1.85357235E+00  1.99469931E+01  9.54486114E+01  3.53355839E+00 -5.39399916E+00 -4.81045824E+00
   3.35 -3.12683232E+03  1.66276891E+04  2.42394038E+04  4.01717691E+04  1.92622621E+04  8.91347435E+01  2.03791308E+01  2.77527473E+01  8.46085694E+01  2.17311621E+01  1.36089405E+01  1.46033991E+01
   3.60 -2.75230288E+03  1.04454089E+04  1.76438284E+04  2.62185191E+04  1.21176941E+04  8.37805329E+01  3.27668496E+01  3.78803221E+01  7.86649536E+01  3.21377737E+01  2.66140142E+01  2.76948682E+01
   3.85 -2.00142988E+03  6.48805980E+03  1.23563935E+04  1.67813759E+04  7.45144645E+03  8.07753152E+01  4.07684727E+01  4.87228957E+01  7.52903101E+01  3.63684770E+01  3.52032290E+01  3.61231767E+01
   4.10 -1.33200604E+03  3.96936115E+03  8.28676490E+03  1.05763194E+04  4.46763924E+03  7.90503589E+01  4.58326443E+01  5.84313049E+01  7.33455718E+01  3.67043948E+01  4.07317016E+01  4.14173589E+01
   4.35 -8.77536723E+02  2.37552747E+03  5.41833881E+03  6.57003550E+03  2.59693876E+03  7.80578743E+01  4.90088026E+01  6.59827270E+01  7.22264048E+01  3.53286364E+01  4.42345096E+01  4.47090915E+01
   4.60 -6.07733720E+02  1.37730692E+03  3.36590424E+03  4.01841378E+03  1.44797989E+03  7.74901356E+01  5.09924955E+01  7.13530637E+01  7.15876105E+01  3.36114293E+01  4.64318476E+01  4.67469106E+01
   4.85 -4.52041161E+02  7.61746522E+02  2.02032394E+03  2.41234507E+03  7.58280522E+02  7.71692239E+01  5.22298519E+01  7.49889744E+01  7.12279473E+01  3.21325476E+01  4.78028460E+01  4.80071384E+01
   5.10 -3.55673220E+02  3.90258283E+02  1.17176986E+03  1.41364375E+03  3.55708595E+02  7.69902288E+01  5.30024940E+01  7.73874317E+01  7.10284955E+01  3.10305470E+01  4.86568791E+01  4.87876267E+01
   5.35 -2.88100147E+02  1.72259188E+02  6.50133671E+02  8.00502539E+02  1.28943341E+02  7.68924348E+01  5.34849417E+01  7.89468959E+01  7.09204415E+01  3.02655955E+01  4.91880656E+01  4.92711344E+01
   5.60 -2.35495498E+02  4.92661691E+01  3.36925292E+02  4.29924330E+02  7.63400369E+00  7.68399689E+01  5.37876740E+01  7.99545410E+01  7.08631477E+01  2.97537606E+01  4.95197982E+01  4.95722974E+01
   5.85 -1.92313252E+02 -1.61735980E+01  1.53732327E+02  2.10315167E+02 -5.20420056E+01  7.68128694E+01  5.39773632E+01  8.05993050E+01  7.08340625E+01  2.94204022E+01  4.97265392E+01  4.97596677E+01
   6.10 -1.56379292E+02 -4.76429842E+01  5.01782837E+01  8.36171517E+01 -7.68298467E+01  7.67998585E+01  5.40953928E+01  8.10058885E+01  7.08205097E+01  2.92137086E+01  4.98544003E+01  4.98754139E+01
   6.35 -1.26620116E+02 -5.97350063E+01 -5.49860998E+00  1.33395819E+01 -8.27278218E+01  7.67935543E+01  5.41707333E+01  8.12643962E+01  7.08142198E+01  2.90844881E+01  4.99355955E+01  4.99489083E+01
   6.60 -1.02229882E+02 -6.12884837E+01 -3.30004053E+01 -2.32359771E+01 -7.90769553E+01  7.67909606E+01  5.42181819E+01  8.14249476E+01  7.08118788E+01  2.89858335E+01  4.99864763E+01  4.99949382E+01
   6.85 -8.24451628E+01 -5.75322967E+01 -4.43776785E+01 -4.01212613E+01 -7.11768723E+01  7.67901592E+01  5.42482651E+01  8.15241473E+01  7.08113812E+01  2.89058336E+01  5.00186224E+01  5.00239732E+01
   7.10 -6.65277368E+01 -5.14701225E+01 -4.68832108E+01 -4.58544625E+01 -6.19155276E+01  7.67902597E+01  5.42671452E+01  8.15843465E+01  7.08117702E+01  2.88768004E+01  5.00387399E+01  5.00420933E+01
   7.35 -5.37933931E+01 -4.47581809E+01 -4.48049816E+01 -4.55670652E+01 -5.27771486E+01  7.67906945E+01  5.42791526E+01  8.16213392E+01  7.08124432E+01  2.88906246E+01  5.00515176E+01  5.00535584E+01
   7.60 -4.36439497E+01 -3.82543023E+01 -4.06205138E+01 -4.22845253E+01 -4.44493188E+01  7.67912288E+01  5.42866052E+01  8.16435822E+01  7.08131618E+01  2.88841898E+01  5.00594332E+01  5.00606322E+01
   7.85 -3.55668327E+01 -3.23577401E+01 -3.57141820E+01 -3.77461905E+01 -3.71846424E+01  7.67917543E+01  5.42913357E+01  8.16573171E+01  7.08138204E+01  2.88464995E+01  5.00644271E+01  5.00650917E+01
   8.10 -2.91348770E+01 -2.72109103E+01 -3.08191794E+01 -3.29146414E+01 -3.10095375E+01  7.67922945E+01  5.42946941E+01  8.16664774E+01  7.08144515E+01  2.88377237E+01  5.00679075E+01  5.00682295E+01
   8.35 -2.40021079E+01 -2.28205586E+01 -2.62966935E+01 -2.82875776E+01 -2.58420887E+01  7.67927371E+01  5.42969878E+01  8.16723339E+01  7.08149451E+01  2.88669103E+01  5.00702364E+01  5.00703596E+01
   8.60 -1.98848865E+01 -1.91288395E+01 -2.22917966E+01 -2.40993328E+01 -2.15583063E+01  7.67928314E+01  5.42974396E+01  8.16734467E+01  7.08150482E+01  2.88764706E+01  5.00706902E+01  5.00707779E+01
   8.85 -1.65614241E+01 -1.60507004E+01 -1.88366514E+01 -2.04301850E+01 -1.80246578E+01  7.67928314E+01  5.42974396E+01  8.16734467E+01  7.08150482E+01  2.88764706E+01  5.00706902E+01  5.00707779E+01
   9.10 -1.38562997E+01 -1.34954213E+01 -1.59004339E+01 -1.72809438E+01 -1.51157205E+01  7.67928314E+01  5.42974396E+01  8.16734467E+01  7.08150482E+01  2.88764706E+01  5.00706902E+01  5.00707779E+01
   9.35 -1.16411036E+01 -1.13794347E+01 -1.34296366E+01 -1.46124737E+01 -1.27209212E+01  7.67928314E+01  5.42974396E+01  8.16734467E+01  7.08150482E+01  2.88764706E+01  5.00706902E+01  5.00707779E+01
   9.60 -9.81920792E+00 -9.62583993E+00 -1.13639338E+01 -1.23692812E+01 -1.07464788E+01  7.67928314E+01  5.42974396E+01  8.16734467E+01  7.08150482E+01  2.88764706E+01  5.00706902E+01  5.00707779E+01
   9.85 -8.31441634E+00 -8.17057276E+00 -9.64047971E+00 -1.04920514E+01 -9.11464934E+00  7.67928314E+01  5.42974396E+01  8.16734467E+01  7.08150482E+01  2.88764706E+01  5.00706902E+01  5.00707779E+01
  10.10 -7.06937674E+00 -6.96247841E+00 -8.20370984E+00 -8.92419717E+00 -7.76184027E+00  7.67928314E+01  5.42974396E+01  8.16734467E+01  7.08150482E+01  2.88764706E+01  5.00706902E+01  5.00707779E+01
  10.35 -6.03715482E+00 -5.95477143E+00 -7.00463404E+00 -7.61487585E+00 -6.63642367E+00  7.67928314E+01  5.42974396E+01  8.16734467E+01  7.08150482E+01  2.88764706E+01  5.00706902E+01  5.00707779E+01
  10.60 -5.17827740E+00 -5.11156088E+00 -6.00255089E+00 -6.52006859E+00 -5.69667279E+00  7.67928314E+01  5.42974396E+01  8.16734467E+01  7.08150482E+01  2.88764706E+01  5.00706902E+01  5.00707779E+01
  10.85 -4.46172777E+00 -4.40359444E+00 -5.16229523E+00 -5.60256391E+00 -4.90886918E+00  7.67928314E+01  5.42974396E+01  8.16734467E+01  7.08150482E+01  2.88764706E+01  5.00706902E+01  5.00707779E+01
  11.10 -3.86106150E+00 -3.80727231E+00 -4.45590881E+00 -4.83142418E+00 -4.24581236E+00  7.67928314E+01  5.42974396E+01  8.16734467E+01  7.08150482E+01  2.88764706E+01  5.00706902E+01  5.00707779E+01
  11.35 -3.35359652E+00 -3.30455849E+00 -3.85983516E+00 -4.18117890E+00 -3.68553685E+00  7.67928314E+01  5.42974396E+01  8.16734467E+01  7.08150482E+01  2.88764706E+01  5.00706902E+01  5.00707779E+01
  11.60 -2.92322428E+00 -2.87757965E+00 -3.35557086E+00 -3.63090187E+00 -3.21020660E+00  7.67928314E+01  5.42974396E+01  8.16734467E+01  7.08150482E+01  2.88764706E+01  5.00706902E+01  5.00707779E+01
  11.85 -2.55577980E+00 -2.51296666E+00 -2.92661578E+00 -3.16362215E+00 -2.80540070E+00  7.67928314E+01  5.42974396E+01  8.16734467E+01  7.08150482E+01  2.88764706E+01  5.00706902E+01  5.00707779E+01
  12.10 -2.24182996E+00 -2.20210625E+00 -2.55994039E+00 -2.76527950E+00 -2.45926728E+00  7.67928314E+01  5.42974396E+01  8.16734467E+01  7.08150482E+01  2.88764706E+01  5.00706902E+01  5.00707779E+01
  12.35 -1.97191953E+00 -1.93533205E+00 -2.24722585E+00 -2.42453855E+00 -2.16235112E+00  7.67928314E+01  5.42974396E+01  8.16734467E+01  7.08150482E+01  2.88764706E+01  5.00706902E+01  5.00707779E+01
  12.60 -1.73986596E+00 -1.70534229E+00 -1.97877707E+00 -2.13217595E+00 -1.90680470E+00  7.67928314E+01  5.42974396E+01  8.16734467E+01  7.08150482E+01  2.88764706E+01  5.00706902E+01  5.00707779E+01
  12.85 -1.53989886E+00 -1.50624049E+00 -1.74663780E+00 -1.88033580E+00 -1.68596915E+00  7.67928314E+01  5.42974396E+01  8.16734467E+01  7.08150482E+01  2.88764706E+01  5.00706902E+01  5.00707779E+01
  13.10 -1.36651088E+00 -1.33374334E+00 -1.54529507E+00 -1.66278486E+00 -1.49461603E+00  7.67928314E+01  5.42974396E+01  8.16734467E+01  7.08150482E+01  2.88764706E+01  5.00706902E+01  5.00707779E+01
  13.35 -1.21537174E+00 -1.18408782E+00 -1.37036067E+00 -1.47420467E+00 -1.32826627E+00  7.67928314E+01  5.42974396E+01  8.16734467E+01  7.08150482E+01  2.88764706E+01  5.00706902E+01  5.00707779E+01
  13.60 -1.08366081E+00 -1.05405152E+00 -1.21869110E+00 -1.31033783E+00 -1.18330153E+00  7.67928314E+01  5.42974396E+01  8.16734467E+01  7.08150482E+01  2.88764706E+01  5.00706902E+01  5.00707779E+01
  13.85 -9.68692305E-01 -9.40598646E-01 -1.08697911E+00 -1.16745395E+00 -1.05654823E+00  7.67928314E+01  5.42974396E+01  8.16734467E+01  7.08150482E+01  2.88764706E+01  5.00706902E+01  5.00707779E+01
  14.10 -8.67838023E-01 -8.40906894E-01 -9.71619702E-01 -1.04242991E+00 -9.45348284E-01  7.67928314E+01  5.42974396E+01  8.16734467E+01  7.08150482E+01  2.88764706E+01  5.00706902E+01  5.00707779E+01
  14.35 -7.78996671E-01 -7.52854999E-01 -8.69903670E-01 -9.32717751E-01 -8.47525828E-01  7.67928314E+01  5.42974396E+01  8.16734467E+01  7.08150482E+01  2.88764706E+01  5.00706902E+01  5.00707779E+01
  14.60 -7.00747574E-01 -6.75215356E-01 -7.80313430E-01 -8.36465074E-01 -7.61487735E-01  7.67928314E+01  5.42974396E+01  8.16734467E+01  7.08150482E+01  2.88764706E+01  5.00706902E+01  5.00707779E+01
  14.85 -6.31715543E-01 -6.06820081E-01 -7.01411029E-01 -7.51865988E-01 -6.85679818E-01  7.67928314E+01  5.42974396E+01  8.16734467E+01  7.08150482E+01  2.88764706E+01  5.00706902E+01  5.00707779E+01
  15.10 -5.70532262E-01 -5.46504376E-01 -6.31763968E-01 -6.77124207E-01 -6.18556048E-01  7.67928314E+01  5.42974396E+01  8.16734467E+01  7.08150482E+01  2.88764706E+01  5.00706902E+01  5.00707779E+01
  15.35 -5.16096579E-01 -4.93223237E-01 -5.70151798E-01 -6.10816928E-01 -5.58887636E-01  7.67928314E+01  5.42974396E+01  8.16734467E+01  7.08150482E+01  2.88764706E+01  5.00706902E+01  5.00707779E+01
  15.60 -4.67654398E-01 -4.46087284E-01 -5.15629525E-01 -5.52006527E-01 -5.05857887E-01  7.67928314E+01  5.42974396E+01  8.16734467E+01  7.08150482E+01  2.88764706E+01  5.00706902E+01  5.00707779E+01
  15.85 -4.24474818E-01 -4.04217537E-01 -4.67270567E-01 -4.99787802E-01 -4.58677652E-01  7.67928314E+01  5.42974396E+01  8.16734467E+01  7.08150482E+01  2.88764706E+01  5.00706902E+01  5.00707779E+01
  16.10 -3.85830781E-01 -3.66740642E-01 -4.24153527E-01 -4.53259732E-01 -4.16561372E-01  7.67928314E+01  5.42974396E+01  8.16734467E+01  7.08150482E+01  2.88764706E+01  5.00706902E+01  5.00707779E+01
  16.35 -3.51144723E-01 -3.33001931E-01 -3.85558598E-01 -4.11683847E-01 -3.78863170E-01  7.67928314E+01  5.42974396E+01  8.16734467E+01  7.08150482E+01  2.88764706E+01  5.00706902E+01  5.00707779E+01
  16.60 -3.20033271E-01 -3.02630820E-01 -3.51027846E-01 -3.74532833E-01 -3.45118622E-01  7.67928314E+01  5.42974396E+01  8.16734467E+01  7.08150482E+01  2.88764706E+01  5.00706902E+01  5.00707779E+01
  16.85 -2.92126031E-01 -2.75275712E-01 -3.20120839E-01 -3.41293488E-01 -3.14875428E-01  7.67928314E+01  5.42974396E+01  8.16734467E+01  7.08150482E+01  2.88764706E+01  5.00706902E+01  5.00707779E+01
  17.10 -2.67053793E-01 -2.50586767E-01 -2.92398291E-01 -3.11454974E-01 -2.87683352E-01  7.67928314E+01  5.42974396E+01  8.16734467E+01  7.08150482E+01  2.88764706E+01  5.00706902E+01  5.00707779E+01
  17.35 -2.44493353E-01 -2.28282589E-01 -2.67465495E-01 -2.84598284E-01 -2.63172365E-01  7.67928314E+01  5.42974396E+01  8.16734467E+01  7.08150482E+01  2.88764706E+01  5.00706902E+01  5.00707779E+01
  17.60 -2.24181270E-01 -2.08170684E-01 -2.44985654E-01 -2.60423708E-01 -2.41076624E-01  7.67928314E+01  5.42974396E+01  8.16734467E+01  7.08150482E+01  2.88764706E+01  5.00706902E+01  5.00707779E+01
  17.85 -2.05858096E-01 -1.90064503E-01 -2.24625838E-01 -2.38639505E-01 -2.21137252E-01  7.67928314E+01  5.42974396E+01  8.16734467E+01  7.08150482E+01  2.88764706E+01  5.00706902E+01  5.00707779E+01
  18.10 -1.89265570E-01 -1.73777524E-01 -2.06056042E-01 -2.18955214E-01 -2.03096487E-01  7.67928314E+01  5.42974396E+01  8.16734467E+01  7.08150482E+01  2.88764706E+01  5.00706902E+01  5.00707779E+01
  18.35 -1.74191557E-01 -1.59124306E-01 -1.89059889E-01 -2.01129997E-01 -1.86739886E-01  7.67928314E+01  5.42974396E+01  8.16734467E+01  7.08150482E+01  2.88764706E+01  5.00706902E+01  5.00707779E+01
  18.60 -1.60483838E-01 -1.45920818E-01 -1.73568602E-01 -1.84987481E-01 -1.71909283E-01  7.67928314E+01  5.42974396E+01  8.16734467E+01  7.08150482E+01  2.88764706E+01  5.00706902E+01  5.00707779E+01
  18.85 -1.47994199E-01 -1.33983120E-01 -1.59523271E-01 -1.70355602E-01 -1.58450273E-01  7.67928314E+01  5.42974396E+01  8.16734467E+01  7.08150482E+01  2.88764706E+01  5.00706902E+01  5.00707779E+01
  19.10 -1.36575333E-01 -1.23128332E-01 -1.46863867E-01 -1.57062934E-01 -1.46209023E-01  7.67928314E+01  5.42974396E+01  8.16734467E+01  7.08150482E+01  2.88764706E+01  5.00706902E+01  5.00707779E+01
  19.35 -1.26115175E-01 -1.13214693E-01 -1.35486843E-01 -1.44963002E-01 -1.35053948E-01  7.67928314E+01  5.42974396E+01  8.16734467E+01  7.08150482E+01  2.88764706E+01  5.00706902E+01  5.00707779E+01
  19.60 -1.16547440E-01 -1.04153857E-01 -1.25232126E-01 -1.33941732E-01 -1.24882362E-01  7.67928314E+01  5.42974396E+01  8.16734467E+01  7.08150482E+01  2.88764706E+01  5.00706902E+01  5.00707779E+01
  19.85 -1.07808906E-01 -9.58610487E-02 -1.15935863E-01 -1.23887218E-01 -1.15593513E-01  7.67928314E+01  5.42974396E+01  8.16734467E+01  7.08150482E+01  2.88764706E+01  5.00706902E+01  5.00707779E+01
  20.10 -9.95254724E-02 -8.79025174E-02 -1.07105628E-01 -1.14332274E-01 -1.06758800E-01  7.67928314E+01  5.42974396E+01  8.16734467E+01  7.08150482E+01  2.88764706E+01  5.00706902E+01  5.00707779E+01
  20.35 -9.21997500E-02 -8.08493789E-02 -9.92271746E-02 -1.05835801E-01 -9.88950586E-02  7.67928314E+01  5.42974396E+01  8.16734467E+01  7.08150482E+01  2.88764706E+01  5.00706902E+01  5.00707779E+01
  20.60 -8.55079755E-02 -7.43558855E-02 -9.19727499E-02 -9.80383453E-02 -9.16718309E-02  7.67928314E+01  5.42974396E+01  8.16734467E+01  7.08150482E+01  2.88764706E+01  5.00706902E+01  5.00707779E+01
  20.85 -7.93886999E-02 -6.83755901E-02 -8.52966311E-02 -9.08828615E-02 -8.50371654E-02  7.67928314E+01  5.42974396E+01  8.16734467E+01  7.08150482E+01  2.88764706E+01  5.00706902E+01  5.00707779E+01
  21.10 -7.37801132E-02 -6.28619725E-02 -7.91526911E-02 -8.43118929E-02 -7.89387218E-02  7.67928314E+01  5.42974396E+01  8.16734467E+01  7.08150482E+01  2.88764706E+01  5.00706902E+01  5.00707779E+01
  21.35 -6.86201107E-02 -5.77685453E-02 -7.34943758E-02 -7.82675852E-02 -7.33237799E-02  7.67928314E+01  5.42974396E+01  8.16734467E+01  7.08150482E+01  2.88764706E+01  5.00706902E+01  5.00707779E+01
  21.60 -6.38464645E-02 -5.30490464E-02 -6.82747262E-02 -7.26917717E-02 -6.81393149E-02  7.67928314E+01  5.42974396E+01  8.16734467E+01  7.08150482E+01  2.88764706E+01  5.00706902E+01  5.00707779E+01
  21.85 -5.93971679E-02 -4.86577622E-02 -6.34464784E-02 -6.75261810E-02 -6.33321847E-02  7.67928314E+01  5.42974396E+01  8.16734467E+01  7.08150482E+01  2.88764706E+01  5.00706902E+01  5.00707779E+01
  22.10 -5.52115379E-02 -4.45504050E-02 -5.89624334E-02 -6.27131686E-02 -5.88497920E-02  7.67928314E+01  5.42974396E+01  8.16734467E+01  7.08150482E+01  2.88764706E+01  5.00706902E+01  5.00707779E+01
  22.35 -5.12496573E-02 -4.06985301E-02 -5.47810149E-02 -5.82086228E-02 -5.46517188E-02  7.67928314E+01  5.42974396E+01  8.16734467E+01  7.08150482E+01  2.88764706E+01  5.00706902E+01  5.00707779E+01
  22.60 -4.74976810E-02 -3.70934593E-02 -5.08680534E-02 -5.39855852E-02 -5.07130019E-02  7.67928314E+01  5.42974396E+01  8.16734467E+01  7.08150482E+01  2.88764706E+01  5.00706902E+01  5.00707779E+01
  22.85 -4.39442906E-02 -3.37287957E-02 -4.71907747E-02 -5.00188796E-02 -4.70103020E-02  7.67928314E+01  5.42974396E+01  8.16734467E+01  7.08150482E+01  2.88764706E+01  5.00706902E+01  5.00707779E+01
  23.10 -4.05794684E-02 -3.05993270E-02 -4.37182598E-02 -4.62846510E-02 -4.35215180E-02  7.67928314E+01  5.42974396E+01  8.16734467E+01  7.08150482E+01  2.88764706E+01  5.00706902E+01  5.00707779E+01
  23.35 -3.73950355E-02 -2.77010727E-02 -4.04227109E-02 -4.27612422E-02 -4.02266177E-02  7.67928314E+01  5.42974396E+01  8.16734467E+01  7.08150482E+01  2.88764706E+01  5.00706902E+01  5.00707779E+01
  23.60 -3.43851921E-02 -2.50311484E-02 -3.72810124E-02 -3.94302521E-02 -3.71086415E-02  7.67928314E+01  5.42974396E+01  8.16734467E+01  7.08150482E+01  2.88764706E+01  5.00706902E+01  5.00707779E+01
  23.85 -3.15469378E-02 -2.25873640E-02 -3.42764252E-02 -3.62776541E-02 -3.41547632E-02  7.67928314E+01  5.42974396E+01  8.16734467E+01  7.08150482E+01  2.88764706E+01  5.00706902E+01  5.00707779E+01
  24.10 -2.88802570E-02 -2.03673994E-02 -3.14004271E-02 -3.32948547E-02 -3.13572916E-02  7.67928314E+01  5.42974396E+01  8.16734467E+01  7.08150482E+01  2.88764706E+01  5.00706902E+01  5.00707779E+01
  24.35 -2.63895446E-02 -1.83641322E-02 -2.86652112E-02 -3.04828500E-02 -2.87175291E-02  7.67928314E+01  5.42974396E+01  8.16734467E+01  7.08150482E+01  2.88764706E+01  5.00706902E+01  5.00707779E+01
  24.60 -2.40823840E-02 -1.65651407E-02 -2.61012852E-02 -2.78512224E-02 -2.62448341E-02  7.67928314E+01  5.42974396E+01  8.16734467E+01  7.08150482E+01  2.88764706E+01  5.00706902E+01  5.00707779E+01
  24.85 -2.19651110E-02 -1.49579087E-02 -2.37358269E-02 -2.54105113E-02 -2.39495296E-02  7.67928314E+01  5.42974396E+01  8.16734467E+01  7.08150482E+01  2.88764706E+01  5.00706902E+01  5.00707779E+01
  25.10 -2.00408628E-02 -1.35296607E-02 -2.15880873E-02 -2.31695202E-02 -2.18403560E-02  7.67928314E+01  5.42974396E+01  8.16734467E+01  7.08150482E+01  2.88764706E+01  5.00706902E+01  5.00707779E+01
  25.35 -1.83081871E-02 -1.22669481E-02 -1.96669272E-02 -2.11330821E-02 -1.99223373E-02  7.67928314E+01  5.42974396E+01  8.16734467E+01  7.08150482E+01  2.88764706E+01  5.00706902E+01  5.00707779E+01
  25.60 -1.67604290E-02 -1.11554982E-02 -1.79699987E-02 -1.93004878E-02 -1.81952628E-02  7.67928314E+01  5.42974396E+01  8.16734467E+01  7.08150482E+01  2.88764706E+01  5.00706902E+01  5.00707779E+01
  25.85 -1.53860611E-02 -1.01803709E-02 -1.64847947E-02 -1.76649763E-02 -1.66531724E-02  7.67928314E+01  5.42974396E+01  8.16734467E+01  7.08150482E+01  2.88764706E+01  5.00706902E+01  5.00707779E+01
  26.10 -1.41696777E-02 -9.32644734E-03 -1.51909601E-02 -1.62143214E-02 -1.52848835E-02  7.67928314E+01  5.42974396E+01  8.16734467E+01  7.08150482E+01  2.88764706E+01  5.00706902E+01  5.00707779E+01
  26.35 -1.30893012E-02 -8.58147022E-03 -1.40564418E-02 -1.49317568E-02 -1.40748349E-02  7.67928314E+01  5.42974396E+01  8.16734467E+01  7.08150482E+01  2.88764706E+01  5.00706902E+01  5.00707779E+01
  26.60 -1.21210019E-02 -7.93478378E-03 -1.30456875E-02 -1.37981155E-02 -1.30051158E-02  7.67928314E+01  5.42974396E+01  8.16734467E+01  7.08150482E+01  2.88764706E+01  5.00706902E+01  5.00707779E+01
  26.85 -1.12470914E-02 -7.37368467E-03 -1.21335989E-02 -1.27943396E-02 -1.20578689E-02  7.67928314E+01  5.42974396E+01  8.16734467E+01  7.08150482E+01  2.88764706E+01  5.00706902E+01  5.00707779E+01
  27.10 -1.04548398E-02 -6.88491681E-03 -1.13035046E-02 -1.19025572E-02 -1.12163132E-02  7.67928314E+01  5.42974396E+01  8.16734467E+01  7.08150482E+01  2.88764706E+01  5.00706902E+01  5.00707779E+01
  27.35 -9.73484719E-03 -6.45595592E-03 -1.05444221E-02 -1.11066975E-02 -1.04653322E-02  7.67928314E+01  5.42974396E+01  8.16734467E+01  7.08150482E+01  2.88764706E+01  5.00706902E+01  5.00707779E+01
  27.60 -9.07979590E-03 -6.07574959E-03 -9.84887748E-03 -1.03927549E-02 -9.79173252E-03  7.67928314E+01  5.42974396E+01  8.16734467E+01  7.08150482E+01  2.88764706E+01  5.00706902E+01  5.00707779E+01
  27.85 -8.48359753E-03 -5.73501901E-03 -9.21135973E-03 -9.74879470E-03 -9.18425742E-03  7.67928314E+01  5.42974396E+01  8.16734467E+01  7.08150482E+01  2.88764706E+01  5.00706902E+01  5.00707779E+01
  28.10 -7.94095538E-03 -5.42625840E-03 -8.62743655E-03 -9.16482092E-03 -8.63346883E-03  7.67928314E+01  5.42974396E+01  8.16734467E+01  7.08150482E+01  2.88764706E+01  5.00706902E+01  5.00707779E+01
  28.35 -7.44948620E-03 -5.14346977E-03 -8.09605796E-03 -8.63315560E-03 -8.13211014E-03  7.67928314E+01  5.42974396E+01  8.16734467E+01  7.08150482E+01  2.88764706E+01  5.00706902E+01  5.00707779E+01
  28.60 -7.00748210E-03 -4.88199999E-03 -7.61677608E-03 -8.14764589E-03 -7.67436155E-03  7.67928314E+01  5.42974396E+01  8.16734467E+01  7.08150482E+01  2.88764706E+01  5.00706902E+01  5.00707779E+01
  28.85 -6.61033188E-03 -4.63841931E-03 -7.18544055E-03 -7.70251842E-03 -7.25476111E-03  7.67928314E+01  5.42974396E+01  8.16734467E+01  7.08150482E+01  2.88764706E+01  5.00706902E+01  5.00707779E+01
  29.10 -6.25217895E-03 -4.41021228E-03 -6.79617008E-03 -7.29258281E-03 -6.86839808E-03  7.67928314E+01  5.42974396E+01  8.16734467E+01  7.08150482E+01  2.88764706E+01  5.00706902E+01  5.00707779E+01
  29.35 -5.92709273E-03 -4.19552379E-03 -6.44276876E-03 -6.91334100E-03 -6.51101661E-03  7.67928314E+01  5.42974396E+01  8.16734467E+01  7.08150482E+01  2.88764706E+01  5.00706902E+01  5.00707779E+01
  29.60 -5.62967877E-03 -3.99296662E-03 -6.11948463E-03 -6.56098655E-03 -6.17901541E-03  7.67928314E+01  5.42974396E+01  8.16734467E+01  7.08150482E+01  2.88764706E+01  5.00706902E+01  5.00707779E+01
  29.85 -5.35533651E-03 -3.80147985E-03 -5.82135156E-03 -6.23234570E-03 -5.86939201E-03  7.67928314E+01  5.42974396E+01  8.16734467E+01  7.08150482E+01  2.88764706E+01  5.00706902E+01  5.00707779E+01
  30.10 -5.10031025E-03 -3.62022720E-03 -5.54428269E-03 -5.92479294E-03 -5.57966299E-03  7.67928314E+01  5.42974396E+01  8.16734467E+01  7.08150482E+01  2.88764706E+01  5.00706902E+01  5.00707779E+01
  30.35 -4.86162927E-03 -3.44852556E-03 -5.28502806E-03 -5.63616097E-03 -5.30777871E-03  7.67928314E+01  5.42974396E+01  8.16734467E+01  7.08150482E+01  2.88764706E+01  5.00706902E+01  5.00707779E+01
  30.60 -4.63699751E-03 -3.28579593E-03 -5.04106722E-03 -5.36465567E-03 -5.05204295E-03  7.67928314E+01  5.42974396E+01  8.16734467E+01  7.08150482E+01  2.88764706E+01  5.00706902E+01  5.00707779E+01
  30.85 -4.42466876E-03 -3.13153021E-03 -4.81047984E-03 -5.10878145E-03 -4.81104214E-03  7.67928314E+01  5.42974396E+01  8.16734467E+01  7.08150482E+01  2.88764706E+01  5.00706902E+01  5.00707779E+01
  31.10 -4.22332681E-03 -2.98526943E-03 -4.59181817E-03 -4.86727837E-03 -4.58358590E-03  7.67928314E+01  5.42974396E+01  8.16734467E+01  7.08150482E+01  2.88764706E+01  5.00706902E+01  5.00707779E+01
  31.35 -4.03198047E-03 -2.84658966E-03 -4.38399334E-03 -4.63907123E-03 -4.36865878E-03  7.67928314E+01  5.42974396E+01  8.16734467E+01  7.08150482E+01  2.88764706E+01  5.00706902E+01  5.00707779E+01
  31.60 -3.84987643E-03 -2.71509324E-03 -4.18618021E-03 -4.42322903E-03 -4.16538185E-03  7.67928314E+01  5.42974396E+01  8.16734467E+01  7.08150482E+01  2.88764706E+01  5.00706902E+01  5.00707779E+01
  31.85 -3.67643034E-03 -2.59040344E-03 -3.99774137E-03 -4.21893358E-03 -3.97298301E-03  7.67928314E+01  5.42974396E+01  8.16734467E+01  7.08150482E+01  2.88764706E+01  5.00706902E+01  5.00707779E+01
  32.10 -3.51117403E-03 -2.47216140E-03 -3.81816882E-03 -4.02545544E-03 -3.79077417E-03  7.67928314E+01  5.42974396E+01  8.16734467E+01  7.08150482E+01  2.88764706E+01  5.00706902E+01  5.00707779E+01
  32.35 -3.35371662E-03 -2.36002438E-03 -3.64704060E-03 -3.84213584E-03 -3.61813409E-03  7.67928314E+01  5.42974396E+01  8.16734467E+01  7.08150482E+01  2.88764706E+01  5.00706902E+01  5.00707779E+01
  32.60 -3.20371668E-03 -2.25366488E-03 -3.48398972E-03 -3.66837311E-03 -3.45449557E-03  7.67928314E+01  5.42974396E+01  8.16734467E+01  7.08150482E+01  2.88764706E+01  5.00706902E+01  5.00707779E+01
  32.85 -3.06086314E-03 -2.15277019E-03 -3.32868280E-03 -3.50361269E-03 -3.29933590E-03  7.67928314E+01  5.42974396E+01  8.16734467E+01  7.08150482E+01  2.88764706E+01  5.00706902E+01  5.00707779E+01
  33.10 -2.92486274E-03 -2.05704214E-03 -3.18080592E-03 -3.34733975E-03 -3.15216994E-03  7.67928314E+01  5.42974396E+01  8.16734467E+01  7.08150482E+01  2.88764706E+01  5.00706902E+01  5.00707779E+01
  33.35 -2.79543234E-03 -1.96619692E-03 -3.04005591E-03 -3.19907370E-03 -3.01254489E-03  7.67928314E+01  5.42974396E+01  8.16734467E+01  7.08150482E+01  2.88764706E+01  5.00706902E+01  5.00707779E+01
  33.60 -2.67229455E-03 -1.87996485E-03 -2.90613547E-03 -3.05836424E-03 -2.88003652E-03  7.67928314E+01  5.42974396E+01  8.16734467E+01  7.08150482E+01  2.88764706E+01  5.00706902E+01  5.00707779E+01
  33.85 -2.55517577E-03 -1.79809021E-03 -2.77875085E-03 -2.92478826E-03 -2.75424626E-03  7.67928314E+01  5.42974396E+01  8.16734467E+01  7.08150482E+01  2.88764706E+01  5.00706902E+01  5.00707779E+01
  34.10 -2.44380565E-03 -1.72033087E-03 -2.65761128E-03 -2.79794754E-03 -2.63479903E-03  7.67928314E+01  5.42974396E+01  8.16734467E+01  7.08150482E+01  2.88764706E+01  5.00706902E+01  5.00707779E+01
  34.35 -2.33791753E-03 -1.64645792E-03 -2.54242942E-03 -2.67746696E-03 -2.52134147E-03  7.67928314E+01  5.42974396E+01  8.16734467E+01  7.08150482E+01  2.88764706E+01  5.00706902E+01  5.00707779E+01
  34.60 -2.23724934E-03 -1.57625523E-03 -2.43292240E-03 -2.56299292E-03 -2.41354057E-03  7.67928314E+01  5.42974396E+01  8.16734467E+01  7.08150482E+01  2.88764706E+01  5.00706902E+01  5.00707779E+01
  34.85 -2.14154468E-03 -1.50951896E-03 -2.32881302E-03 -2.45419213E-03 -2.31108242E-03  7.67928314E+01  5.42974396E+01  8.16734467E+01  7.08150482E+01  2.88764706E+01  5.00706902E+01  5.00707779E+01
  35.10 -2.05055392E-03 -1.44605704E-03 -2.22983104E-03 -2.35075045E-03 -2.21367116E-03  7.67928314E+01  5.42974396E+01  8.16734467E+01  7.08150482E+01  2.88764706E+01  5.00706902E+01  5.00707779E+01
  35.35 -1.96403524E-03 -1.38568860E-03 -2.13571436E-03 -2.25237190E-03 -2.12102801E-03  7.67928314E+01  5.42974396E+01  8.16734467E+01  7.08150482E+01  2.88764706E+01  5.00706902E+01  5.00707779E+01
  35.60 -1.88175543E-03 -1.32824343E-03 -2.04620995E-03 -2.15877762E-03 -2.03289037E-03  7.67928314E+01  5.42974396E+01  8.16734467E+01  7.08150482E+01  2.88764706E+01  5.00706902E+01  5.00707779E+01
  35.85 -1.80349055E-03 -1.27356139E-03 -1.96107461E-03 -2.06970505E-03 -1.94901095E-03  7.67928314E+01  5.42974396E+01  8.16734467E+01  7.08150482E+01  2.88764706E+01  5.00706902E+01  5.00707779E+01
  36.10 -1.72902638E-03 -1.22149186E-03 -1.88007555E-03 -1.98490699E-03 -1.86915695E-03  7.67928314E+01  5.42974396E+01  8.16734467E+01  7.08150482E+01  2.88764706E+01  5.00706902E+01  5.00707779E+01
  36.35 -1.65815870E-03 -1.17189320E-03 -1.80299070E-03 -1.90415079E-03 -1.79310926E-03  7.67928314E+01  5.42974396E+01  8.16734467E+01  7.08150482E+01  2.88764706E+01  5.00706902E+01  5.00707779E+01
  36.60 -1.59069333E-03 -1.12463223E-03 -1.72960881E-03 -1.82721754E-03 -1.72066172E-03  7.67928314E+01  5.42974396E+01  8.16734467E+01  7.08150482E+01  2.88764706E+01  5.00706902E+01  5.00707779E+01
  36.85 -1.52644615E-03 -1.07958367E-03 -1.65972950E-03 -1.75390125E-03 -1.65162033E-03  7.67928314E+01  5.42974396E+01  8.16734467E+01  7.08150482E+01  2.88764706E+01  5.00706902E+01  5.00707779E+01
  37.10 -1.46524292E-03 -1.03662971E-03 -1.59316309E-03 -1.68400812E-03 -1.58580258E-03  7.67928314E+01  5.42974396E+01  8.16734467E+01  7.08150482E+01  2.88764706E+01  5.00706902E+01  5.00707779E+01
  37.35 -1.40691902E-03 -9.95659500E-04 -1.52973030E-03 -1.61735582E-03 -1.52303677E-03  7.67928314E+01  5.42974396E+01  8.16734467E+01  7.08150482E+01  2.88764706E+01  5.00706902E+01  5.00707779E+01
  37.60 -1.35131912E-03 -9.56568758E-04 -1.46926201E-03 -1.55377281E-03 -1.46316132E-03  7.67928314E+01  5.42974396E+01  8.16734467E+01  7.08150482E+01  2.88764706E+01  5.00706902E+01  5.00707779E+01
  37.85 -1.29829686E-03 -9.19259312E-04 -1.41159877E-03 -1.49309763E-03 -1.40602420E-03  7.67928314E+01  5.42974396E+01  8.16734467E+01  7.08150482E+01  2.88764706E+01  5.00706902E+01  5.00707779E+01
  38.10 -1.24771439E-03 -8.83638735E-04 -1.35659045E-03 -1.43517832E-03 -1.35148231E-03  7.67928314E+01  5.42974396E+01  8.16734467E+01  7.08150482E+01  2.88764706E+01  5.00706902E+01  5.00707779E+01
  38.35 -1.19944197E-03 -8.49619976E-04 -1.30409572E-03 -1.37987185E-03 -1.29940092E-03  7.67928314E+01  5.42974396E+01  8.16734467E+01  7.08150482E+01  2.88764706E+01  5.00706902E+01  5.00707779E+01
  38.60 -1.15335753E-03 -8.17121015E-04 -1.25398163E-03 -1.32704348E-03 -1.24965317E-03  7.67928314E+01  5.42974396E+01  8.16734467E+01  7.08150482E+01  2.88764706E+01  5.00706902E+01  5.00707779E+01
  38.85 -1.10934625E-03 -7.86064547E-04 -1.20612312E-03 -1.27656631E-03 -1.20211955E-03  7.67928314E+01  5.42974396E+01  8.16734467E+01  7.08150482E+01  2.88764706E+01  5.00706902E+01  5.00707779E+01
  39.10 -1.06730013E-03 -7.56377681E-04 -1.16040254E-03 -1.22832078E-03 -1.15668745E-03  7.67928314E+01  5.42974396E+01  8.16734467E+01  7.08150482E+01  2.88764706E+01  5.00706902E+01  5.00707779E+01
  39.35 -1.02711756E-03 -7.27991662E-04 -1.11670925E-03 -1.18219415E-03 -1.11325070E-03  7.67928314E+01  5.42974396E+01  8.16734467E+01  7.08150482E+01  2.88764706E+01  5.00706902E+01  5.00707779E+01
  39.60 -9.88702926E-04 -7.00841611E-04 -1.07493913E-03 -1.13808012E-03 -1.07170922E-03  7.67928314E+01  5.42974396E+01  8.16734467E+01  7.08150482E+01  2.88764706E+01  5.00706902E+01  5.00707779E+01
  39.85 -9.51966255E-04 -6.74866286E-04 -1.03499421E-03 -1.09587842E-03 -1.03196856E-03  7.67928314E+01  5.42974396E+01  8.16734467E+01  7.08150482E+01  2.88764706E+01  5.00706902E+01  5.00707779E+01
  40.10 -9.16822824E-04 -6.50007848E-04 -9.96782254E-04 -1.05549442E-03 -9.93939609E-04  7.67928314E+01  5.42974396E+01  8.16734467E+01  7.08150482E+01  2.88764706E+01  5.00706902E+01  5.00707779E+01
  40.35 -8.83192833E-04 -6.26211660E-04 -9.60216379E-04 -1.01683876E-03 -9.57538222E-04  7.67928314E+01  5.42974396E+01  8.16734467E+01  7.08150482E+01  2.88764706E+01  5.00706902E+01  5.00707779E+01
  40.60 -8.51001086E-04 -6.03426082E-04 -9.25214735E-04 -9.79827048E-04 -9.22684928E-04  7.67928314E+01  5.42974396E+01  8.16734467E+01  7.08150482E+01  2.88764706E+01  5.00706902E+01  5.00707779E+01
  40.85 -8.20176687E-04 -5.81602294E-04 -8.91700157E-04 -9.44379556E-04 -8.89304638E-04  7.67928314E+01  5.42974396E+01  8.16734467E+01  7.08150482E+01  2.88764706E+01  5.00706902E+01  5.00707779E+01
  41.10 -7.90652762E-04 -5.60694120E-04 -8.59599865E-04 -9.10420902E-04 -8.57326368E-04  7.67928314E+01  5.42974396E+01  8.16734467E+01  7.08150482E+01  2.88764706E+01  5.00706902E+01  5.00707779E+01
  41.35 -7.62366201E-04 -5.40657874E-04 -8.28845181E-04 -8.77879809E-04 -8.26682996E-04  7.67928314E+01  5.42974396E+01  8.16734467E+01  7.08150482E+01  2.88764706E+01  5.00706902E+01  5.00707779E+01
  41.60 -7.35257413E-04 -5.21452206E-04 -7.99371262E-04 -8.46688843E-04 -7.97311020E-04  7.67928314E+01  5.42974396E+01  8.16734467E+01  7.08150482E+01  2.88764706E+01  5.00706902E+01  5.00707779E+01
  41.85 -7.09270099E-04 -5.03037964E-04 -7.71116854E-04 -8.16784187E-04 -7.69150344E-04  7.67928314E+01  5.42974396E+01  8.16734467E+01  7.08150482E+01  2.88764706E+01  5.00706902E+01  5.00707779E+01
  42.10 -6.84351047E-04 -4.85378068E-04 -7.44024063E-04 -7.88105420E-04 -7.42144070E-04  7.67928314E+01  5.42974396E+01  8.16734467E+01  7.08150482E+01  2.88764706E+01  5.00706902E+01  5.00707779E+01
  42.35 -6.60449934E-04 -4.68437382E-04 -7.18038145E-04 -7.60595318E-04 -7.16238308E-04  7.67928314E+01  5.42974396E+01  8.16734467E+01  7.08150482E+01  2.88764706E+01  5.00706902E+01  5.00707779E+01
  42.60 -6.37519144E-04 -4.52182607E-04 -6.93107303E-04 -7.34199660E-04 -6.91382001E-04  7.67928314E+01  5.42974396E+01  8.16734467E+01  7.08150482E+01  2.88764706E+01  5.00706902E+01  5.00707779E+01
  42.85 -6.15513607E-04 -4.36582170E-04 -6.69182511E-04 -7.08867056E-04 -6.67526753E-04  7.67928314E+01  5.42974396E+01  8.16734467E+01  7.08150482E+01  2.88764706E+01  5.00706902E+01  5.00707779E+01
  43.10 -5.94390634E-04 -4.21606126E-04 -6.46217339E-04 -6.84548778E-04 -6.44626680E-04  7.67928314E+01  5.42974396E+01  8.16734467E+01  7.08150482E+01  2.88764706E+01  5.00706902E+01  5.00707779E+01
  43.35 -5.74109778E-04 -4.07226066E-04 -6.24167795E-04 -6.61198609E-04 -6.22638260E-04  7.67928314E+01  5.42974396E+01  8.16734467E+01  7.08150482E+01  2.88764706E+01  5.00706902E+01  5.00707779E+01
  43.60 -5.54632698E-04 -3.93415028E-04 -6.02992181E-04 -6.38772698E-04 -6.01520197E-04  7.67928314E+01  5.42974396E+01  8.16734467E+01  7.08150482E+01  2.88764706E+01  5.00706902E+01  5.00707779E+01
  43.85 -5.35923034E-04 -3.80147416E-04 -5.82650953E-04 -6.17229424E-04 -5.81233296E-04  7.67928314E+01  5.42974396E+01  8.16734467E+01  7.08150482E+01  2.88764706E+01  5.00706902E+01  5.00707779E+01
  44.10 -5.17946289E-04 -3.67398924E-04 -5.63106597E-04 -5.96529267E-04 -5.61740346E-04  7.67928314E+01  5.42974396E+01  8.16734467E+01  7.08150482E+01  2.88764706E+01  5.00706902E+01  5.00707779E+01
  44.35 -5.00669721E-04 -3.55146463E-04 -5.44323507E-04 -5.76634697E-04 -5.43006002E-04  7.67928314E+01  5.42974396E+01  8.16734467E+01  7.08150482E+01  2.88764706E+01  5.00706902E+01  5.00707779E+01
  44.60 -4.84062240E-04 -3.43368093E-04 -5.26267877E-04 -5.57510054E-04 -5.24996684E-04  7.67928314E+01  5.42974396E+01  8.16734467E+01  7.08150482E+01  2.88764706E+01  5.00706902E+01  5.00707779E+01
  44.85 -4.68094318E-04 -3.32042961E-04 -5.08907596E-04 -5.39121451E-04 -5.07680482E-04  7.67928314E+01  5.42974396E+01  8.16734467E+01  7.08150482E+01  2.88764706E+01  5.00706902E+01  5.00707779E+01
  45.10 -4.52737894E-04 -3.21151242E-04 -4.92212152E-04 -5.21436672E-04 -4.91027058E-04  7.67928314E+01  5.42974396E+01  8.16734467E+01  7.08150482E+01  2.88764706E+01  5.00706902E+01  5.00707779E+01
  45.35 -4.37966297E-04 -3.10674080E-04 -4.76152546E-04 -5.04425082E-04 -4.75007564E-04  7.67928314E+01  5.42974396E+01  8.16734467E+01  7.08150482E+01  2.88764706E+01  5.00706902E+01  5.00707779E+01
  45.60 -4.23754166E-04 -3.00593537E-04 -4.60701200E-04 -4.88057540E-04 -4.59594557E-04  7.67928314E+01  5.42974396E+01  8.16734467E+01  7.08150482E+01  2.88764706E+01  5.00706902E+01  5.00707779E+01
  45.85 -4.10077376E-04 -2.90892546E-04 -4.45831885E-04 -4.72306319E-04 -4.44761930E-04  7.67928314E+01  5.42974396E+01  8.16734467E+01  7.08150482E+01  2.88764706E+01  5.00706902E+01  5.00707779E+01
  46.10 -3.96912973E-04 -2.81554860E-04 -4.31519642E-04 -4.57145030E-04 -4.30484829E-04  7.67928314E+01  5.42974396E+01  8.16734467E+01  7.08150482E+01  2.88764706E+01  5.00706902E+01  5.00707779E+01
  46.35 -3.84239111E-04 -2.72565012E-04 -4.17740719E-04 -4.42548548E-04 -4.16739597E-04  7.67928314E+01  5.42974396E+01  8.16734467E+01  7.08150482E+01  2.88764706E+01  5.00706902E+01  5.00707779E+01
  46.60 -3.72034988E-04 -2.63908271E-04 -4.04472498E-04 -4.28492948E-04 -4.03503705E-04  7.67928314E+01  5.42974396E+01  8.16734467E+01  7.08150482E+01  2.88764706E+01  5.00706902E+01  5.00707779E+01
  46.85 -3.60280795E-04 -2.55570604E-04 -3.91693442E-04 -4.14955441E-04 -3.90755690E-04  7.67928314E+01  5.42974396E+01  8.16734467E+01  7.08150482E+01  2.88764706E+01  5.00706902E+01  5.00707779E+01
  47.10 -3.48957659E-04 -2.47538642E-04 -3.79383031E-04 -4.01914311E-04 -3.78475104E-04  7.67928314E+01  5.42974396E+01  8.16734467E+01  7.08150482E+01  2.88764706E+01  5.00706902E+01  5.00707779E+01
  47.35 -3.38047595E-04 -2.39799639E-04 -3.67521712E-04 -3.89348863E-04 -3.66642459E-04  7.67928314E+01  5.42974396E+01  8.16734467E+01  7.08150482E+01  2.88764706E+01  5.00706902E+01  5.00707779E+01
  47.60 -3.27533463E-04 -2.32341448E-04 -3.56090848E-04 -3.77239369E-04 -3.55239177E-04  7.67928314E+01  5.42974396E+01  8.16734467E+01  7.08150482E+01  2.88764706E+01  5.00706902E+01  5.00707779E+01
  47.85 -3.17398916E-04 -2.25152483E-04 -3.45072669E-04 -3.65567014E-04 -3.44247541E-04  7.67928314E+01  5.42974396E+01  8.16734467E+01  7.08150482E+01  2.88764706E+01  5.00706902E+01  5.00707779E+01
  48.10 -3.07628368E-04 -2.18221694E-04 -3.34450227E-04 -3.54313855E-04 -3.33650654E-04  7.67928314E+01  5.42974396E+01  8.16734467E+01  7.08150482E+01  2.88764706E+01  5.00706902E+01  5.00707779E+01
  48.35 -2.98206948E-04 -2.11538539E-04 -3.24207354E-04 -3.43462774E-04 -3.23432396E-04  7.67928314E+01  5.42974396E+01  8.16734467E+01  7.08150482E+01  2.88764706E+01  5.00706902E+01  5.00707779E+01
  48.60 -2.89120466E-04 -2.05092957E-04 -3.14328625E-04 -3.32997433E-04 -3.13577382E-04  7.67928314E+01  5.42974396E+01  8.16734467E+01  7.08150482E+01  2.88764706E+01  5.00706902E+01  5.00707779E+01
  48.85 -2.80355380E-04 -1.98875346E-04 -3.04799314E-04 -3.22902240E-04 -3.04070930E-04  7.67928314E+01  5.42974396E+01  8.16734467E+01  7.08150482E+01  2.88764706E+01  5.00706902E+01  5.00707779E+01
  49.10 -2.71898759E-04 -1.92876536E-04 -2.95605365E-04 -3.13162307E-04 -2.94899019E-04  7.67928314E+01  5.42974396E+01  8.16734467E+01  7.08150482E+01  2.88764706E+01  5.00706902E+01  5.00707779E+01
  49.35 -2.63738258E-04 -1.87087772E-04 -2.86733354E-04 -3.03763417E-04 -2.86048263E-04  7.67928314E+01  5.42974396E+01  8.16734467E+01  7.08150482E+01  2.88764706E+01  5.00706902E+01  5.00707779E+01
  49.60 -2.55862082E-04 -1.81500691E-04 -2.78170459E-04 -2.94691990E-04 -2.77505872E-04  7.67928314E+01  5.42974396E+01  8.16734467E+01  7.08150482E+01  2.88764706E+01  5.00706902E+01  5.00707779E+01
  49.85 -2.48258965E-04 -1.76107301E-04 -2.69904431E-04 -2.85935052E-04 -2.69259629E-04  7.67928314E+01  5.42974396E+01  8.16734467E+01  7.08150482E+01  2.88764706E+01  5.00706902E+01  5.00707779E+01
  50.10 -2.40918139E-04 -1.70899968E-04 -2.61923565E-04 -2.77480204E-04 -2.61297858E-04  7.67928314E+01  5.42974396E+01  8.16734467E+01  7.08150482E+01  2.88764706E+01  5.00706902E+01  5.00707779E+01
  50.35 -2.33829314E-04 -1.65871390E-04 -2.54216670E-04 -2.69315592E-04 -2.53609398E-04  7.67928314E+01  5.42974396E+01  8.16734467E+01  7.08150482E+01  2.88764706E+01  5.00706902E+01  5.00707779E+01
  50.60 -2.26982650E-04 -1.61014590E-04 -2.46773051E-04 -2.61429888E-04 -2.46183579E-04  7.67928314E+01  5.42974396E+01  8.16734467E+01  7.08150482E+01  2.88764706E+01  5.00706902E+01  5.00707779E+01
  50.85 -2.20368738E-04 -1.56322894E-04 -2.39582478E-04 -2.53812254E-04 -2.39010197E-04  7.67928314E+01  5.42974396E+01  8.16734467E+01  7.08150482E+01  2.88764706E+01  5.00706902E+01  5.00707779E+01
  51.10 -2.13978579E-04 -1.51789919E-04 -2.32635166E-04 -2.46452326E-04 -2.32079493E-04  7.67928314E+01  5.42974396E+01  8.16734467E+01  7.08150482E+01  2.88764706E+01  5.00706902E+01  5.00707779E+01
  51.35 -2.07803562E-04 -1.47409557E-04 -2.25921755E-04 -2.39340189E-04 -2.25382127E-04  7.67928314E+01  5.42974396E+01  8.16734467E+01  7.08150482E+01  2.88764706E+01  5.00706902E+01  5.00707779E+01
  51.60 -2.01835449E-04 -1.43175964E-04 -2.19433287E-04 -2.32466353E-04 -2.18909166E-04  7.67928314E+01  5.42974396E+01  8.16734467E+01  7.08150482E+01  2.88764706E+01  5.00706902E+01  5.00707779E+01
  51.85 -1.96066355E-04 -1.39083548E-04 -2.13161191E-04 -2.25821737E-04 -2.12652057E-04  7.67928314E+01  5.42974396E+01  8.16734467E+01  7.08150482E+01  2.88764706E+01  5.00706902E+01  5.00707779E+01
  52.10 -1.90488729E-04 -1.35126954E-04 -2.07097257E-04 -2.19397647E-04 -2.06602613E-04  7.67928314E+01  5.42974396E+01  8.16734467E+01  7.08150482E+01  2.88764706E+01  5.00706902E+01  5.00707779E+01
  52.35 -1.85095345E-04 -1.31301053E-04 -2.01233629E-04 -2.13185757E-04 -2.00752994E-04  7.67928314E+01  5.42974396E+01  8.16734467E+01  7.08150482E+01  2.88764706E+01  5.00706902E+01  5.00707779E+01
  52.60 -1.79879279E-04 -1.27600936E-04 -1.95562779E-04 -2.07178095E-04 -1.95095692E-04  7.67928314E+01  5.42974396E+01  8.16734467E+01  7.08150482E+01  2.88764706E+01  5.00706902E+01  5.00707779E+01
