   3.50  3.31642227E+04  1.12196804E+04 -9.18537406E+02 -6.98556869E+02  4.36514140E+03  7.92527657E+03  7.17203217E+02  9.44532103E+03  3.40568902E+03  6.97234653E+02  1.29365092E+03  1.40196664E+03
   4.00  1.35643008E+04  4.21550080E+03 -4.41692516E+02 -2.43802325E+02  1.58844428E+03  3.33901882E+03  2.54059440E+02  4.08311983E+03  1.37479134E+03  2.33794763E+02  6.63854389E+02  5.14865600E+02
   4.50  5.21873435E+03  1.49475112E+03 -2.00802701E+02 -8.98952266E+01  5.39168616E+02  1.34735763E+03  9.01227720E+01  1.72993829E+03  5.55519655E+02  8.43154487E+01  3.16228058E+02  1.98009186E+02
   5.00  1.86298336E+03  4.86579834E+02 -8.70781281E+01 -3.30490068E+01  1.62637443E+02  5.19901509E+02  3.06582463E+01  7.16934752E+02  2.19113947E+02  3.04533481E+01  1.42681113E+02  7.63121121E+01
   5.50  5.84262125E+02  1.37660603E+02 -3.63034597E+01 -1.19183913E+01  3.92299971E+01  1.91138562E+02  9.72819281E+00  2.88877370E+02  8.37639289E+01  1.07838855E+01  6.18032110E+01  2.90385507E+01
   6.00  1.28896616E+02  2.79796527E+01 -1.45536667E+01 -4.17164190E+00  4.08450776E+00  6.60547828E+01  2.75325812E+00  1.11797639E+02  3.08198171E+01  3.69538726E+00  2.58550666E+01  1.08113506E+01
   6.50 -1.55147156E+01 -1.21841840E+00 -5.56684624E+00 -1.40023597E+00 -3.34525951E+00  2.06580163E+01  6.14395042E-01  4.04792294E+01  1.07663228E+01  1.20738810E+00  1.04480884E+01  3.90339931E+00
   7.00 -4.96190905E+01 -6.14335447E+00 -1.98805355E+00 -4.42456233E-01 -3.42605126E+00  5.15139408E+00  4.32734913E-02  1.27970318E+01  3.44886133E+00  3.66629287E-01  4.04889719E+00  1.34586791E+00
   7.50 -4.85490792E+01 -5.09261441E+00 -6.23909490E-01 -1.25210819E-01 -2.24105032E+00  3.58761584E-01 -6.69535414E-02  2.67100301E+00  9.10990649E-01  9.55622007E-02  1.47457353E+00  4.26538864E-01
   8.00 -3.88408980E+01 -3.32256488E+00 -1.36423682E-01 -2.57931737E-02 -1.26309819E+00 -8.20338813E-01 -6.23895296E-02 -6.29015838E-01  1.03767939E-01  1.46169170E-02  4.77621570E-01  1.10750598E-01
   8.50 -2.89742062E+01 -1.99898938E+00  1.83161610E-02  1.94426223E-03 -6.64897545E-01 -8.98640691E-01 -4.06001533E-02 -1.41495676E+00 -1.08295390E-01 -5.70514556E-03  1.12939043E-01  1.11712485E-02
   9.00 -2.10789773E+01 -1.17704257E+00  5.56880824E-02  7.04756018E-03 -3.37795146E-01 -7.11029746E-01 -2.40803198E-02 -1.36642310E+00 -1.32321999E-01 -8.20922301E-03 -6.31934418E-03 -1.45336360E-02
   9.50 -1.52607663E+01 -6.96802085E-01  5.37264928E-02  6.20787096E-03 -1.64921376E-01 -5.09984667E-01 -1.36905697E-02 -1.10273684E+00 -1.07592097E-01 -6.60116543E-03 -3.61229571E-02 -1.69128577E-02
  10.00 -1.11025468E+01 -4.22228757E-01  4.20333415E-02  4.39093660E-03 -7.58050840E-02 -3.52915580E-01 -7.63020329E-03 -8.32815498E-01 -7.74967709E-02 -4.52808153E-03 -3.60006709E-02 -1.32839554E-02
  10.50 -8.14982316E+00 -2.62713311E-01  3.04455142E-02  2.84542516E-03 -3.04872000E-02 -2.41813247E-01 -4.20065256E-03 -6.13599386E-01 -5.33601928E-02 -2.84631312E-03 -2.84877705E-02 -9.26451149E-03
  11.00 -6.06348597E+00 -1.71256226E-01  2.10513380E-02  1.73169000E-03 -1.01200163E-02 -1.66305219E-01 -2.37658310E-03 -4.47110072E-01 -3.58995185E-02 -1.65490219E-03 -2.00485452E-02 -6.01412203E-03
  11.50 -4.56225155E+00 -1.14913059E-01  1.44759482E-02  1.03526252E-03 -1.87899441E-03 -1.15466404E-01 -1.40913109E-03 -3.26124737E-01 -2.41285315E-02 -9.25901037E-04 -1.36280941E-02 -3.85040940E-03
  12.00 -3.47925515E+00 -7.96225270E-02  1.01058730E-02  6.36179344E-04  1.05449638E-04 -8.16683801E-02 -9.04532048E-04 -2.39983158E-01 -1.65068658E-02 -5.30047132E-04 -9.24490140E-03 -2.52676258E-03
  12.50 -2.68606915E+00 -5.68991145E-02  7.11052380E-03  4.04258812E-04 -5.08227334E-04 -5.86835179E-02 -5.98979889E-04 -1.77947996E-01 -1.14887547E-02 -3.23412154E-04 -6.23948910E-03 -1.69141115E-03
  13.00 -2.09357714E+00 -4.16905264E-02  5.03060341E-03  2.73927131E-04 -1.95151592E-03 -4.26038808E-02 -3.93437910E-04 -1.32454607E-01 -8.06347102E-03 -2.04835987E-04 -4.16802821E-03 -1.13647482E-03
  13.50 -1.63408845E+00 -3.04172140E-02  3.54562275E-03  2.02579592E-04 -3.14472674E-03 -3.05642660E-02 -2.39348594E-04 -9.75702463E-02 -5.48701788E-03 -1.00546612E-04 -2.69404258E-03 -7.17403563E-04
  14.00 -1.28528194E+00 -2.19891624E-02  2.52170683E-03  1.74701559E-04 -3.88475992E-03 -2.15834135E-02 -1.25195599E-04 -7.08604397E-02 -3.55029888E-03 -3.20224975E-06 -1.69439380E-03 -3.98969310E-04
  14.50 -1.03583364E+00 -1.58304201E-02  1.85329699E-03  1.76896264E-04 -4.11882930E-03 -1.50668290E-02 -4.96275875E-05 -5.04967086E-02 -2.17672269E-03  7.40189205E-05 -1.09046066E-03 -1.76180198E-04
  15.00 -8.68661959E-01 -1.11951177E-02  1.39681574E-03  1.84472900E-04 -3.71422870E-03 -1.02940481E-02 -1.14368773E-05 -3.44143577E-02 -1.28312140E-03  1.11836364E-04 -7.72778801E-04 -4.76198299E-05
  15.50 -7.50250985E-01 -7.36536393E-03  9.96409705E-04  1.65548541E-04 -2.67906319E-03 -6.58006842E-03 -2.90421615E-06 -2.12207002E-02 -7.51687707E-04  9.89286822E-05 -5.83807087E-04 -1.58248049E-06
  16.00 -6.42135973E-01 -4.21080635E-03  6.08287380E-04  1.15150742E-04 -1.48103163E-03 -3.70452725E-03 -5.53093426E-06 -1.12886328E-02 -4.30399820E-04  5.86131812E-05 -3.99441486E-04  1.35672506E-06
  16.50 -5.36355279E-01 -2.08330507E-03  3.12925323E-04  6.36592839E-05 -6.56550945E-04 -1.82605174E-03 -6.31267868E-06 -5.26251818E-03 -2.28911253E-04  2.54753903E-05 -2.29041310E-04 -2.30376320E-06
  17.00 -4.43615723E-01 -9.28380633E-04  1.41826647E-04  3.03164862E-05 -2.53344334E-04 -8.15159438E-04 -4.55410211E-06 -2.24965774E-03 -1.10865408E-04  8.80540779E-06 -1.13240368E-04 -2.61294600E-06
  17.50 -3.68369103E-01 -3.83771204E-04  5.87320209E-05  1.32066318E-05 -8.97510901E-05 -3.37726408E-04 -2.56864870E-06 -9.04912771E-04 -4.90402370E-05  2.41526153E-06 -5.02826680E-05 -1.45831074E-06
  18.00 -3.08496806E-01 -1.48222145E-04  2.24707735E-05  5.41868706E-06 -2.96697314E-05 -1.30378964E-04 -1.24726916E-06 -3.43011148E-04 -1.98195090E-05  4.01928282E-07 -2.04574693E-05 -5.09296391E-07
  18.50 -2.60491295E-01 -5.28849462E-05  7.84855762E-06  2.11612797E-06 -9.02999077E-06 -4.62207398E-05 -5.43250990E-07 -1.20481198E-04 -7.21061508E-06 -9.03457323E-08 -7.62115862E-06 -4.68837364E-08
  19.00 -2.21452488E-01 -1.68063604E-05  2.38989780E-06  7.86575382E-07 -2.39400592E-06 -1.44035135E-05 -2.14914784E-07 -3.75468336E-05 -2.24617654E-06 -1.41216913E-07 -2.53630508E-06  1.01588418E-07
  19.50 -1.89299380E-01 -4.26165976E-06  5.40635873E-07  2.75917600E-07 -4.49781697E-07 -3.42911471E-06 -7.64510784E-08 -9.11624050E-06 -4.97480065E-07 -9.88805178E-08 -6.95271857E-07  1.12842338E-07
  20.00 -1.62559424E-01 -4.38728426E-07  5.98820289E-09  8.94043832E-08  2.79632376E-08 -1.64721816E-07 -2.33187368E-08 -6.31159558E-07  1.91980428E-08 -5.62199305E-08 -1.06333961E-07  8.35596723E-08
  20.50 -1.40160349E-01  4.36995141E-07 -9.80622816E-08  2.53854053E-08  9.51027952E-08  5.20581018E-07 -5.08222826E-09  1.20399979E-06  1.17007879E-07 -2.89083592E-08  4.26357340E-08  5.24227404E-08
  21.00 -1.21292290E-01  4.58477262E-07 -8.52782089E-08  5.29749707E-09  7.15257684E-08  4.80762264E-07  1.68175701E-10  1.15656915E-06  9.86665247E-08 -1.39936402E-08  5.70839810E-08  2.99017335E-08
  21.50 -1.05324798E-01  3.10503933E-07 -5.45715507E-08 -6.70668935E-11  4.18351718E-08  3.14742408E-07  1.13074767E-09  7.65545404E-07  6.31139516E-08 -6.50301901E-09  4.09387390E-08  1.60071027E-08
  22.00 -9.17566735E-02  1.79686698E-07 -3.06948824E-08 -9.82401277E-10  2.19089859E-08  1.79455257E-07  9.42347805E-10  4.38703107E-07  3.57053876E-08 -2.93365095E-09  2.43277953E-08  8.18363383E-09
  22.50 -8.01840098E-02  9.55805826E-08 -1.60422804E-08 -8.01130107E-10  1.07711919E-08  9.47053957E-08  5.95079136E-10  2.32204607E-07  1.87980581E-08 -1.29372494E-09  1.31433437E-08  4.03913037E-09
  23.00 -7.02783884E-02  4.81798544E-08 -7.98780378E-09 -4.91539882E-10  5.08101018E-09  4.75158533E-08  3.32578508E-10  1.16734918E-07  9.43037970E-09 -5.60342592E-10  6.69356090E-09  1.93856296E-09
