        10                  30          2.12047664              -0.075
       9.7                  30          2.12047664              -0.085
       9.4                  30          2.12047664              -0.095
       9.1                  30          2.12047664               -0.03
         9                  30          2.12047664               -0.02
       8.9                  30          2.12047664                0.03
       8.8                  30          2.12047664                0.07
       8.7                  30          2.12047664               0.145
       8.6                  30          2.12047664               0.225
       8.5                  30          2.12047664               0.335
       8.4                  30          2.12047664               0.445
       8.3                  30          2.12047664               0.635
       8.1                  30          2.12047664                1.12
         8                  30          2.12047664               1.455
       7.9                  30          2.12047664                1.89
       7.8                  30          2.12047664               2.425
       7.7                  30          2.12047664               3.085
       7.6                  30          2.12047664               3.875
       7.5                  30          2.12047664               4.845
       7.4                  30          2.12047664               6.075
       7.3                  30          2.12047664                7.55
       7.2                  30          2.12047664               9.395
       7.1                  30          2.12047664               11.62
         7                  30          2.12047664              14.395
       6.9                  30          2.12047664              17.705
       6.8                  30          2.12047664              21.875
       6.7                  30          2.12047664               26.99
       6.6                  30          2.12047664               33.25
       6.5                  30          2.12047664               40.91
       6.4                  30          2.12047664               50.28
       6.3                  30          2.12047664              61.795
       6.2                  30          2.12047664               76.06
       6.1                  30          2.12047664               93.57
         6                  30          2.12047664              115.17
       5.9                  30          2.12047664              142.01
       5.8                  30          2.12047664             175.145
       5.7                  30          2.12047664             216.585
       5.6                  30          2.12047664               269.1
       5.5                  30          2.12047664              336.14
        10                  60          2.12047664                -0.2
       9.7                  60          2.12047664              -0.245
       9.4                  60          2.12047664              -0.225
       9.1                  60          2.12047664               -0.13
         9                  60          2.12047664                -0.1
       8.9                  60          2.12047664              -0.045
       8.8                  60          2.12047664               0.075
       8.7                  60          2.12047664                0.22
       8.6                  60          2.12047664                0.39
       8.5                  60          2.12047664                0.59
       8.4                  60          2.12047664               0.835
       8.3                  60          2.12047664                1.18
       8.1                  60          2.12047664               2.055
         8                  60          2.12047664               2.695
       7.9                  60          2.12047664                 1.3
       7.8                  60          2.12047664               4.485
       7.7                  60          2.12047664                5.75
       7.6                  60          2.12047664                 7.3
       7.5                  60          2.12047664               9.035
       7.4                  60          2.12047664              11.285
       7.3                  60          2.12047664               14.22
       7.2                  60          2.12047664              17.545
       7.1                  60          2.12047664               21.51
         7                  60          2.12047664              26.925
       6.9                  60          2.12047664              33.165
       6.8                  60          2.12047664               40.19
       6.7                  60          2.12047664               49.55
       6.6                  60          2.12047664              60.415
       6.5                  60          2.12047664               74.09
       6.4                  60          2.12047664               90.45
       6.3                  60          2.12047664               110.2
       6.2                  60          2.12047664             134.245
       6.1                  60          2.12047664              163.16
         6                  60          2.12047664              198.33
       5.9                  60          2.12047664             240.775
       5.8                  60          2.12047664             292.385
       5.7                  60          2.12047664             354.655
       5.6                  60          2.12047664              429.88
       5.5                  60          2.12047664             520.665
        10                  90          2.12047664               -2.75
       9.7                  90          2.12047664              -3.035
       9.4                  90          2.12047664              -3.325
       9.1                  90          2.12047664              -3.575
         9                  90          2.12047664               -3.63
       8.9                  90          2.12047664              -3.695
       8.8                  90          2.12047664                -3.7
       8.7                  90          2.12047664                -3.7
       8.6                  90          2.12047664              -3.675
       8.5                  90          2.12047664              -3.595
       8.4                  90          2.12047664              -3.475
       8.3                  90          2.12047664              -3.275
       8.1                  90          2.12047664               -2.61
         8                  90          2.12047664              -2.065
       7.9                  90          2.12047664                -1.4
       7.8                  90          2.12047664               -0.53
       7.7                  90          2.12047664                0.59
       7.6                  90          2.12047664               1.985
       7.5                  90          2.12047664               3.755
       7.4                  90          2.12047664                5.94
       7.3                  90          2.12047664               8.615
       7.2                  90          2.12047664               11.96
       7.1                  90          2.12047664              16.015
         7                  90          2.12047664               21.02
       6.9                  90          2.12047664               27.09
       6.8                  90          2.12047664              34.505
       6.7                  90          2.12047664              43.475
       6.6                  90          2.12047664                54.4
       6.5                  90          2.12047664               67.66
       6.4                  90          2.12047664               83.63
       6.3                  90          2.12047664              102.85
       6.2                  90          2.12047664              126.08
       6.1                  90          2.12047664             153.905
         6                  90          2.12047664              187.36
       5.9                  90          2.12047664             227.465
       5.8                  90          2.12047664              275.53
       5.7                  90          2.12047664             332.875
       5.6                  90          2.12047664             401.205
       5.5                  90          2.12047664              482.48
        10                 120          2.12047664               -0.19
       9.7                 120          2.12047664              -0.175
       9.4                 120          2.12047664               -0.15
       9.1                 120          2.12047664               -0.07
         9                 120          2.12047664               -0.01
       8.9                 120          2.12047664               0.065
       8.8                 120          2.12047664               0.185
       8.7                 120          2.12047664                0.31
       8.6                 120          2.12047664               0.465
       8.5                 120          2.12047664                0.65
       8.4                 120          2.12047664                0.89
       8.3                 120          2.12047664               1.265
       8.1                 120          2.12047664                2.17
         8                 120          2.12047664               2.785
       7.9                 120          2.12047664               3.545
       7.8                 120          2.12047664               4.495
       7.7                 120          2.12047664                5.65
       7.6                 120          2.12047664               7.065
       7.5                 120          2.12047664               8.815
       7.4                 120          2.12047664               10.96
       7.3                 120          2.12047664              13.545
       7.2                 120          2.12047664              16.765
       7.1                 120          2.12047664               20.67
         7                 120          2.12047664              25.355
       6.9                 120          2.12047664              31.125
       6.8                 120          2.12047664              38.155
       6.7                 120          2.12047664               46.53
       6.6                 120          2.12047664              56.835
       6.5                 120          2.12047664               69.18
       6.4                 120          2.12047664              84.005
       6.3                 120          2.12047664              101.93
       6.2                 120          2.12047664              123.39
       6.1                 120          2.12047664              149.13
         6                 120          2.12047664             179.835
       5.9                 120          2.12047664             216.455
       5.8                 120          2.12047664              260.02
       5.7                 120          2.12047664              311.41
       5.6                 120          2.12047664              372.14
       5.5                 120          2.12047664              443.47
        10                 150          2.12047664               -0.12
       9.7                 150          2.12047664               -0.12
       9.4                 150          2.12047664               -0.14
       9.1                 150          2.12047664               -0.09
         9                 150          2.12047664              -0.075
       8.9                 150          2.12047664              -0.055
       8.8                 150          2.12047664               -0.03
       8.7                 150          2.12047664               0.045
       8.6                 150          2.12047664               0.095
       8.5                 150          2.12047664                0.19
       8.4                 150          2.12047664               0.275
       8.3                 150          2.12047664                 0.4
       8.1                 150          2.12047664               0.775
         8                 150          2.12047664               1.025
       7.9                 150          2.12047664               1.355
       7.8                 150          2.12047664               1.755
       7.7                 150          2.12047664               2.295
       7.6                 150          2.12047664               2.915
       7.5                 150          2.12047664               3.725
       7.4                 150          2.12047664                4.71
       7.3                 150          2.12047664               5.915
       7.2                 150          2.12047664                7.41
       7.1                 150          2.12047664               9.245
         7                 150          2.12047664              11.515
       6.9                 150          2.12047664               14.26
       6.8                 150          2.12047664               17.75
       6.7                 150          2.12047664               21.74
       6.6                 150          2.12047664                26.7
       6.5                 150          2.12047664              32.675
       6.4                 150          2.12047664              39.785
       6.3                 150          2.12047664                48.2
       6.2                 150          2.12047664               58.09
       6.1                 150          2.12047664               69.41
         6                 150          2.12047664              82.195
       5.9                 150          2.12047664              96.215
       5.8                 150          2.12047664              130.01
       5.7                 150          2.12047664            155.7025
       5.6                 150          2.12047664              186.07
       5.5                 150          2.12047664             221.735
        10                  30          2.22047664               -0.11
       9.7                  30          2.22047664               -0.07
       9.4                  30          2.22047664              -0.105
       9.1                  30          2.22047664              -0.055
         9                  30          2.22047664               -0.03
       8.9                  30          2.22047664                   0
       8.8                  30          2.22047664               0.055
       8.7                  30          2.22047664               0.095
       8.6                  30          2.22047664               0.195
       8.5                  30          2.22047664                 0.3
       8.4                  30          2.22047664                0.46
       8.3                  30          2.22047664               0.635
       8.1                  30          2.22047664               1.225
         8                  30          2.22047664                1.54
       7.9                  30          2.22047664                1.99
       7.8                  30          2.22047664               2.545
       7.7                  30          2.22047664                3.27
       7.6                  30          2.22047664                4.17
       7.5                  30          2.22047664                5.21
       7.4                  30          2.22047664               6.555
       7.3                  30          2.22047664                8.17
       7.2                  30          2.22047664              10.125
       7.1                  30          2.22047664              12.545
         7                  30          2.22047664               15.52
       6.9                  30          2.22047664              19.145
       6.8                  30          2.22047664               23.59
       6.7                  30          2.22047664               28.94
       6.6                  30          2.22047664              35.585
       6.5                  30          2.22047664              43.655
       6.4                  30          2.22047664              53.475
       6.3                  30          2.22047664              65.475
       6.2                  30          2.22047664               80.17
       6.1                  30          2.22047664              98.005
         6                  30          2.22047664              119.83
       5.9                  30          2.22047664             146.395
       5.8                  30          2.22047664              178.74
       5.7                  30          2.22047664             218.365
       5.6                  30          2.22047664             266.785
       5.5                  30          2.22047664             325.835
        10                  60          2.22047664               -0.32
       9.7                  60          2.22047664              -0.325
       9.4                  60          2.22047664              -0.315
       9.1                  60          2.22047664              -0.275
         9                  60          2.22047664              -0.225
       8.9                  60          2.22047664              -0.125
       8.8                  60          2.22047664               -0.07
       8.7                  60          2.22047664                0.05
       8.6                  60          2.22047664               0.215
       8.5                  60          2.22047664               0.485
       8.4                  60          2.22047664               0.745
       8.3                  60          2.22047664               1.075
       8.1                  60          2.22047664                1.99
         8                  60          2.22047664               2.675
       7.9                  60          2.22047664               3.545
       7.8                  60          2.22047664               4.555
       7.7                  60          2.22047664               5.825
       7.6                  60          2.22047664                7.41
       7.5                  60          2.22047664               9.235
       7.4                  60          2.22047664               11.65
       7.3                  60          2.22047664               14.54
       7.2                  60          2.22047664               18.08
       7.1                  60          2.22047664              22.415
         7                  60          2.22047664              27.675
       6.9                  60          2.22047664               34.02
       6.8                  60          2.22047664              41.745
       6.7                  60          2.22047664               51.14
       6.6                  60          2.22047664              62.545
       6.5                  60          2.22047664              76.335
       6.4                  60          2.22047664              93.055
       6.3                  60          2.22047664              113.18
       6.2                  60          2.22047664             137.605
       6.1                  60          2.22047664              166.95
         6                  60          2.22047664             202.435
       5.9                  60          2.22047664             245.145
       5.8                  60          2.22047664             296.445
       5.7                  60          2.22047664             358.155
       5.6                  60          2.22047664             432.185
       5.5                  60          2.22047664               520.9
        10                  90          2.22047664               -2.89
       9.7                  90          2.22047664              -3.205
       9.4                  90          2.22047664              -3.515
       9.1                  90          2.22047664               -3.77
         9                  90          2.22047664               -3.84
       8.9                  90          2.22047664               -3.89
       8.8                  90          2.22047664              -3.915
       8.7                  90          2.22047664               -3.89
       8.6                  90          2.22047664              -3.895
       8.5                  90          2.22047664              -3.805
       8.4                  90          2.22047664              -3.675
       8.3                  90          2.22047664              -3.445
       8.1                  90          2.22047664              -2.775
         8                  90          2.22047664              -2.225
       7.9                  90          2.22047664               -1.54
       7.8                  90          2.22047664              -0.625
       7.7                  90          2.22047664                0.53
       7.6                  90          2.22047664               1.985
       7.5                  90          2.22047664                 3.8
       7.4                  90          2.22047664                6.02
       7.3                  90          2.22047664               8.825
       7.2                  90          2.22047664               12.24
       7.1                  90          2.22047664               16.42
         7                  90          2.22047664              21.545
       6.9                  90          2.22047664              27.795
       6.8                  90          2.22047664              35.345
       6.7                  90          2.22047664               44.55
       6.6                  90          2.22047664              55.665
       6.5                  90          2.22047664               69.09
       6.4                  90          2.22047664               85.28
       6.3                  90          2.22047664             104.765
       6.2                  90          2.22047664              128.16
       6.1                  90          2.22047664              156.21
         6                  90          2.22047664             189.805
       5.9                  90          2.22047664             229.945
       5.8                  90          2.22047664              277.87
       5.7                  90          2.22047664             334.865
       5.6                  90          2.22047664             402.585
       5.5                  90          2.22047664             482.855
        10                 120          2.22047664               -0.25
       9.7                 120          2.22047664               -0.23
       9.4                 120          2.22047664              -0.235
       9.1                 120          2.22047664              -0.095
         9                 120          2.22047664              -0.015
       8.9                 120          2.22047664                0.08
       8.8                 120          2.22047664               0.155
       8.7                 120          2.22047664                0.29
       8.6                 120          2.22047664                0.45
       8.5                 120          2.22047664               0.645
       8.4                 120          2.22047664               0.945
       8.3                 120          2.22047664               1.285
       8.1                 120          2.22047664                2.32
         8                 120          2.22047664               2.945
       7.9                 120          2.22047664               3.835
       7.8                 120          2.22047664                4.85
       7.7                 120          2.22047664               6.115
       7.6                 120          2.22047664                7.67
       7.5                 120          2.22047664               9.595
       7.4                 120          2.22047664               11.93
       7.3                 120          2.22047664               14.77
       7.2                 120          2.22047664               18.22
       7.1                 120          2.22047664              22.395
         7                 120          2.22047664              27.515
       6.9                 120          2.22047664               33.63
       6.8                 120          2.22047664               41.14
       6.7                 120          2.22047664              50.115
       6.6                 120          2.22047664               61.01
       6.5                 120          2.22047664               74.15
       6.4                 120          2.22047664               89.81
       6.3                 120          2.22047664             108.675
       6.2                 120          2.22047664              131.17
       6.1                 120          2.22047664              158.03
         6                 120          2.22047664             189.925
       5.9                 120          2.22047664              227.86
       5.8                 120          2.22047664              272.55
       5.7                 120          2.22047664              325.06
       5.6                 120          2.22047664              386.58
       5.5                 120          2.22047664              458.19
        10                 150          2.22047664               -0.09
       9.7                 150          2.22047664               -0.13
       9.4                 150          2.22047664              -0.125
       9.1                 150          2.22047664              -0.115
         9                 150          2.22047664              -0.125
       8.9                 150          2.22047664              -0.045
       8.8                 150          2.22047664               0.035
       8.7                 150          2.22047664                0.06
       8.6                 150          2.22047664                0.21
       8.5                 150          2.22047664                0.26
       8.4                 150          2.22047664                0.38
       8.3                 150          2.22047664               0.475
       8.1                 150          2.22047664                0.97
         8                 150          2.22047664                 1.3
       7.9                 150          2.22047664                1.67
       7.8                 150          2.22047664                2.14
       7.7                 150          2.22047664               2.765
       7.6                 150          2.22047664                3.51
       7.5                 150          2.22047664                4.43
       7.4                 150          2.22047664               5.585
       7.3                 150          2.22047664                6.99
       7.2                 150          2.22047664                8.73
       7.1                 150          2.22047664              10.845
         7                 150          2.22047664              13.465
       6.9                 150          2.22047664               16.57
       6.8                 150          2.22047664               20.49
       6.7                 150          2.22047664              25.045
       6.6                 150          2.22047664               30.71
       6.5                 150          2.22047664               37.51
       6.4                 150          2.22047664              45.615
       6.3                 150          2.22047664               55.21
       6.2                 150          2.22047664               66.47
       6.1                 150          2.22047664               79.73
         6                 150          2.22047664               95.19
       5.9                 150          2.22047664              112.86
       5.8                 150          2.22047664             132.955
       5.7                 150          2.22047664             155.815
       5.6                 150          2.22047664             181.765
       5.5                 150          2.22047664               212.9
        10                  30          2.32047664              -0.135
       9.7                  30          2.32047664              -0.145
       9.4                  30          2.32047664               -0.15
       9.1                  30          2.32047664               -0.12
         9                  30          2.32047664              -0.105
       8.9                  30          2.32047664              -0.085
       8.8                  30          2.32047664               0.035
       8.7                  30          2.32047664               0.145
       8.6                  30          2.32047664                0.17
       8.5                  30          2.32047664                0.27
       8.4                  30          2.32047664                0.43
       8.3                  30          2.32047664                0.64
       8.1                  30          2.32047664               1.235
         8                  30          2.32047664                1.68
       7.9                  30          2.32047664               2.135
       7.8                  30          2.32047664               2.775
       7.7                  30          2.32047664               3.495
       7.6                  30          2.32047664                4.45
       7.5                  30          2.32047664                5.62
       7.4                  30          2.32047664                7.07
       7.3                  30          2.32047664                 8.8
       7.2                  30          2.32047664              10.935
       7.1                  30          2.32047664              13.555
         7                  30          2.32047664              16.755
       6.9                  30          2.32047664               20.61
       6.8                  30          2.32047664               25.31
       6.7                  30          2.32047664               31.04
       6.6                  30          2.32047664              38.015
       6.5                  30          2.32047664              46.465
       6.4                  30          2.32047664              56.645
       6.3                  30          2.32047664              69.045
       6.2                  30          2.32047664              83.985
       6.1                  30          2.32047664             101.955
         6                  30          2.32047664              123.71
       5.9                  30          2.32047664             149.825
       5.8                  30          2.32047664                 181
       5.7                  30          2.32047664             218.335
       5.6                  30          2.32047664               262.7
       5.5                  30          2.32047664              315.33
        10                  60          2.32047664              -0.365
       9.7                  60          2.32047664              -0.415
       9.4                  60          2.32047664              -0.405
       9.1                  60          2.32047664               -0.38
         9                  60          2.32047664               -0.31
       8.9                  60          2.32047664              -0.305
       8.8                  60          2.32047664               -0.18
       8.7                  60          2.32047664               -0.17
       8.6                  60          2.32047664               0.105
       8.5                  60          2.32047664                0.25
       8.4                  60          2.32047664               0.525
       8.3                  60          2.32047664                0.87
       8.1                  60          2.32047664               1.855
         8                  60          2.32047664               2.555
       7.9                  60          2.32047664               3.475
       7.8                  60          2.32047664               4.525
       7.7                  60          2.32047664               5.845
       7.6                  60          2.32047664                7.49
       7.5                  60          2.32047664                9.47
       7.4                  60          2.32047664               11.93
       7.3                  60          2.32047664              14.935
       7.2                  60          2.32047664                18.6
       7.1                  60          2.32047664               23.06
         7                  60          2.32047664               28.49
       6.9                  60          2.32047664               35.08
       6.8                  60          2.32047664               43.06
       6.7                  60          2.32047664               52.76
       6.6                  60          2.32047664              64.445
       6.5                  60          2.32047664              78.615
       6.4                  60          2.32047664              95.635
       6.3                  60          2.32047664              116.18
       6.2                  60          2.32047664              140.89
       6.1                  60          2.32047664              170.62
         6                  60          2.32047664              206.23
       5.9                  60          2.32047664             248.955
       5.8                  60          2.32047664             300.085
       5.7                  60          2.32047664              361.13
       5.6                  60          2.32047664             433.865
       5.5                  60          2.32047664              520.37
        10                  90          2.32047664               -2.96
       9.7                  90          2.32047664               -3.26
       9.4                  90          2.32047664               -3.71
       9.1                  90          2.32047664               -4.01
         9                  90          2.32047664              -4.015
       8.9                  90          2.32047664              -4.095
       8.8                  90          2.32047664               -4.11
       8.7                  90          2.32047664              -4.135
       8.6                  90          2.32047664              -4.095
       8.5                  90          2.32047664              -4.005
       8.4                  90          2.32047664              -3.875
       8.3                  90          2.32047664              -3.665
       8.1                  90          2.32047664              -2.915
         8                  90          2.32047664               -2.39
       7.9                  90          2.32047664              -1.565
       7.8                  90          2.32047664               -0.68
       7.7                  90          2.32047664               0.505
       7.6                  90          2.32047664                2.01
       7.5                  90          2.32047664               3.885
       7.4                  90          2.32047664               6.205
       7.3                  90          2.32047664                9.07
       7.2                  90          2.32047664               12.59
       7.1                  90          2.32047664              16.895
         7                  90          2.32047664               22.14
       6.9                  90          2.32047664               28.54
       6.8                  90          2.32047664              36.275
       6.7                  90          2.32047664              45.655
       6.6                  90          2.32047664              56.955
       6.5                  90          2.32047664              70.595
       6.4                  90          2.32047664              86.995
       6.3                  90          2.32047664              106.68
       6.2                  90          2.32047664             130.275
       6.1                  90          2.32047664             158.485
         6                  90          2.32047664              192.17
       5.9                  90          2.32047664             232.305
       5.8                  90          2.32047664             280.005
       5.7                  90          2.32047664              336.65
       5.6                  90          2.32047664             403.605
       5.5                  90          2.32047664             482.685
        10                 120          2.32047664              -0.265
       9.7                 120          2.32047664               -0.25
       9.4                 120          2.32047664              -0.265
       9.1                 120          2.32047664              -0.195
         9                 120          2.32047664               -0.15
       8.9                 120          2.32047664              -0.075
       8.8                 120          2.32047664                0.07
       8.7                 120          2.32047664               0.215
       8.6                 120          2.32047664               0.395
       8.5                 120          2.32047664               0.645
       8.4                 120          2.32047664               0.955
       8.3                 120          2.32047664               1.405
       8.1                 120          2.32047664                2.49
         8                 120          2.32047664               3.165
       7.9                 120          2.32047664                 4.1
       7.8                 120          2.32047664                5.24
       7.7                 120          2.32047664               6.625
       7.6                 120          2.32047664               8.335
       7.5                 120          2.32047664              10.405
       7.4                 120          2.32047664              12.945
       7.3                 120          2.32047664               16.02
       7.2                 120          2.32047664              19.785
       7.1                 120          2.32047664              24.295
         7                 120          2.32047664              29.805
       6.9                 120          2.32047664              36.405
       6.8                 120          2.32047664               44.39
       6.7                 120          2.32047664              54.065
       6.6                 120          2.32047664               65.63
       6.5                 120          2.32047664              79.475
       6.4                 120          2.32047664              96.045
       6.3                 120          2.32047664              115.71
       6.2                 120          2.32047664             139.205
       6.1                 120          2.32047664             167.065
         6                 120          2.32047664              199.97
       5.9                 120          2.32047664             238.775
       5.8                 120          2.32047664             284.185
       5.7                 120          2.32047664              337.14
       5.6                 120          2.32047664               398.7
       5.5                 120          2.32047664              469.45
        10                 150          2.32047664              -0.165
       9.7                 150          2.32047664               -0.14
       9.4                 150          2.32047664               -0.13
       9.1                 150          2.32047664               -0.09
         9                 150          2.32047664               -0.16
       8.9                 150          2.32047664               -0.07
       8.8                 150          2.32047664               0.005
       8.7                 150          2.32047664               0.065
       8.6                 150          2.32047664                 0.2
       8.5                 150          2.32047664               0.295
       8.4                 150          2.32047664                0.43
       8.3                 150          2.32047664               0.695
       8.1                 150          2.32047664                1.23
         8                 150          2.32047664               1.585
       7.9                 150          2.32047664                2.04
       7.8                 150          2.32047664               2.645
       7.7                 150          2.32047664                3.36
       7.6                 150          2.32047664               4.175
       7.5                 150          2.32047664                5.32
       7.4                 150          2.32047664                6.69
       7.3                 150          2.32047664                8.28
       7.2                 150          2.32047664                10.3
       7.1                 150          2.32047664               12.74
         7                 150          2.32047664                15.7
       6.9                 150          2.32047664              19.255
       6.8                 150          2.32047664               23.63
       6.7                 150          2.32047664              28.845
       6.6                 150          2.32047664              35.085
       6.5                 150          2.32047664               42.54
       6.4                 150          2.32047664              51.325
       6.3                 150          2.32047664              61.765
       6.2                 150          2.32047664               73.92
       6.1                 150          2.32047664              88.115
         6                 150          2.32047664             104.375
       5.9                 150          2.32047664              123.02
       5.8                 150          2.32047664              143.89
       5.7                 150          2.32047664              167.36
       5.6                 150          2.32047664             193.585
       5.5                 150          2.32047664              223.03
        10                  30          2.42047664               -0.22
       9.7                  30          2.42047664              -0.225
       9.4                  30          2.42047664              -0.225
       9.1                  30          2.42047664              -0.125
         9                  30          2.42047664               -0.07
       8.9                  30          2.42047664              -0.035
       8.8                  30          2.42047664              -0.025
       8.7                  30          2.42047664               0.035
       8.6                  30          2.42047664                 0.2
       8.5                  30          2.42047664                0.34
       8.4                  30          2.42047664                0.48
       8.3                  30          2.42047664               0.695
       8.1                  30          2.42047664               1.365
         8                  30          2.42047664               1.775
       7.9                  30          2.42047664                 2.3
       7.8                  30          2.42047664                2.98
       7.7                  30          2.42047664                3.83
       7.6                  30          2.42047664                4.87
       7.5                  30          2.42047664               6.175
       7.4                  30          2.42047664                7.65
       7.3                  30          2.42047664                9.53
       7.2                  30          2.42047664              11.835
       7.1                  30          2.42047664              14.625
         7                  30          2.42047664              18.025
       6.9                  30          2.42047664              22.115
       6.8                  30          2.42047664              27.145
       6.7                  30          2.42047664               33.16
       6.6                  30          2.42047664              40.325
       6.5                  30          2.42047664              49.055
       6.4                  30          2.42047664              59.525
       6.3                  30          2.42047664              72.025
       6.2                  30          2.42047664               86.91
       6.1                  30          2.42047664              104.67
         6                  30          2.42047664             125.625
       5.9                  30          2.42047664              150.38
       5.8                  30          2.42047664             179.275
       5.7                  30          2.42047664             212.815
       5.6                  30          2.42047664              251.58
       5.5                  30          2.42047664              295.26
        10                  60          2.42047664               -0.42
       9.7                  60          2.42047664               -0.45
       9.4                  60          2.42047664                -0.5
       9.1                  60          2.42047664              -0.425
         9                  60          2.42047664               -0.36
       8.9                  60          2.42047664               -0.31
       8.8                  60          2.42047664              -0.215
       8.7                  60          2.42047664               -0.09
       8.6                  60          2.42047664               0.035
       8.5                  60          2.42047664                0.31
       8.4                  60          2.42047664               0.525
       8.3                  60          2.42047664               0.905
       8.1                  60          2.42047664               1.875
         8                  60          2.42047664                2.55
       7.9                  60          2.42047664               3.505
       7.8                  60          2.42047664               4.635
       7.7                  60          2.42047664               5.965
       7.6                  60          2.42047664               7.675
       7.5                  60          2.42047664                9.77
       7.4                  60          2.42047664              12.295
       7.3                  60          2.42047664               15.46
       7.2                  60          2.42047664              19.215
       7.1                  60          2.42047664               23.82
         7                  60          2.42047664              29.415
       6.9                  60          2.42047664                36.2
       6.8                  60          2.42047664              44.415
       6.7                  60          2.42047664               54.37
       6.6                  60          2.42047664              66.335
       6.5                  60          2.42047664              80.765
       6.4                  60          2.42047664                98.1
       6.3                  60          2.42047664             118.885
       6.2                  60          2.42047664             143.855
       6.1                  60          2.42047664             173.645
         6                  60          2.42047664             209.265
       5.9                  60          2.42047664              251.71
       5.8                  60          2.42047664             302.175
       5.7                  60          2.42047664               361.9
       5.6                  60          2.42047664               432.5
       5.5                  60          2.42047664              515.33
        10                  90          2.42047664               -3.12
       9.7                  90          2.42047664               -3.47
       9.4                  90          2.42047664               -3.81
       9.1                  90          2.42047664              -4.095
         9                  90          2.42047664              -4.155
       8.9                  90          2.42047664              -4.205
       8.8                  90          2.42047664              -4.215
       8.7                  90          2.42047664               -4.25
       8.6                  90          2.42047664              -4.135
       8.5                  90          2.42047664              -4.165
       8.4                  90          2.42047664               -4.04
       8.3                  90          2.42047664              -3.795
       8.1                  90          2.42047664               -2.99
         8                  90          2.42047664               -2.44
       7.9                  90          2.42047664               -1.68
       7.8                  90          2.42047664               -0.69
       7.7                  90          2.42047664                0.55
       7.6                  90          2.42047664               2.115
       7.5                  90          2.42047664                4.05
       7.4                  90          2.42047664                6.45
       7.3                  90          2.42047664                9.44
       7.2                  90          2.42047664               13.04
       7.1                  90          2.42047664               17.45
         7                  90          2.42047664               22.87
       6.9                  90          2.42047664              29.375
       6.8                  90          2.42047664              37.295
       6.7                  90          2.42047664              46.825
       6.6                  90          2.42047664              58.325
       6.5                  90          2.42047664              72.165
       6.4                  90          2.42047664              88.745
       6.3                  90          2.42047664               108.6
       6.2                  90          2.42047664              132.37
       6.1                  90          2.42047664             160.675
         6                  90          2.42047664             194.375
       5.9                  90          2.42047664              234.37
       5.8                  90          2.42047664             281.745
       5.7                  90          2.42047664               337.7
       5.6                  90          2.42047664             403.695
       5.5                  90          2.42047664             481.145
        10                 120          2.42047664              -0.315
       9.7                 120          2.42047664               -0.34
       9.4                 120          2.42047664                -0.3
       9.1                 120          2.42047664              -0.205
         9                 120          2.42047664              -0.135
       8.9                 120          2.42047664               0.025
       8.8                 120          2.42047664                0.09
       8.7                 120          2.42047664                0.24
       8.6                 120          2.42047664               0.475
       8.5                 120          2.42047664                0.79
       8.4                 120          2.42047664                1.14
       8.3                 120          2.42047664               1.535
       8.1                 120          2.42047664                2.73
         8                 120          2.42047664               3.555
       7.9                 120          2.42047664               4.575
       7.8                 120          2.42047664               5.815
       7.7                 120          2.42047664               7.425
       7.6                 120          2.42047664                9.29
       7.5                 120          2.42047664               11.55
       7.4                 120          2.42047664               14.32
       7.3                 120          2.42047664               17.64
       7.2                 120          2.42047664              21.715
       7.1                 120          2.42047664               26.62
         7                 120          2.42047664               32.54
       6.9                 120          2.42047664               39.68
       6.8                 120          2.42047664               48.26
       6.7                 120          2.42047664               58.47
       6.6                 120          2.42047664              70.715
       6.5                 120          2.42047664               85.36
       6.4                 120          2.42047664             102.705
       6.3                 120          2.42047664              123.32
       6.2                 120          2.42047664             147.695
       6.1                 120          2.42047664             176.365
         6                 120          2.42047664              210.02
       5.9                 120          2.42047664              249.27
       5.8                 120          2.42047664              294.87
       5.7                 120          2.42047664             347.385
       5.6                 120          2.42047664              407.36
       5.5                 120          2.42047664             475.515
        10                 150          2.42047664               -0.12
       9.7                 150          2.42047664              -0.125
       9.4                 150          2.42047664               -0.13
       9.1                 150          2.42047664                0.03
         9                 150          2.42047664                0.04
       8.9                 150          2.42047664                0.04
       8.8                 150          2.42047664               0.185
       8.7                 150          2.42047664               0.255
       8.6                 150          2.42047664               0.305
       8.5                 150          2.42047664                0.48
       8.4                 150          2.42047664                0.69
       8.3                 150          2.42047664               0.925
       8.1                 150          2.42047664               1.565
         8                 150          2.42047664                   2
       7.9                 150          2.42047664                2.61
       7.8                 150          2.42047664                3.24
       7.7                 150          2.42047664                4.09
       7.6                 150          2.42047664               5.175
       7.5                 150          2.42047664                6.44
       7.4                 150          2.42047664                   8
       7.3                 150          2.42047664                9.88
       7.2                 150          2.42047664              12.225
       7.1                 150          2.42047664              15.005
         7                 150          2.42047664                18.4
       6.9                 150          2.42047664               22.39
       6.8                 150          2.42047664              27.185
       6.7                 150          2.42047664              32.995
       6.6                 150          2.42047664               39.83
       6.5                 150          2.42047664               47.83
       6.4                 150          2.42047664               57.37
       6.3                 150          2.42047664              68.265
       6.2                 150          2.42047664               80.98
       6.1                 150          2.42047664               95.51
         6                 150          2.42047664             112.055
       5.9                 150          2.42047664             130.525
       5.8                 150          2.42047664             151.245
       5.7                 150          2.42047664              174.19
       5.6                 150          2.42047664              199.81
       5.5                 150          2.42047664             228.225
