 -1.481549666408782E+017
  2.543150494868335E+017
 -1.873324179656131E+017
  1.530162947159028E+017
 -1.383128115020697E+017
  1.100695884030174E+017
 -8.899500750688453E+016
  4.359810488069032E+016
  9.079657932542588E+015
 -1.624743536653419E+016
 -2.428455261583800E+016
  3.031636534451097E+016
  4.416034030363672E+016
 -7.628585794530178E+016
  1.174285087887080E+015
  4.120207327349757E+016
 -1.917506960442491E+016
  2.031671137956307E+016
 -1.513736004568942E+016
 -2.260221369666652E+016
  2.019271115012635E+016
  7.483080574423278E+016
 -1.004100344624482E+017
 -3.242586845902109E+016
  9.699045321735509E+016
 -3.084847994299369E+016
 -1.781043984162842E+016
  3.575245438140422E+016
 -7.686289989919026E+016
  6.551999184837270E+016
 -3.550785495985633E+015
 -5.483746322552157E+016
  8.574267716715291E+016
 -4.932428953966793E+016
  7.583397587536060E+015
 -1.537294155245468E+016
  3.205751022208640E+016
 -2.477620294696628E+016
  1.435584481009790E+016
 -1.315834980425287E+016
  2.518550020934399E+016
 -4.843742117698122E+016
  6.144265198467172E+016
 -4.614693305372740E+016
  1.539553797959050E+016
  5.862920671389424E+015
 -2.094094356515567E+015
 -2.265727064361462E+016
  3.754238474260258E+016
 -2.814785166778760E+016
  2.269680387053214E+016
 -4.366296407217019E+016
  4.570524789094508E+016
 -1.073361957273909E+016
 -1.389151798224518E+016
  2.338008928595461E+016
 -5.364302780774814E+016
  1.009810204348424E+017
 -3.964797940286791E+015
 -1.898424632697475E+017
  1.308805528032516E+017
   239906376378203.     
   1988199767859.79     
  -965935543694184.     
  1.192901138212417E+017
 -1.718228967327010E+017
  3.152671530045936E+016
  2.784131133440054E+016
  6.806891413743174E+016
 -5.975261138525533E+016
 -2.775061577704816E+016
 -2.212398816612845E+016
  6.284922704190948E+016
  3.356692723940980E+016
 -1.177764009540815E+017
  7.106276672609128E+015
  9.667064147878696E+016
   766745558886476.     
 -4.284823543458078E+016
 -2.583715469231408E+016
 -1.520003895292807E+016
  5.709038364451642E+016
  3.749610891761771E+016
 -9.142070119081234E+016
  4.875444914889494E+016
  1.296585803279936E+016
 -1.243319141000622E+016
 -2.769744737052018E+016
   157855854489079.     
  6.969727021121620E+016
 -2.044056997290962E+016
 -1.025908425634462E+017
  8.765607210085322E+016
 -1.880254763863656E+016
  2.333895802763754E+016
 -2.358953743001490E+016
 -5.056769225847876E+016
  1.080073796222195E+017
 -4.991346370385957E+016
 -2.098027044659220E+016
  3.404141021484115E+015
  4.986261321079730E+016
 -5.945249507811052E+016
  4.272712208352738E+016
 -1.408944447067923E+016
 -4.669946376185642E+016
  7.635265185467344E+016
 -2.775477660285398E+016
 -2.446551049050232E+016
  1.198671060920515E+016
  5.710711230112809E+016
 -9.634273487875142E+016
  6.780371221011080E+016
 -3.629408880436422E+016
  6.587340662432794E+016
 -4.758942823323239E+016
 -2.624574814097888E+016
  6.566848388594124E+016
 -7.308994612688261E+016
  1.798773295583672E+017
 -3.986028252724990E+017
  2.470131940433363E+017
  -441729118914971.     
   333791773579065.     
 -8.376105854515284E+015
  6.394079275262211E+016
 -6.887998295942155E+016
  8.347587321288641E+015
 -1.545332174949112E+015
  7.879711009449892E+015
  1.336641179347448E+016
  1.952591169397193E+016
 -2.930484795058882E+016
 -2.718724418470711E+016
  2.595801541617496E+016
 -1.330488270447763E+016
  2.511560288365886E+016
  2.874383903580578E+016
 -7.395138858309240E+016
 -8.607566334868234E+015
  9.195558109139499E+016
 -1.239853825049077E+016
 -6.948689023010011E+016
  6.109372215658158E+015
  6.591536078788134E+016
 -8.125724058886883E+016
 -6.901995781742666E+015
  5.954426643311370E+016
  1.577582940685130E+016
 -2.839798407813152E+016
 -2.081943141735428E+015
 -1.060173286020065E+016
 -1.035152525992162E+016
  4.512025537237821E+016
 -9.300509909256765E+016
  1.029779768700902E+017
  2.494122382090168E+016
 -1.054398382315703E+017
  2.170159122115274E+016
  3.813620209600896E+016
  1.776826366488270E+016
 -4.291316873685171E+016
  1.772078395150283E+016
 -3.005431780483176E+016
  5.604411158716416E+015
  4.517940735545492E+016
 -1.794370421441027E+016
  2.267067253314977E+016
 -1.054373645425933E+017
  1.146958185625439E+017
 -3.478694498982362E+016
 -3.510097663351588E+016
  3.381711693428286E+016
  2.518237707554318E+016
 -6.337871551262998E+016
  1.939482952023371E+016
  3.188544472729570E+016
 -7.505708317783153E+015
 -1.707086749996469E+016
  2.529145638276149E+015
 -1.729787213806704E+016
  8.586406237545512E+016
 -8.229374065276355E+015
 -2.898550980358769E+016
 -2.390309548382584E+016
  -114885223152663.     
   3512237852694.02     
 -2.983363066768316E+016
  4.329951311513597E+016
 -2.954399932787003E+016
  3.140557503270661E+016
  1.270291075415359E+016
 -6.205791716592554E+016
 -3.415969840798283E+016
  4.715759858854826E+016
  6.048172973415805E+016
 -1.039813772947992E+016
 -4.737401802808585E+016
 -1.123950243011230E+016
  3.614779765113446E+016
  1.217828242389199E+016
 -5.433334016741605E+016
  2.908171455899950E+016
  3.178002579924906E+016
 -3.475117831084324E+016
 -1.973767152564529E+015
  6.383186184561958E+015
  2.672362726442416E+015
 -6.067968132065733E+016
  5.824606589386044E+016
  7.748818404975827E+016
 -2.728362112487945E+016
 -7.737802235164000E+016
 -1.463269230550574E+016
  6.809899876611387E+015
  1.019752888241400E+016
  6.695013191416655E+016
 -6.723310307266243E+016
  3.073949010097912E+016
 -3.674491270142516E+016
  3.071924761252072E+015
  8.260140745394565E+016
 -5.225389360861890E+016
 -1.298078110967980E+016
 -1.298665842101946E+016
  2.770854432592228E+016
  1.692095096254932E+016
 -2.357066597329986E+016
 -1.205980388658796E+016
 -6.273615396919159E+015
  3.684485831223106E+016
 -1.494922734691004E+016
 -1.212454225677653E+015
 -5.771236709507783E+015
  -532511135618320.     
  3.368104307960069E+015
  2.691045294670153E+016
 -4.882581011158240E+016
  9.980587786757778E+016
 -1.007076569896294E+017
 -4.882573807927616E+016
  9.980579845970811E+016
 -1.007067824547399E+017
  1.162884180056444E+017
 -7.734421014421627E+016
  5.329777142854508E+016
 -5.964535937469332E+016
  1.175137365942433E+017
 -8.254538548562293E+016
  2.791515478836618E+015
  1.349838050692470E+017
 -1.501902425586172E+017
  2.270477348612255E+016
 -3.987845642480462E+016
  4.746769715908971E+016
  3.882368491786824E+015
 -2.037274811456962E+016
 -1.732529669448254E+016
  2.643875667442610E+016
  3.076563322893026E+016
 -1.201236846215730E+016
 -4.853853560777152E+016
 -9.890585683751660E+015
  6.918821509662863E+016
  6.952143655953744E+015
 -7.588977127534154E+016
 -2.029249932077625E+016
  7.876223309788134E+016
  6.206509027460166E+016
 -1.454416577827093E+017
 -9.666934337680466E+015
  1.053892995278370E+017
 -3.062134870239924E+016
  1.741413150468840E+016
 -9.210385805967282E+016
  2.694275475668622E+016
  5.182403237339837E+016
 -7.874442217009480E+015
 -3.601187091667291E+016
  4.176950125928571E+016
  4.695903724801643E+016
 -2.114433828726727E+016
 -5.830827333530811E+016
 -1.663721216990093E+016
  7.378449958797158E+016
 -4.643741644450362E+016
  2.285739532541858E+015
  5.470627398368100E+016
 -5.787720895179222E+016
 -1.176817915728148E+016
  2.009802202406474E+016
 -1.366092027874392E+015
  2.704749541933096E+016
 -2.260116187924867E+016
  1.104710546549007E+016
 -2.510261097673061E+016
 -4.738183160225041E+016
  1.537790580624292E+017
 -1.079545612735123E+017
 -4.395476685688608E+016
  1.512930461550219E+017
 -1.141398295249641E+017
 -2.990104603489530E+016
  1.338011818349813E+017
 -8.136625940291958E+016
  1.529586833323669E+017
 -1.617890131046128E+017
  2.714486790408233E+016
  1.915734419771269E+015
 -3.959479609086353E+015
 -2.074666622175596E+016
 -3.490418545241547E+016
  1.252613999600096E+017
 -2.080361145605462E+017
  1.247651098266182E+017
  1.670722820297163E+015
 -2.303856111261344E+016
 -6.176002043405368E+015
  3.107754920473965E+016
 -1.814497454870208E+016
  4.908675635726164E+016
 -5.514953251927641E+016
  -665126343651220.     
 -3.158699604637844E+015
  5.259249344819714E+016
 -1.654346531527765E+016
 -6.935060924502226E+016
  7.613730738752544E+016
  2.532917803798457E+016
 -2.847164746291010E+016
 -5.930537143727272E+016
  3.622817918255846E+016
  1.186222274241084E+015
  2.953770909659991E+016
  8.848125511724072E+015
 -7.984695840373902E+016
  5.998270450302309E+016
 -2.222205203736675E+016
  3.652682227218258E+016
   600915231411036.     
 -5.221099714354371E+016
  1.374282298214879E+016
  3.239856825753224E+016
 -1.463355014794158E+016
 -2.537378211703186E+016
  1.392429654105319E+016
  1.219315015229014E+016
  2.918132611725827E+016
 -7.507431855860134E+016
  8.570285517984867E+016
 -2.686280647763940E+016
 -1.200606680537415E+017
  1.149712755909947E+017
  1.035913750156311E+017
 -1.910582773029036E+017
  3.758806089447432E+016
  8.242385858803698E+016
 -5.285517811331671E+016
  2.635786603790757E+016
 -5.598250670831432E+015
 -4.952372595228819E+016
  2.041652095239448E+016
  1.052823551145935E+017
 -2.074963421873546E+017
  1.862568040372484E+017
 -7.811892451173658E+016
  5.592995338151442E+016
 -2.779720475690552E+017
  2.313543589493807E+017
 -5.199418826363221E+015
  2.623567185924024E+015
 -9.381856244663940E+015
  7.589496492876339E+015
  -55168098073078.4     
   48983789308180.3     
   94964818029.5324     
  3.210966971206846E+016
 -5.883452477391400E+016
  7.045289159035491E+016
 -7.201917046535974E+016
  4.525395969872945E+016
 -5.192577016607675E+016
  8.315337192167667E+016
 -6.563377607712685E+016
  1.096051669200298E+016
  2.700641458373150E+016
 -2.786817485401290E+016
  4.957040295671609E+016
 -7.991687045930794E+016
  3.097150812227103E+016
  3.562522112321798E+016
 -2.224019854664665E+016
 -1.707092619320464E+016
  4.672916316609521E+016
 -6.927066366172427E+016
  6.768520169189273E+016
 -4.268605520365399E+016
  1.176154122689215E+016
  3.691493627227845E+016
 -6.115088133331130E+016
  -245252915171399.     
  6.982910580429990E+016
 -5.627155450734976E+016
 -2.114906083590338E+016
  6.664511094107290E+016
 -3.052159537348470E+016
 -2.062453121628551E+016
  3.517804615579838E+016
 -2.734447374983575E+016
  3.606386939413101E+016
 -1.076181961385216E+017
  1.916763927032610E+017
 -1.433321099296580E+017
  2.294313277677758E+015
  3.868898149535416E+016
  4.103571249620208E+016
 -9.675717434602554E+016
  7.808902506891102E+016
 -5.298363254944716E+016
  3.435789663786963E+016
 -9.972937862146516E+015
  2.575120691753194E+015
 -1.887219039050069E+016
  3.832818907618851E+016
 -4.224226689399857E+016
  2.610457444597219E+016
 -3.915442858061406E+016
  1.374476780525358E+017
 -2.813845394343372E+017
  1.737433825138706E+017
  4.451066736431905E+017
 -7.638553913757187E+017
  5.623245410837522E+017
 -4.593373162819799E+017
  4.155575753725318E+017
 -3.311967503039855E+017
  2.683297450920380E+017
 -1.319247587034486E+017
 -2.668951911452838E+016
  4.836613824198207E+016
  7.373593923501283E+016
 -9.267236278482488E+016
 -1.310612971275119E+017
  2.286409694819449E+017
 -3.732363034387908E+015
 -1.233064549437669E+017
  5.727664409519102E+016
 -6.127416707053646E+016
  4.588718219567682E+016
  6.784432943748978E+016
 -6.070993814384010E+016
 -2.254496301661043E+017
  3.029867878619068E+017
  9.630826846649203E+016
 -2.906309732413491E+017
  9.236462994917078E+016
  5.305945724280764E+016
 -1.064538512313940E+017
  2.299654133472446E+017
 -1.963749553764002E+017
  1.069910793864946E+016
  1.647389738491512E+017
 -2.579720386972540E+017
  1.487148200546284E+017
 -2.298925530607686E+016
  4.597065436726465E+016
 -9.592426243723013E+016
  7.408744720941117E+016
 -4.283101723335459E+016
  3.930520126605382E+016
 -7.559486719163395E+016
  1.456558799382595E+017
 -1.848564055462314E+017
  1.388436112176610E+017
 -4.625819996035792E+016
 -1.776107470761984E+016
  6.433963316885660E+015
  6.802801334741758E+016
 -1.127935149254778E+017
  8.452036949876269E+016
 -6.811847448087767E+016
  1.312298322137956E+017
 -1.367894251034331E+017
  3.153466403108781E+016
  4.206155026247083E+016
 -7.129371789207371E+016
  1.620446451584395E+017
 -3.034480078234610E+017
  1.181301907314944E+016
  5.710087250593306E+017
 -3.944873611585941E+017
  4.864552515987824E+015
 -3.630428677529622E+017
  5.208697734958859E+017
 -9.727674241730389E+016
 -8.329848924267555E+016
 -2.018777999525290E+017
  1.742317588892409E+017
  8.812537096406310E+016
  6.432190622603003E+016
 -1.881574927123220E+017
 -1.025087791448635E+017
  3.586984560156821E+017
 -2.734879451669031E+016
 -2.869767213675705E+017
 -3.276745341263392E+015
  1.282131145374680E+017
  7.835101283236598E+016
  4.635688319149565E+016
 -1.727687802166675E+017
 -1.124972570216862E+017
  2.752464207204826E+017
 -1.476716785487588E+017
 -3.768287370914302E+016
  3.747997033701682E+016
  8.135629867014194E+016
  1.523647982404016E+015
 -2.100560936404571E+017
  6.042153027805770E+016
  3.106018776374360E+017
 -2.651092232024601E+017
  5.679566180467640E+016
 -7.029390836944817E+016
  7.163171796883994E+016
  1.510603912593964E+017
 -3.244749014005544E+017
  1.508300472569873E+017
  6.191139265031515E+016
 -8.982128124411754E+015
 -1.514301470818433E+017
  1.801107185525651E+017
 -1.291579120147851E+017
  4.255118169312816E+016
  1.403893964217152E+017
 -2.294303307121850E+017
  8.300830290694630E+016
  7.410064763889589E+016
 -3.634084581993613E+016
 -1.716126922077755E+017
  2.895185590123025E+017
 -2.034497245413375E+017
  1.086042426059834E+017
 -1.977736720279843E+017
  1.416355767975047E+017
  8.060251720164432E+016
 -1.981509611067532E+017
  2.220906972615850E+017
 -5.424343994983708E+017
  1.197636373550302E+018
 -7.418625111180306E+017
  2.509849581623198E+016
 -1.928621612139085E+017
  2.085371651513301E+017
 -2.663906163695780E+016
  7.098278798471920E+015
 -3.005206987358074E+016
 -3.178881833945458E+016
 -6.440932718769711E+016
  9.082857417041811E+016
  8.083214192968448E+016
 -7.773718436556960E+016
  3.987683887471920E+016
 -7.549467652213325E+016
 -8.673081944958150E+016
  2.224771335232794E+017
  2.657435325029672E+016
 -2.772729196684323E+017
  3.723416711375464E+016
  2.092997143936057E+017
 -1.827583711025399E+016
 -1.986308302672863E+017
  2.458340486179784E+017
  1.717517801215474E+016
 -1.745370435814816E+017
 -5.017426619552275E+016
  8.521208561436838E+016
  8.285734724703856E+015
  2.947919235467344E+016
  3.261336274357668E+016
 -1.360162232407310E+017
  2.788449543326410E+017
 -3.075269701456094E+017
 -7.753167015040464E+016
  3.187630481741996E+017
 -6.577790779919323E+016
 -1.147128083090394E+017
 -5.366299152015093E+016
  1.296080130743514E+017
 -5.395944904423578E+016
  9.151904721130045E+016
 -1.838471177649797E+016
 -1.350112503740056E+017
  5.414584056039304E+016
 -6.879705353820960E+016
  3.177097651720983E+017
 -3.453848539071663E+017
  1.048575106095309E+017
  1.054003668795651E+017
 -1.015087827902924E+017
 -7.600820232028650E+016
  1.908528088446718E+017
 -5.829636932468007E+016
 -9.483665620230531E+016
  2.127102630229727E+016
  5.190754954585369E+016
 -9.680203926198500E+015
  5.362680033259498E+016
 -2.579525788178307E+017
  2.452957421462634E+016
  8.768514033725954E+016
  7.171292891208829E+016
  8.627650954389264E+016
 -1.212367568846653E+017
  7.880712983624149E+016
 -8.778686132587334E+016
 -4.161995839894287E+016
  1.879144461961185E+017
  1.043582539042391E+017
 -1.440633878662217E+017
 -1.822477990839923E+017
  3.217500339917487E+016
  1.437288265274341E+017
  2.913501241344952E+016
 -1.028854970557836E+017
 -3.982412906367951E+016
  1.640181937484252E+017
 -8.699041768362653E+016
 -9.598329327875624E+016
  1.039207579671833E+017
  6.999609439493090E+015
 -1.984365542277695E+016
 -7.674836230891016E+015
  1.816300619848360E+017
 -1.730597274037117E+017
 -2.361942668657107E+017
  8.440660250698218E+016
  2.335972426992208E+017
  4.035409512492454E+016
 -1.700712901235109E+016
 -3.270573837690886E+016
 -2.004782257094305E+017
  2.026126731495015E+017
 -9.399063245235848E+016
  1.119359445517537E+017
 -9.653542995788990E+015
 -2.485189652920616E+017
  1.573166234496872E+017
  3.856609136056773E+016
  3.965046542523939E+016
 -8.315641126764509E+016
 -5.189172674440378E+016
  7.160031081919949E+016
  3.656711448816774E+016
  1.789741034320242E+016
 -1.097181359012978E+017
  4.400061887967770E+016
  4.350599730140843E+015
  1.677499618238126E+016
  2.206639503048644E+015
 -1.059675702537435E+016
 -8.068579688170803E+016
  2.935292006569364E+017
 -6.003840381069876E+017
  6.048276378492627E+017
 -3.485134942694129E+017
  2.320266411494728E+017
 -1.582268557107630E+017
  1.776496081356164E+017
 -3.530644830305138E+017
  2.478782893047788E+017
 -7.795762300621195E+015
 -4.067359995078004E+017
  4.529694005232783E+017
 -6.924581964491962E+016
  1.209510311370407E+017
 -1.452044556445994E+017
 -8.943188898973248E+015
  5.937804738325358E+016
  5.250297238974054E+016
 -7.717666866707224E+016
 -9.689167874056362E+016
  3.897087172273186E+016
  1.458073336947129E+017
  2.933258133659658E+016
 -2.088787464417839E+017
 -1.813341060261958E+016
  2.242592386949327E+017
  6.441843573462882E+016
 -2.383730369606031E+017
 -1.872502340032926E+017
  4.381086002835862E+017
  3.036705792194791E+016
 -3.190075969162173E+017
  9.305016128922890E+016
 -5.248825629020346E+016
  2.747467761569234E+017
 -7.368417688160525E+016
 -1.676509900651160E+017
  3.586201629384051E+016
  9.842420801575515E+016
 -1.179556776260560E+017
 -1.471750068680346E+017
  6.779874490234717E+016
  1.733836209454566E+017
  5.055817724406512E+016
 -2.223161640230806E+017
  1.402498551742844E+017
 -7.516308796744520E+015
 -1.641016611131637E+017
  1.738345878324109E+017
  3.559656785169066E+016
 -6.062802033941846E+016
  4.046868084925088E+015
 -8.145163158013162E+016
  6.870918851439346E+016
 -3.406437247908910E+016
  7.608891491450125E+016
  1.417666137148686E+017
 -4.615340177770516E+017
  3.239080678602726E+017
  1.325560636549774E+017
 -4.550252109710442E+017
  3.432187905693733E+017
  8.985000858910912E+016
 -4.020160576190506E+017
  2.437229756020184E+017
 -4.601328611177361E+017
  4.877265839192813E+017
 -8.270404335571726E+016
 -1.692384592175696E+015
  8.641969854521366E+015
  6.224476101174670E+016
  1.050996075813934E+017
 -3.771541360148340E+017
  6.273080672592986E+017
 -3.781738676639254E+017
 -3.348906708432348E+015
  6.824731203074734E+016
  1.980423315011050E+016
 -9.330965569008834E+016
  5.379729045918112E+016
 -1.469467341161159E+017
  1.648175679140804E+017
  2.824773765828968E+015
  9.742832776749200E+015
 -1.589012713891434E+017
  5.041906876465969E+016
  2.082240944794306E+017
 -2.292754960018847E+017
 -7.502586665416618E+016
  8.385462572772701E+016
  1.796474323876026E+017
 -1.089653164615467E+017
 -4.028518406441192E+015
 -8.896186617888285E+016
 -2.609213430534137E+016
  2.399656777203772E+017
 -1.807753728427055E+017
  6.937658511581418E+016
 -1.153746786374453E+017
  5.095898525914352E+015
  1.506311242046795E+017
 -3.729264030729551E+016
 -9.870365285544998E+016
  4.429400883801471E+016
  7.538470311111355E+016
 -4.091611628256050E+016
 -3.777889115065342E+016
 -8.569783182817717E+016
  2.236907488681480E+017
 -2.565633418084849E+017
  8.058115045341670E+016
  3.604774452570135E+017
 -3.446739903068335E+017
 -3.127211378427115E+017
  5.755375950318173E+017
 -1.135502410804970E+017
 -2.475151131943779E+017
  1.584067308363949E+017
 -7.881915810413963E+016
  1.668847348710678E+016
  1.490615666777643E+017
 -6.167404164227126E+016
 -3.161708618807333E+017
  6.233932002662801E+017
 -5.595828206664222E+017
  2.346123748985358E+017
 -1.681866009515770E+017
  8.367900528982482E+017
 -6.921650149480712E+017
  1.042077320897167E+016
 -5.274846204617041E+015
  1.886478692815446E+016
 -1.525284540359011E+016
   55400224609910.0     
  -49270914006454.9     
 -9.618384541942227E+016
  1.764398249642230E+017
 -2.119102010216309E+017
  2.170060018951213E+017
 -1.365949152188969E+017
  1.568683586087415E+017
 -2.507674038752412E+017
  1.977278371712290E+017
 -3.304658525852207E+016
 -8.136040199278016E+016
  8.403051971365885E+016
 -1.492398747046370E+017
  2.404037341092614E+017
 -9.303024626623549E+016
 -1.072601510044074E+017
  6.675440139125049E+016
  5.168118370196739E+016
 -1.409298772187511E+017
  2.086187998455617E+017
 -2.037250245198956E+017
  1.285600371253124E+017
 -3.567378617229526E+016
 -1.108606824629987E+017
  1.841918872340408E+017
   125662494891508.     
 -2.089584189193448E+017
  1.675985955896884E+017
  6.532373553650623E+016
 -2.014445164713975E+017
  9.205703166809235E+016
  6.229057817363934E+016
 -1.064899654345222E+017
  8.297073580454549E+016
 -1.089232023457520E+017
  3.237916429296575E+017
 -5.761826077837149E+017
  4.304978177054477E+017
 -6.313765471146768E+015
 -1.167129452490587E+017
 -1.233330958034463E+017
  2.909352559234560E+017
 -2.346756891390868E+017
  1.591952282039999E+017
 -1.032338520352007E+017
  2.984165995951119E+016
 -7.544654955899854E+015
  5.651716629278657E+016
 -1.150195118891977E+017
  1.268249887177813E+017
 -7.835682310298011E+016
  1.175516949489187E+017
 -4.129881855599533E+017
  8.432570379399296E+017
 -5.195238467342712E+017
  -755991339213724.     
  2.501855499365082E+015
 -2.043477308270032E+015
   118272723720019.     
  -29291122521007.1     
  -104803570531474.     
  -129280910684889.     
   344625969697747.     
  -158624074245695.     
 -4.457442102061334E+017
  7.647585128580884E+017
 -5.626451774679011E+017
  4.596170384391755E+017
 -4.161672834976905E+017
  3.321764545312361E+017
 -2.696688882398012E+017
  1.330540085725034E+017
  2.613813269836730E+016
 -4.798660910795883E+016
 -7.462183333607530E+016
  9.440259141748304E+016
  1.296316927832530E+017
 -2.284188932828544E+017
  3.943706701632400E+015
  1.230022311946507E+017
 -5.702549877232374E+016
  6.159697377485785E+016
 -4.636194100422648E+016
 -6.788091789615406E+016
  6.084074424639435E+016
  2.264066512540895E+017
 -3.047474489692509E+017
 -9.532669236250955E+016
  2.902779411748145E+017
 -9.217815714031579E+016
 -5.268947173861369E+016
  1.056497232486134E+017
 -2.293360970745499E+017
  1.961841947000286E+017
 -1.074507840578262E+016
 -1.649630299987579E+017
  2.587128404095216E+017
 -1.494562191200832E+017
  2.322908879611430E+016
 -4.582144260100625E+016
  9.567389899151066E+016
 -7.384500421103747E+016
  4.259348048241879E+016
 -3.913403167532954E+016
  7.563158441012298E+016
 -1.459972250305123E+017
  1.853823844029516E+017
 -1.392450105569452E+017
  4.632984440799216E+016
  1.793279884849537E+016
 -6.585682759289872E+015
 -6.808294999177069E+016
  1.129578846823795E+017
 -8.459548694881376E+016
  6.814531825253299E+016
 -1.314701688973587E+017
  1.364608822036980E+017
 -3.086567555051442E+016
 -4.245110547405430E+016
  7.245698077075405E+016
 -1.631656093345514E+017
  3.039422980042513E+017
 -1.172612884674093E+016
 -5.724809771557377E+017
  3.963314069824978E+017
  -730418562425870.     
 -6.832304083877888E+015
  3.682149132571398E+017
 -5.262720225766111E+017
  9.998216478517699E+016
  8.306453568929933E+016
  1.995415542620217E+017
 -1.691832646242760E+017
 -9.301989151768928E+016
 -6.225902305514946E+016
  1.877583027380120E+017
  1.043265649056255E+017
 -3.640890665768884E+017
  3.341178670709383E+016
  2.839157921992728E+017
  4.261293661293544E+015
 -1.278795990803696E+017
 -7.919228587186882E+016
 -4.711167111095882E+016
  1.742646260247567E+017
  1.125039312887095E+017
 -2.762265391251732E+017
  1.490736759871226E+017
  3.648004960022598E+016
 -3.767648815965417E+016
 -7.960643757711427E+016
 -3.528845047318183E+015
  2.110277917600999E+017
 -5.952918593257987E+016
 -3.134298905261889E+017
  2.672533678058714E+017
 -5.718464137987960E+016
  7.056868691019194E+016
 -7.249292922839470E+016
 -1.504145449069950E+017
  3.249226726973442E+017
 -1.519179637661026E+017
 -6.088204217810941E+016
  7.751871525804832E+015
  1.532742201856406E+017
 -1.818664284619872E+017
  1.301348605537213E+017
 -4.283378237469443E+016
 -1.406783789049997E+017
  2.298002324054845E+017
 -8.275265530302746E+016
 -7.480251177258842E+016
  3.672057583133181E+016
  1.719016459543402E+017
 -2.900041248485183E+017
  2.034834849574564E+017
 -1.083226844824354E+017
  1.979259463796810E+017
 -1.404993577026160E+017
 -8.247245982482886E+016
  1.993009770726464E+017
 -2.249334182427590E+017
  5.452463316879946E+017
 -1.199430713217513E+018
  7.426606784253711E+017
  1.322621601556007E+015
  -998699835412832.     
 -2.506895247362710E+016
  1.939038714456261E+017
 -2.104374880849366E+017
  2.823742713195057E+016
 -9.565038778160752E+015
  3.648798316506134E+016
  2.343763467709325E+016
  7.027624576415167E+016
 -9.376374698428230E+016
 -8.009013176367016E+016
  7.759199515202392E+016
 -3.983092089648727E+016
  7.563247925689725E+016
  8.723892000245862E+016
 -2.231038170103764E+017
 -2.732596114051751E+016
  2.786795703923955E+017
 -3.727583013769067E+016
 -2.101345931279754E+017
  1.822323870501460E+016
  1.995121307211748E+017
 -2.478810754145794E+017
 -1.366633032905489E+016
  1.704441605730264E+017
  5.304391423942874E+016
 -8.526515861568077E+016
 -1.029580640838714E+016
 -2.716991544283070E+016
 -3.416204136354379E+016
  1.366652853897473E+017
 -2.786719488066984E+017
  3.061189962360308E+017
  8.023775916474080E+016
 -3.212032536935313E+017
  6.644922067072362E+016
  1.150172647787243E+017
  5.402173314671776E+016
 -1.304785933354797E+017
  5.476011541220240E+016
 -9.288084712323923E+016
  1.996555715053546E+016
  1.344762296058443E+017
 -5.445961474455093E+016
  6.958325213219922E+016
 -3.191046811263219E+017
  3.466780631886826E+017
 -1.053522890500740E+017
 -1.054973226967407E+017
  1.015654707619124E+017
  7.646849655336672E+016
 -1.915668909206012E+017
  5.840393307015593E+016
  9.401732003075134E+016
 -2.002245188527664E+016
 -5.260646646923460E+016
  1.179315844471397E+016
 -5.537378863242034E+016
  2.582966138368554E+017
 -2.435945211120814E+016
 -8.841211555598355E+016
 -7.171620224533336E+016
   346732941147936.     
  -12546645241144.9     
 -8.304357679243366E+016
  1.125525789904626E+017
 -6.895815194818526E+016
  8.134210382753174E+016
  4.513836239991806E+016
 -1.896590209186676E+017
 -1.062384237591358E+017
  1.466582616673882E+017
  1.830525106734524E+017
 -3.316150758935550E+016
 -1.453403479400107E+017
 -2.452460377939351E+016
  9.729497502847878E+016
  4.312678852420115E+016
 -1.650344815267645E+017
  8.673200310630610E+016
  9.662607098003808E+016
 -1.035837594912230E+017
 -8.081819235400622E+015
  2.053943624100976E+016
  7.331913130296752E+015
 -1.812237711377838E+017
  1.713874824618962E+017
  2.399318372959134E+017
 -8.700816752337389E+016
 -2.349823915203092E+017
 -3.688879846058523E+016
  1.363793213469920E+016
  3.479944311924630E+016
  2.001052103693067E+017
 -2.035225273133864E+017
  9.576030082773606E+016
 -1.136322458915625E+017
  1.008512170754734E+016
  2.492369048836407E+017
 -1.578759744246893E+017
 -3.818156662813854E+016
 -4.034635422025790E+016
  8.318464758120306E+016
  5.302719383044923E+016
 -7.249304359464830E+016
 -3.695516985841563E+016
 -1.696865753877170E+016
  1.088939965165804E+017
 -4.314720624967792E+016
 -5.067487283972443E+015
 -1.623471603007069E+016
 -2.816010230305988E+015
  1.108930274810436E+016
  8.063884040991395E+016
 -2.941000418304054E+017
  6.019284965089450E+017
 -6.054037793215794E+017
  3.481527439349355E+017
 -2.320117321275817E+017
  1.565358653880519E+017
 -1.763442670334201E+017
  3.535947028807242E+017
 -2.481269997610451E+017
  7.216632088978909E+015
  4.085174823369334E+017
 -4.553657560886755E+017
  7.037756245824258E+016
 -1.222613801133798E+017
  1.479981922553559E+017
  6.240328796027456E+015
 -5.763375265740025E+016
 -5.303287878149962E+016
  7.503434378153678E+016
  1.014958551108132E+017
 -4.191592811777777E+016
 -1.459934336102605E+017
 -2.899434146453468E+016
  2.101982429037383E+017
  1.539031235450714E+016
 -2.208219022425232E+017
 -6.797493350438236E+016
  2.404609688288137E+017
  1.883073755114479E+017
 -4.398911393050644E+017
 -3.173639349401252E+016
  3.218498375382149E+017
 -9.423778021173251E+016
  5.273308775217269E+016
 -2.731753320216660E+017
  6.652976408075160E+016
  1.798524685987292E+017
 -4.814060695858993E+016
 -8.877827120868445E+016
  1.105896029526687E+017
  1.534814292077413E+017
 -7.218700960799947E+016
 -1.718232683361660E+017
 -5.120687240480390E+016
  2.232746747621456E+017
 -1.411865006007644E+017
  8.181674694269632E+015
  1.640750993329230E+017
 -1.740321570861793E+017
 -3.588850856418678E+016
  6.096160065772770E+016
 -3.995938642439296E+015
  8.176169747265840E+016
 -6.961853925630494E+016
  3.499115680312821E+016
 -7.687103862807440E+016
 -1.413833602398151E+017
  4.617204035485472E+017
 -3.239439340452681E+017
 -1.332483291939941E+017
  4.561658736593981E+017
 -3.440138947268401E+017
 -8.999453247415619E+016
  4.026204360236684E+017
 -2.433360418817975E+017
  4.613852167264651E+017
 -4.900898638988973E+017
  8.398392241141504E+016
 -2.405026807930320E+015
 -5.374183481279722E+015
 -6.222546705078338E+016
 -1.055065898162515E+017
  3.785214446551034E+017
 -6.305107863658644E+017
  3.820643207835927E+017
  1.678176479410064E+015
 -6.737667954363416E+016
 -2.107992252242120E+016
  9.338244698840888E+016
 -5.315888733650784E+016
  1.466351312203203E+017
 -1.641890211577558E+017
 -3.650509929700280E+015
 -1.001134768131564E+016
  1.600228628955389E+017
 -5.120571856055730E+016
 -2.083954439120591E+017
  2.301395321400458E+017
  7.405835677522741E+016
 -8.228854407520480E+016
 -1.813780003918933E+017
  1.092421830364290E+017
  4.501108498766344E+015
  8.930918596113266E+016
  2.563862624442846E+016
 -2.403873830726033E+017
  1.816021215964680E+017
 -7.208927194800038E+016
  1.211650664328257E+017
 -1.199441642744379E+016
 -1.446006477609695E+017
  3.330922155943895E+016
  1.002455225334376E+017
 -4.470342580144887E+016
 -7.463355938719082E+016
  4.004916252433107E+016
  3.898116229076502E+016
  8.385039574795747E+016
 -2.221591035581724E+017
  2.560182927661903E+017
 -8.057491496352493E+016
 -3.607643198076528E+017
  3.444239967131068E+017
  3.146679504725837E+017
 -5.778932310497640E+017
  1.143327614247344E+017
  2.477567150539815E+017
 -1.582443068859932E+017
  7.856073783289862E+016
 -1.658017319179614E+016
 -1.495500858438293E+017
  6.209689226654448E+016
  3.164910632677043E+017
 -6.242890500352695E+017
  5.603876050959219E+017
 -2.348654622877424E+017
  1.685847991265195E+017
 -8.396693988463110E+017
  6.902558936430565E+017
 -5.221359002527165E+015
  2.651309832257669E+015
 -9.483042917103748E+015
  7.663397803854821E+015
  9.603650010435246E+016
 -1.763733292085294E+017
  2.124605863033932E+017
 -2.179532658287758E+017
  1.374265445463975E+017
 -1.579579427259857E+017
  2.520729517795366E+017
 -1.985540680708619E+017
  3.321390529929567E+016
  8.169860443326901E+016
 -8.445470458960939E+016
  1.497663113004986E+017
 -2.410536169241033E+017
  9.314472739116811E+016
  1.076429644446744E+017
 -6.678631986242434E+016
 -5.215044651493913E+016
  1.416723343807449E+017
 -2.094243119066691E+017
  2.043922852881948E+017
 -1.290603978454386E+017
  3.605988167728440E+016
  1.109844178712366E+017
 -1.849407228973857E+017
   489608725309836.     
  2.084285644686333E+017
 -1.663795326227741E+017
 -6.720591508703434E+016
  2.029570989039500E+017
 -9.255030595998138E+016
 -6.270623620221506E+016
  1.074435139091460E+017
 -8.390491279311899E+016
  1.096510338853243E+017
 -3.247225470556456E+017
  5.773259897364710E+017
 -4.309907697026263E+017
  5.742569019513356E+015
  1.173577725676789E+017
  1.235582093179871E+017
 -2.915956902310861E+017
  2.350807558936132E+017
 -1.594366624751549E+017
  1.033921104822016E+017
 -2.976385679343438E+016
  7.363716922481570E+015
 -5.641685873217258E+016
  1.150526744242244E+017
 -1.269213246901691E+017
  7.839896849936954E+016
 -1.176396701497991E+017
  4.136330750462929E+017
 -8.423522739918665E+017
  5.178077675938060E+017
  1.519143473822584E+015
 -5.030265392729883E+015
  4.106288966207714E+015
  -221737029632392.     
   45789539587352.3     
   208697620899998.     
   259836189600262.     
  -691573353208073.     
   318878078606578.     
  1.487925156708508E+017
 -2.552181980288142E+017
  1.876530792417340E+017
 -1.532960284519766E+017
  1.389225184573106E+017
 -1.110492806978275E+017
  9.033413334062526E+016
 -4.472734168550846E+016
 -8.528276176841195E+015
  1.586790528922368E+016
  2.517044652164208E+016
 -3.204658808050752E+016
 -4.273074518317786E+016
  7.606379022286782E+016
 -1.385635034733687E+015
 -4.089784776168183E+016
  1.892392445390120E+016
 -2.063951269226282E+016
  1.561211169558903E+016
  2.263880457472643E+016
 -2.032351854472678E+016
 -7.578781384510925E+016
  1.021706731518234E+017
  3.144430828733951E+016
 -9.663742942270686E+016
  3.066200356445494E+016
  1.744047422693857E+016
 -3.494834988156724E+016
  7.623359922123218E+016
 -6.532923716064638E+016
  3.596755865626282E+015
  5.506151895447940E+016
 -8.648347369476906E+016
  5.006568205100424E+016
 -7.823227623205106E+015
  1.522372908095495E+016
 -3.180714855137883E+016
  2.453376454598205E+016
 -1.411831261987684E+016
  1.298718210769587E+016
 -2.522221682726538E+016
  4.877876350158850E+016
 -6.196862683824798E+016
  4.654832947082378E+016
 -1.546718175367445E+016
 -6.034644474077773E+015
  2.245813547191575E+015
  2.271220685827668E+016
 -3.770675409104810E+016
  2.822296899346076E+016
 -2.272364807741007E+016
  4.390330106010821E+016
 -4.537670590229846E+016
  1.006463106334763E+016
  1.428107542363988E+016
 -2.454336290475538E+016
  5.476399586765986E+016
 -1.014752868197907E+017
  3.877878677478196E+015
  1.913147204752086E+017
 -1.327245810787442E+017
   490491375226206.     
  -1979311747119.43     
  2.933630227580864E+015
 -1.244620389782688E+017
  1.772250453720156E+017
 -3.423209648012157E+016
 -2.760735804939546E+016
 -6.573269529616802E+016
  5.470415413094981E+016
  3.264511514073294E+016
  2.006110330450450E+016
 -6.245002533473258E+016
 -3.538471479510636E+016
  1.231669944181363E+017
 -1.316924519874772E+016
 -9.360973262374754E+016
 -1.751274634336212E+015
  4.251470864274483E+016
  2.667843384293585E+016
  1.595480559749971E+016
 -5.858620379437910E+016
 -3.750279083524830E+016
  9.240081715642448E+016
 -5.015643915514352E+016
 -1.176304225071349E+016
  1.262969758978336E+016
  2.594763162062046E+016
  1.847302253043694E+015
 -7.066897408496786E+016
  1.954826191342725E+016
  1.054188126890931E+017
 -8.980019069164157E+016
  1.919152419106032E+016
 -2.361373687421781E+016
  2.445073773062916E+016
  4.992186292546885E+016
 -1.084551574727413E+017
  5.100137493879124E+016
  1.995093347376176E+016
 -2.173906209056444E+015
 -5.170666165611447E+016
  6.120818823943151E+016
 -4.370406381575723E+016
  1.437204460126383E+016
  4.698844322563186E+016
 -7.672255242037034E+016
  2.749913329404473E+016
  2.516736850708526E+016
 -1.236643791329539E+016
 -5.739606515792035E+016
  9.682829927054534E+016
 -6.783747425120110E+016
  3.601253398554155E+016
 -6.602568481606399E+016
  4.645321272946664E+016
  2.811568765895217E+016
 -6.681850334609198E+016
  7.593268931932477E+016
 -1.826892719650399E+017
  4.003971104050447E+017
 -2.478112960152627E+017
  -880914504887574.     
   664918683204885.     
  -43998413099.7975     
   36656475369.1735     
  8.346584645039376E+015
 -6.498252605660437E+016
  7.078028340617522E+016
 -9.945896789313836E+015
  4.012028544119576E+015
 -1.431554070280358E+016
 -5.015296007917256E+015
 -2.539281633848240E+016
  3.224002883543015E+016
  2.644522431121634E+016
 -2.581281762443562E+016
  1.325894528829910E+016
 -2.525337304098018E+016
 -2.925196435935184E+016
  7.457808302295074E+016
  9.359168077199364E+015
 -9.336223298518006E+016
  1.244021948001051E+016
  7.032174961953842E+016
 -6.056771122309544E+015
 -6.679665342922206E+016
  8.330422440066768E+016
  3.393237210291476E+015
 -5.545144350698046E+016
 -1.864551974222684E+016
  2.845116994605312E+016
  4.091909571219940E+015
  8.292520798619520E+015
  1.190017824441191E+016
 -4.576931585734602E+016
  9.283210602539707E+016
 -1.015700330788075E+017
 -2.764726543982288E+016
  1.078799970177377E+017
 -2.237288031968112E+016
 -3.844066141195926E+016
 -1.812700830198502E+016
  4.378375233627763E+016
 -1.852145119745430E+016
  3.141611000462709E+016
 -7.185244230792688E+015
 -4.464439139160465E+016
  1.825747394499041E+016
 -2.345686059879107E+016
  1.068322670128293E+017
 -1.159890177941481E+017
  3.528172006522185E+016
  3.519793278631246E+016
 -3.387380632481981E+016
 -2.564266657783277E+016
  6.409279152464914E+016
 -1.950238982137941E+016
 -3.106610880171000E+016
  6.257133290330609E+015
  1.776978831223771E+016
 -4.642119781790927E+015
  1.904486961364866E+016
 -8.620805233853954E+016
  8.059197660511211E+015
  2.971250105406592E+016
  2.390636529201190E+016
  -231851099991581.     
   9040735411191.32     
  2.660075306097472E+016
 -3.461549481460921E+016
  1.969522430205410E+016
 -2.496097187050674E+016
 -1.622122971334119E+016
  6.380245943206678E+016
  3.603984724653562E+016
 -4.975243752349098E+016
 -6.128644765308738E+016
  1.138464040528109E+016
  4.898553213748867E+016
  6.629115071329026E+015
 -3.055730753707752E+016
 -1.548091357380687E+016
  5.534961046238222E+016
 -2.882329637323368E+016
 -3.242279981057714E+016
  3.441418450884794E+016
  3.055965098221424E+015
 -7.078958484075040E+015
 -2.329446835543068E+015
  6.027343458715655E+016
 -5.657392890042750E+016
 -8.122565453600013E+016
  2.988518850132400E+016
  7.876306175545611E+016
  1.116754253251631E+016
 -3.440815380188220E+015
 -1.229118485151739E+016
 -6.657712335104689E+016
  6.814294462519227E+016
 -3.250913405239546E+016
  3.844119142166823E+016
 -3.503492627727967E+015
 -8.331935137184902E+016
  5.281325184850568E+016
  1.259624790314351E+016
  1.368255234284004E+016
 -2.773678486168531E+016
 -1.805641354266213E+016
  2.446339936764255E+016
  1.244785065356708E+016
  5.344876020776124E+015
 -3.602073419180130E+016
  1.409583096222014E+016
  1.929329346893234E+015
  5.230965023955773E+015
  1.141874349286019E+015
 -3.860643792548501E+015
 -2.686349924350878E+016
  9.822239021550275E+016
 -2.011561324364359E+017
  2.019905773250665E+017
 -1.159276632282806E+017
  7.732929235509720E+016
 -5.160675313139631E+016
  5.834000533145050E+016
 -1.180440091816314E+017
  8.279416239760584E+016
 -2.212408441986443E+015
 -1.367652841783434E+017
  1.525865864765022E+017
 -2.383650895539218E+016
  4.118875415018205E+016
 -5.026132454856426E+016
 -1.179601470739560E+015
  1.862849481753664E+016
  1.785520346040875E+016
 -2.429648234564226E+016
 -3.536973704095353E+016
  1.495739334080102E+016
  4.872462892249467E+016
  9.552355086636592E+015
 -7.050771211662731E+016
 -4.209050175586178E+015
  7.245244330909451E+016
  2.384898456953544E+016
 -8.085015622592219E+016
 -6.312222894081872E+016
  1.472241986992605E+017
  1.103623756862428E+016
 -1.082315016764589E+017
  3.180895226674971E+016
 -1.765895865543956E+016
  9.053241224055830E+016
 -1.978835252636478E+016
 -6.402548478568437E+016
  2.015300029340994E+016
  2.636598930505380E+016
 -3.440351155389403E+016
 -5.326538812593306E+016
  2.553257933685629E+016
  5.674791947178331E+016
  1.728590503031606E+016
 -7.474300042316128E+016
  4.737404721941835E+016
 -2.951093856668264E+015
 -5.467971447918478E+016
  5.807477680078938E+016
  1.206011770680291E+016
 -2.043159938741158E+016
  1.315162574525392E+015
 -2.735755697697136E+016
  2.351049937312540E+016
 -1.197387512098543E+016
  2.588472418762393E+016
  4.699858674712275E+016
 -1.539654536897529E+017
  1.079904404795099E+017
  4.464701784413098E+016
 -1.524336976610737E+017
  1.149349288772150E+017
  3.004556925195763E+016
 -1.344055579184140E+017
  8.097932361672435E+016
 -1.542110382119204E+017
  1.641522955201180E+017
 -2.842476052786299E+016
  2.181723368644450E+015
   691672796623795.     
  2.072727553936155E+016
  3.531128647921295E+016
 -1.266287452576034E+017
  2.112388256439855E+017
 -1.286555478361532E+017
  2.216796257377748E+016
  7.451637353417968E+015
 -3.115032486675046E+016
  1.750659223767795E+016
 -4.877518231456474E+016
  5.452102387963321E+016
  1.490829957451204E+015
  3.427215795902378E+015
 -5.371406412905329E+016
  1.733009273984071E+016
  6.952196955000114E+016
 -7.700134448369459E+016
 -2.436167254811325E+016
  2.690557896631615E+016
  6.103592078417851E+016
 -3.650503245681302E+016
 -1.658821768325396E+015
 -2.988501227972560E+016
 -8.394631949450852E+015
  8.026866565046915E+016
 -6.080944758367266E+016
  2.493471009412642E+016
 -4.231715094659778E+016
  6.297558951695816E+015
  4.618050825947725E+016
 -9.759358726350240E+015
 -3.394047061758846E+016
  1.504298426756036E+016
  2.462262412819991E+016
 -1.305733604559579E+016
 -1.339541273731856E+016
 -2.733391302551146E+016
  7.354269954927442E+016
 -8.515782192887016E+016
  2.685657721050624E+016
  1.203475373468380E+017
 -1.147212811311708E+017
 -1.055381764232551E+017
  1.934138974275990E+017
 -3.837057460091935E+016
 -8.266545949302622E+016
  5.269275336588584E+016
 -2.609944588795106E+016
  5.489951264861912E+015
  5.001224093605243E+016
 -2.083937005875142E+016
 -1.056025531388809E+017
  2.083921871456325E+017
 -1.870615866189262E+017
  7.837201197904064E+016
 -5.632815277608064E+016
  2.808513931795932E+017
 -2.294452387155550E+017
 -3.196233269631710E+016
  5.876804146428512E+016
 -7.100327773594654E+016
  7.296642399972171E+016
 -4.608557624314386E+016
  5.301533895340312E+016
 -8.445890645782227E+016
  6.646000443245269E+016
 -1.112784440187308E+016
 -2.734460515003514E+016
  2.829235036306606E+016
 -5.009683068526450E+016
  8.056674453012250E+016
 -3.108598744760902E+016
 -3.600803035560689E+016
  2.227211482402461E+016
  1.754018673903458E+016
 -4.747161526667021E+016
  7.007617010051870E+016
 -6.835245721232667E+016
  4.318641087829211E+016
 -1.214762547264394E+016
 -3.703868787786166E+016
  6.189972159040627E+016
  -370001586916445.     
 -6.929927886682048E+016
  5.505251285328804E+016
  2.303122839784917E+016
 -6.815768734644426E+016
  3.101486873354853E+016
  2.104018355444846E+016
 -3.613158177616874E+016
  2.827863543143851E+016
 -3.679168763953220E+016
  1.085490892487615E+017
 -1.928197660998448E+017
  1.438250601385800E+017
 -1.723123241533413E+015
 -3.933380249477730E+016
 -4.126082552657598E+016
  9.741760509653475E+016
 -7.849408975871986E+016
  5.322506532972560E+016
 -3.451615496778013E+016
  9.895137040968372E+015
 -2.394185406402213E+015
  1.877188441808349E+016
 -3.836135233442558E+016
  4.233860316150106E+016
 -2.614672009457478E+016
  3.924240435339614E+016
 -1.380925679230231E+017
  2.804797770953358E+017
 -1.720273033548263E+017
  -763159507516852.     
  2.528439081061846E+015
 -2.062823991180494E+015
   103402610134903.     
  -16421775931442.4     
  -103921603623120.     
  -130546586433412.     
   346915525055658.     
  -160229525198355.     
