76
3.50 3.75 4.00 4.25 4.50 4.75 5.00 5.25 5.50 5.75
6.00 6.25 6.50 6.75 7.00 7.25 7.50 7.75 8.00 8.25
8.50 8.75 9.00 9.50 10.00 10.50 11.00 12.00 13.00 14.00
15.00 16.00 17.00 18.00 19.00 20.00 21.00 22.00 23.00 24.00
25.00 26.00 27.00 28.00 29.00 30.00 32.00 34.00 36.00 38.00
40.00 42.00 44.00 46.00 48.00 50.00 55.00 60.00 65.00 70.00
75.00 80.00 85.00 90.00 95.00 100.00 110.00 120.00 130.00 140.00
150.00 160.00 170.00 180.00 190.00 200.00
49
0 0 0 T
6.6271918702E+03 4.1940388966E+03 2.5921411052E+03 1.5564478672E+03 8.9923543703E+02
4.9069976771E+02 2.4286517944E+02 9.7141736113E+01 1.5115663843E+01 -2.8034383215E+01
-4.8101550497E+01 -5.4938516882E+01 -5.4556761068E+01 -5.0553554433E+01 -4.5027130871E+01
-3.9150009695E+01 -3.3538812281E+01 -2.8478803446E+01 -2.4057867667E+01 -2.0272372241E+01
-1.7077179098E+01 -1.4403560078E+01 -1.2172459098E+01 -8.7794599768E+00 -6.4394325837E+00
-4.8353064147E+00 -3.7074467679E+00 -2.2923336277E+00 -1.5026417119E+00 -1.0484610236E+00
-7.3585098543E-01 -5.4963007409E-01 -3.8797362899E-01 -2.9007044058E-01 -2.1652656169E-01
-1.6321106823E-01 -1.2436289022E-01 -9.5758105360E-02 -7.4465510630E-02 -5.8448629457E-02
-4.6279318512E-02 -3.6945426343E-02 -2.9722016471E-02 -2.4084506826E-02 -1.9649522910E-02
-1.6134218820E-02 -1.1072791872E-02 -7.7647157998E-03 -5.5510836808E-03 -4.0380882796E-03
-2.9839837755E-03 -2.2367239843E-03 -1.6985435851E-03 -1.3052994179E-03 -1.0141234582E-03
-7.9587630968E-04 -4.5162750764E-04 -2.6901927461E-04 -1.6693820378E-04 -1.0727829879E-04
-7.1054112136E-05 -4.8318867807E-05 -3.3629646492E-05 -2.3892718605E-05 -1.7289754647E-05
-1.2719793731E-05 -7.1892735165E-06 -4.2695281406E-06 -2.6432525980E-06 -1.6954827017E-06
-1.1213105732E-06 -7.6159997087E-07 -5.2953771432E-07 -3.7590292430E-07 -2.7182595442E-07
-1.9985703639E-07
0 2 2 T
1.2739884514E+03 8.0898255614E+02 5.0381486178E+02 3.0477185744E+02 1.7708749138E+02
9.6891255852E+01 4.7783689942E+01 1.8739729593E+01 2.4585986482E+00 -5.9381655095E+00
-9.7397162916E+00 -1.1019596685E+01 -1.0966118410E+01 -1.0207319835E+01 -9.0959990920E+00
-7.8613421853E+00 -6.6736069402E+00 -5.6408884782E+00 -4.7965721008E+00 -4.1003721904E+00
-3.5063288119E+00 -2.9874616149E+00 -2.5571004977E+00 -1.8603040745E+00 -1.3252982114E+00
-9.6483844937E-01 -7.3785417454E-01 -4.5224002550E-01 -2.8969257989E-01 -1.9357969161E-01
-1.2865980740E-01 -8.9525497900E-02 -6.3055935486E-02 -4.5263522720E-02 -3.3031741902E-02
-2.4474049093E-02 -1.8386578772E-02 -1.3989586083E-02 -1.0768722859E-02 -8.3787056163E-03
-6.5839355080E-03 -5.2212094006E-03 -4.1758793092E-03 -3.3663514537E-03 -2.7338482458E-03
-2.2355465239E-03 -1.5235065227E-03 -1.0622320348E-03 -7.5579655325E-04 -5.4760807645E-04
-4.0329442284E-04 -3.0142752881E-04 -2.2833126647E-04 -1.7508932107E-04 -1.3577494434E-04
-1.0637826415E-04 -6.0162190643E-05 -3.5745396065E-05 -2.2137850676E-05 -1.4204114325E-05
-9.3960782114E-06 -6.3830655434E-06 -4.4388136666E-06 -3.1513914811E-06 -2.2791109800E-06
-1.6758489392E-06 -9.4642004392E-07 -5.6170533550E-07 -3.4758199041E-07 -2.2286682823E-07
-1.4734782841E-07 -1.0005411078E-07 -6.9552694014E-08 -4.9364707961E-08 -3.5691707944E-08
-2.6238610619E-08
0 4 4 T
1.7075734144E+02 7.9015239930E+01 3.9165366543E+01 1.9709680016E+01 9.6928963478E+00
4.4059846512E+00 1.6320817943E+00 1.9324862353E-01 -5.1252846250E-01 -7.7255105503E-01
-7.6326547813E-01 -6.4044201090E-01 -5.1337777233E-01 -4.1440005671E-01 -3.3358308587E-01
-2.6506680449E-01 -2.0740002540E-01 -1.5966272931E-01 -1.2217160201E-01 -9.4794664088E-02
-7.4769419899E-02 -5.9566809462E-02 -4.7630788942E-02 -3.1040121649E-02 -2.0593771785E-02
-1.3891309127E-02 -9.5621858899E-03 -4.7639627153E-03 -2.5109806792E-03 -1.3879152469E-03
-7.9920515279E-04 -4.7690016626E-04 -2.9362694447E-04 -1.8586911723E-04 -1.2060309956E-04
-8.0010560326E-05 -5.4154296606E-05 -3.7325516887E-05 -2.6155594097E-05 -1.8607899143E-05
-1.3423544529E-05 -9.8084525035E-06 -7.2523234286E-06 -5.4215444952E-06 -4.0945228017E-06
-3.1218874323E-06 -1.8628910260E-06 -1.1469802527E-06 -7.2605123924E-07 -4.7110585766E-07
-3.1254125127E-07 -2.1154022112E-07 -1.4580280034E-07 -1.0217028944E-07 -7.2687106028E-08
-5.2435720815E-08 -2.4461650747E-08 -1.2194872782E-08 -6.4280674327E-09 -3.5530634003E-09
-2.0459601476E-09 -1.2208642628E-09 -7.5168497842E-10 -4.7582494015E-10 -3.0874393488E-10
-2.0482703443E-10 -9.5553323230E-11 -4.7636221806E-11 -2.5109638409E-11 -1.3879153908E-11
-7.9920318267E-12 -4.7690010265E-12 -2.9362694470E-12 -1.8586911725E-12 -1.2060309956E-12
-8.0010560326E-13
1 0 1 T
2.9251503371E+03 1.8070792945E+03 1.1176436607E+03 6.8443243303E+02 4.1053883154E+02
2.3806781593E+02 1.3079481663E+02 6.5419820061E+01 2.6751610981E+01 4.8757729029E+00
-6.6647376954E+00 -1.2022352156E+01 -1.3829803683E+01 -1.3719255669E+01 -1.2676462721E+01
-1.1242543093E+01 -9.7065929284E+00 -8.2222196914E+00 -6.8632982065E+00 -5.6390970492E+00
-4.5769084553E+00 -3.6824610936E+00 -2.9443964333E+00 -1.8981533949E+00 -1.2499792628E+00
-8.5284524379E-01 -5.9196513253E-01 -2.9830065315E-01 -1.7106565785E-01 -1.1078862567E-01
-8.2032347245E-02 -5.8003008008E-02 -4.0855038078E-02 -2.9799203054E-02 -2.1605705324E-02
-1.5779655847E-02 -1.1635056438E-02 -8.6643669516E-03 -6.5156031999E-03 -4.9464788854E-03
-3.7896523173E-03 -2.9287741828E-03 -2.2822981381E-03 -1.7925741393E-03 -1.4184822528E-03
-1.1304310588E-03 -7.3227437466E-04 -4.8595432425E-04 -3.2959336526E-04 -2.2799244077E-04
-1.6055789204E-04 -1.1492641814E-04 -8.3498124873E-05 -6.1498677233E-05 -4.5868266225E-05
-3.4609454669E-05 -1.7908639798E-05 -9.8010680046E-06 -5.6240864698E-06 -3.3606925418E-06
-2.0798330996E-06 -1.3271587931E-06 -8.7001376906E-07 -5.8414230982E-07 -4.0067397877E-07
-2.8015745030E-07 -1.4405514260E-07 -7.8464545656E-08 -4.4859584973E-08 -2.6728333554E-08
-1.6502864453E-08 -1.0510616082E-08 -6.8793778880E-09 -4.6128713269E-09 -3.1605457759E-09
-2.2078142322E-09
1 2 1 T
-5.1106692466E+02 -2.6625329022E+02 -1.5204564768E+02 -9.2828676901E+01 -5.8724697770E+01
-3.7535626975E+01 -2.3821997674E+01 -1.4817866306E+01 -8.8767633359E+00 -4.9936724314E+00
-2.5135629337E+00 -1.0466093766E+00 -2.7690469150E-01 6.9872455234E-02 2.1214969350E-01
3.1142139306E-01 4.0098733662E-01 4.7822533165E-01 5.1361949302E-01 5.4331716647E-01
5.2231531547E-01 4.6735620931E-01 3.8416004049E-01 2.3575054960E-01 1.3563690884E-01
7.6094539815E-02 4.1986090919E-02 1.1427329455E-02 1.4420019740E-03 -1.5372285194E-03
-2.1386953224E-03 -1.9832657803E-03 -1.6343674052E-03 -1.2847442607E-03 -9.8966516879E-04
-7.5654627740E-04 -5.7767752771E-04 -4.4216392552E-04 -3.3993297527E-04 -2.6278166863E-04
-2.0438138957E-04 -1.5997314625E-04 -1.2602075706E-04 -9.9908670854E-05 -7.9702961950E-05
-6.3970566341E-05 -4.1931523810E-05 -2.8089080706E-05 -1.9196376638E-05 -1.3362077470E-05
-9.4590225400E-06 -6.8005034783E-06 -4.9593180754E-06 -3.6644328846E-06 -2.7407057770E-06
-2.0730018494E-06 -1.0779167428E-06 -5.9207480108E-07 -3.4069649254E-07 -2.0403084059E-07
-1.2649001046E-07 -8.0829286905E-08 -5.3049494130E-08 -3.5653195711E-08 -2.4475347472E-08
-1.7125546174E-08 -8.8157283114E-09 -4.8058671013E-09 -2.7494106445E-09 -1.6390137928E-09
-1.0124003435E-09 -6.4501527526E-10 -4.2229330716E-10 -2.8323015871E-10 -1.9409637506E-10
-1.3561016391E-10
1 2 3 T
3.2811615201E+03 2.1415264897E+03 1.4778173480E+03 1.0636325895E+03 7.9062953606E+02
6.0312086337E+02 4.7021174041E+02 3.7358460919E+02 3.0175648818E+02 2.4728204431E+02
2.0524823727E+02 1.7235366967E+02 1.4624646659E+02 1.2520723903E+02 1.0798248567E+02
9.3670570839E+01 8.1676168090E+01 7.1553501369E+01 6.3000777382E+01 5.5706282789E+01
4.9482540153E+01 4.4144430815E+01 3.9542349230E+01 3.2038790621E+01 2.6210337698E+01
2.1625001523E+01 1.7988101318E+01 1.2733776381E+01 9.2700505312E+00 6.9206262326E+00
5.3389956077E+00 4.1842343560E+00 3.2555093511E+00 2.6434937059E+00 2.1423827897E+00
1.7512857318E+00 1.4448781115E+00 1.2024003821E+00 1.0085679997E+00 8.5216080080E-01
7.2485530004E-01 6.2040456818E-01 5.3406812673E-01 4.6221155223E-01 4.0202170298E-01
3.5130169855E-01 2.7170866100E-01 2.1340856698E-01 1.6992451118E-01 1.3696353132E-01
1.1161493853E-01 9.1864719991E-02 7.6293540070E-02 6.3884412171E-02 5.3897554218E-02
4.5787352398E-02 3.1286025973E-02 2.2096260136E-02 1.6045694006E-02 1.1931217220E-02
9.0548402751E-03 6.9952532942E-03 5.4893000644E-03 4.3676296583E-03 3.5183577301E-03
2.8658237271E-03 1.9574977680E-03 1.3821739441E-03 1.0035187796E-03 7.4609653738E-04
5.6617192932E-04 4.3735912246E-04 3.4318329073E-04 2.7304531137E-04 2.1994428475E-04
1.7914677703E-04
1 4 5 T
6.8605386008E+02 3.1875025511E+02 1.6533439162E+02 9.4063649990E+01 5.7416608168E+01
3.6853556855E+01 2.4458324151E+01 1.6655797071E+01 1.1657917395E+01 8.3749692188E+00
6.1248461550E+00 4.4875794841E+00 3.2994778809E+00 2.4810776865E+00 1.9545372826E+00
1.6483111258E+00 1.4558284271E+00 1.3051498483E+00 1.1326180424E+00 9.8076689580E-01
8.1361718510E-01 6.5781516251E-01 5.2014955122E-01 3.2709368591E-01 2.0682634662E-01
1.3684009355E-01 9.1406183118E-02 4.3168277808E-02 2.1882474568E-02 1.1773881760E-02
6.6636165467E-03 3.9424137044E-03 2.4254827352E-03 1.5448175938E-03 1.0147082403E-03
6.8509847001E-04 4.7409134154E-04 3.3540920727E-04 2.4206548269E-04 1.7786573522E-04
1.3283423256E-04 1.0067690656E-04 7.7334203699E-05 6.0134175239E-05 4.7284972281E-05
3.7563991230E-05 2.4367162465E-05 1.6321991982E-05 1.1238589320E-05 7.9255602637E-06
5.7072546680E-06 4.1863028583E-06 3.1213796389E-06 2.3616976510E-06 1.8106207824E-06
1.4047940114E-06 7.7951872086E-07 4.5694328831E-07 2.8022404919E-07 1.7848294467E-07
1.1740927604E-07 7.9415289874E-08 5.5037740984E-08 3.8968458791E-08 2.8120291157E-08
2.0639865662E-08 1.1624394845E-08 6.8858442028E-09 4.2549644544E-09 2.7253896991E-09
1.8004427713E-09 1.2218003021E-09 8.4891769871E-10 6.0227778540E-10 4.3531977024E-10
3.1993922760E-10
2 0 2 T
5.0245002273E+03 3.0539169299E+03 1.8466064263E+03 1.1038551592E+03 6.4742402987E+02
3.6882094027E+02 2.0084354816E+02 1.0143310660E+02 4.4162928843E+01 1.2459158709E+01
-4.0280465124E+00 -1.1689416447E+01 -1.4432141565E+01 -1.4590998593E+01 -1.3516712921E+01
-1.1945303650E+01 -1.0275340880E+01 -8.6732260483E+00 -7.2160142634E+00 -5.9527452525E+00
-4.8743384712E+00 -3.9732090170E+00 -3.2550660521E+00 -2.2115266563E+00 -1.5594792020E+00
-1.1482596294E+00 -8.7035632968E-01 -5.3443482726E-01 -3.6474239816E-01 -2.4926830945E-01
-1.7488636253E-01 -1.2296370084E-01 -8.8191852681E-02 -6.4282911940E-02 -4.7502018341E-02
-3.5562659550E-02 -2.6951063553E-02 -2.0658316095E-02 -1.6003311762E-02 -1.2519993952E-02
-9.8852183724E-03 -7.8720743069E-03 -6.3192927328E-03 -5.1109387239E-03 -4.1627604979E-03
-3.4129010044E-03 -2.3362614473E-03 -1.6348749365E-03 -1.1667796246E-03 -8.4754240675E-04
-6.2553766776E-04 -4.6840162174E-04 -3.5538136790E-04 -2.7289258630E-04 -2.1187458569E-04
-1.6617888699E-04 -9.4186448821E-05 -5.6052822129E-05 -3.4758830603E-05 -2.2324448682E-05
-1.4779671223E-05 -1.0046958286E-05 -6.9905249424E-06 -4.9652834780E-06 -3.5923217347E-06
-2.6423355385E-06 -1.4930248361E-06 -8.8647473614E-07 -5.4872015281E-07 -3.5192228671E-07
-2.3271903409E-07 -1.5804986474E-07 -1.0988337455E-07 -7.7998076968E-08 -5.6399643257E-08
-4.1465361654E-08
2 2 0 T
2.9244114069E+02 1.6390760376E+02 9.8201085954E+01 6.1760000868E+01 3.9650419965E+01
2.5432738556E+01 1.6105952471E+01 9.9908127658E+00 5.9759385815E+00 3.3839490391E+00
1.7484013638E+00 7.6660479869E-01 2.0611127022E-01 -1.1051212808E-01 -2.9043014515E-01
-3.8715068487E-01 -4.3242632453E-01 -4.4315425934E-01 -4.3165917837E-01 -4.0771095595E-01
-3.7819021186E-01 -3.4613004869E-01 -3.1420423076E-01 -2.5498063419E-01 -2.0487014188E-01
-1.6405838823E-01 -1.3142789527E-01 -8.5093027193E-02 -5.6067296493E-02 -3.7684930079E-02
-2.5840358573E-02 -1.8060398140E-02 -1.2850707899E-02 -9.2967499340E-03 -6.8294272559E-03
-5.0882028513E-03 -3.8405285637E-03 -2.9337727893E-03 -2.2660768581E-03 -1.7683880708E-03
-1.3931959259E-03 -1.1073544380E-03 -8.8743593574E-04 -7.1667820319E-04 -5.8294988469E-04
-4.7737618391E-04 -3.2612456156E-04 -2.2784048934E-04 -1.6238351505E-04 -1.1781945619E-04
-8.6873541876E-05 -6.4996816910E-05 -4.9278532916E-05 -3.7816838694E-05 -2.9345176647E-05
-2.3005229627E-05 -1.3026232339E-05 -7.7465833209E-06 -4.8010013620E-06 -3.0821440053E-06
-2.0397668367E-06 -1.3861896087E-06 -9.6425565913E-07 -6.8475952454E-07 -4.9532993406E-07
-3.6428696013E-07 -2.0578822627E-07 -1.2216372551E-07 -7.5607783746E-08 -4.8485799380E-08
-3.2059825546E-08 -2.1771675592E-08 -1.5135738011E-08 -1.0743199372E-08 -7.7679709373E-09
-5.7108519052E-09
2 2 2 T
-7.2676986498E+02 -3.9687318265E+02 -2.2683059986E+02 -1.3400768425E+02 -8.0577384456E+01
-4.8674857741E+01 -2.9277777898E+01 -1.7418557810E+01 -1.0146287136E+01 -5.7255425199E+00
-3.1014260995E+00 -1.6526448677E+00 -9.1652700181E-01 -5.7323615278E-01 -3.8183243009E-01
-2.5967522725E-01 -1.6520578769E-01 -9.4136277802E-02 -4.4232536675E-02 -1.3107132587E-02
6.0856243260E-03 1.9171249680E-02 2.6899711980E-02 3.3920164050E-02 3.4250283673E-02
3.1515274258E-02 2.7680713885E-02 2.0110564696E-02 1.4204829589E-02 1.0001747729E-02
7.0889103697E-03 5.0781833190E-03 3.6824837009E-03 2.7042366677E-03 2.0106527662E-03
1.5129106537E-03 1.1513665648E-03 8.8564306369E-04 6.8812690668E-04 5.3972458762E-04
4.2708375458E-04 3.4076168838E-04 2.7400715992E-04 2.2194209081E-04 1.8100602328E-04
1.4857500458E-04 1.0190883436E-04 7.1430319374E-05 5.1047178969E-05 3.7122190605E-05
2.7424534207E-05 2.0552146160E-05 1.5604045702E-05 1.1989405915E-05 9.3135377002E-06
7.3082525022E-06 4.1460565127E-06 2.4691811608E-06 1.5320021962E-06 9.8438166843E-07
6.5192716311E-07 4.4329469559E-07 3.0851048478E-07 2.1917431257E-07 1.5859629311E-07
1.1667218299E-07 6.5939415430E-08 3.9157895927E-08 2.4241646639E-08 1.5549059249E-08
1.0283156442E-08 6.9842387929E-09 4.8560385940E-09 3.4471099454E-09 2.4926737771E-09
1.8326932406E-09
2 2 4 T
4.4996744415E+03 2.7316659505E+03 1.7376702955E+03 1.1503601473E+03 7.8803610917E+02
5.5626816005E+02 4.0336592507E+02 2.9971957825E+02 2.2767469790E+02 1.7639433201E+02
1.3912317411E+02 1.1154452736E+02 9.0734160790E+01 7.4706187360E+01 6.2109518439E+01
5.2038136962E+01 4.3875460336E+01 3.7212010621E+01 3.1739449718E+01 2.7227147500E+01
2.3462751073E+01 2.0294029505E+01 1.7636641493E+01 1.3492666230E+01 1.0416296930E+01
8.0887932947E+00 6.3354334405E+00 3.9714892690E+00 2.4798631686E+00 1.6388578421E+00
1.1256027884E+00 9.9143364819E-01 7.6798627705E-01 5.8948014489E-01 4.5311870910E-01
3.5236138452E-01 2.7728366651E-01 2.2061030583E-01 1.7728943669E-01 1.4378999871E-01
1.1760889736E-01 9.6946495467E-02 8.0491768058E-02 6.7277948584E-02 5.6584057725E-02
4.7866767286E-02 3.4804145186E-02 2.5794608595E-02 1.9444065534E-02 1.4880453356E-02
1.1543770427E-02 9.0658876987E-03 7.1996608644E-03 5.7759829778E-03 4.6771272908E-03
3.8198341608E-03 2.3802881731E-03 1.5451760849E-03 1.0381505388E-03 7.1824680167E-04
5.0964686702E-04 3.6968845183E-04 2.7341202475E-04 2.0571044040E-04 1.5716243015E-04
1.2173478731E-04 7.5722439846E-05 4.9082401478E-05 3.2935166460E-05 2.2761609434E-05
1.6135816704E-05 1.1695014063E-05 8.6430644120E-06 6.4987043111E-06 4.9621398086E-06
3.8415799148E-06
2 4 4 T
-2.5013560570E+02 -1.0128113938E+02 -4.5084154007E+01 -2.1914107941E+01 -1.1383206359E+01
-6.0588800937E+00 -3.1037459953E+00 -1.4467562883E+00 -5.8928866656E-01 -1.7557578081E-01
3.3012217111E-02 1.3808711305E-01 1.9059103577E-01 1.9270163992E-01 1.5268416381E-01
1.0328015461E-01 4.9758476726E-02 1.7233975519E-02 7.1763661659E-03 6.0616100779E-03
6.0506881248E-03 4.3721505717E-03 4.2494714874E-03 3.0035936297E-03 1.8919213066E-03
1.2411777836E-03 8.3886977867E-04 4.0901882704E-04 2.1424727371E-04 1.1827976330E-04
6.8081508958E-05 4.0625023846E-05 2.5012684436E-05 1.5833307087E-05 1.0273605103E-05
6.8157195286E-06 4.6131472575E-06 3.1795834615E-06 2.2280708039E-06 1.5851185276E-06
1.1434879873E-06 8.3553547183E-07 6.1779097932E-07 4.6183561945E-07 3.4879294566E-07
2.6593875923E-07 1.5869083648E-07 9.7705798779E-08 6.1848855825E-08 4.0131269935E-08
2.6623904409E-08 1.8020106475E-08 1.2420247897E-08 8.7034015779E-09 6.1918692485E-09
4.4667499503E-09 2.0837718174E-09 1.0388232783E-09 5.4757652682E-10 3.0266859157E-10
1.7428562525E-10 1.0399962660E-10 6.4032472288E-11 4.0533266153E-11 2.6300429065E-11
1.7448241993E-11 8.1397336615E-12 4.0579034307E-12 2.1389708079E-12 1.1822991858E-12
6.8080322364E-13 4.0624854139E-13 2.5012684487E-13 1.5833307091E-13 1.0273605103E-13
6.8157195286E-14
2 4 6 T
1.0003379619E+03 4.7699505966E+02 2.4709073388E+02 1.3695917467E+02 7.9997217906E+01
4.8548147264E+01 3.0276600716E+01 1.9361200697E+01 1.2769838224E+01 8.7388238226E+00
6.1968716357E+00 4.4741850490E+00 3.3082611144E+00 2.5117991774E+00 1.9854347588E+00
1.6197106254E+00 1.3450081518E+00 1.1256676886E+00 9.4685073123E-01 7.9064176956E-01
6.9790276820E-01 6.1925610581E-01 5.3382360675E-01 3.7166771108E-01 2.9301402731E-01
2.6650232840E-01 2.5947757058E-01 2.2623097239E-01 1.6726531456E-01 1.1842078151E-01
8.3151938203E-02 5.8637633317E-02 4.1660894585E-02 2.9893424345E-02 2.1681618871E-02
1.5899911205E-02 1.1787693748E-02 8.8317652741E-03 6.6843417076E-03 5.1079930136E-03
3.9391755401E-03 3.0641480233E-03 2.4030191611E-03 1.8991168434E-03 1.5118483003E-03
1.2118628866E-03 7.9373088850E-04 5.3216076054E-04 3.6437522028E-04 2.5427978388E-04
1.8053722331E-04 1.3021038539E-04 9.5271472402E-05 7.0632254574E-05 5.3004233231E-05
4.0223596889E-05 2.1081858221E-05 1.1665164897E-05 6.7577830443E-06 4.0718929710E-06
2.5385316365E-06 1.6304437959E-06 1.0750698678E-06 7.2560608757E-07 5.0006434497E-07
3.5115617876E-07 1.8192049129E-07 9.9718030816E-08 5.7319875145E-08 3.4312653250E-08
2.1272422898E-08 1.3597204416E-08 8.9280918781E-09 6.0037291390E-09 4.1240765156E-09
2.8875847093E-09
3 0 3 T
2.8026382644E+03 1.6996665070E+03 1.0415556993E+03 6.3732195801E+02 3.8557413090E+02
2.2842575153E+02 1.3097333755E+02 7.1399449844E+01 3.5764997598E+01 1.5080785137E+01
3.5780885180E+00 -2.4092151772E+00 -5.1773777634E+00 -6.1413400208E+00 -6.1344774540E+00
-5.6592945749E+00 -4.9856462316E+00 -4.2718016498E+00 -3.6008128036E+00 -2.9833203729E+00
-2.4586933897E+00 -2.0000577306E+00 -1.6280093438E+00 -1.0613748640E+00 -6.7648164573E-01
-4.3532393478E-01 -2.8748675944E-01 -1.2803811832E-01 -6.1796125660E-02 -3.1227046644E-02
-1.6282055379E-02 -8.8771436152E-03 -5.0009390837E-03 -2.9018039187E-03 -1.7265298298E-03
-1.0501150388E-03 -6.5114184924E-04 -4.1061303346E-04 -2.6275031646E-04 -1.7025761526E-04
-1.1149606554E-04 -7.3645973778E-05 -4.8966641657E-05 -3.2702331943E-05 -2.1884519657E-05
-1.4633192562E-05 -6.4266015179E-06 -2.6386782406E-06 -8.8927898238E-07 -9.9406297359E-08
2.3445981764E-07 3.5247656155E-07 3.7082684081E-07 3.4600710474E-07 3.0529720658E-07
2.6153120284E-07 1.6782999554E-07 1.0518252973E-07 6.6243994884E-08 4.2351741200E-08
2.7582383013E-08 1.8313132328E-08 1.2390470046E-08 8.5351759485E-09 5.9794179402E-09
4.2553105981E-09 2.2493173658E-09 1.2504579405E-09 7.2613116352E-10 4.3793909627E-10
2.7302911473E-10 1.7526160999E-10 1.1545420848E-10 7.7833038250E-11 5.3569431696E-11
3.7565118102E-11
3 2 1 T
2.3486149149E+02 9.1447988553E+01 4.0624233799E+01 2.1404538970E+01 1.3051368320E+01
8.4730963089E+00 5.4124071508E+00 3.2542127796E+00 1.7652742855E+00 7.9634624805E-01
1.8008568890E-01 -1.6802239893E-01 -3.2902916845E-01 -3.5932951505E-01 -3.2004231907E-01
-2.5495464533E-01 -1.7502405223E-01 -1.1045589752E-01 -6.9499427630E-02 -4.2297865585E-02
-2.2801286386E-02 -1.1029323175E-02 -2.9596456387E-03 5.6257583990E-03 8.4397901550E-03
8.7261754068E-03 7.9981881140E-03 5.8565335702E-03 4.0137464742E-03 2.7053001671E-03
1.8263774333E-03 1.2444543824E-03 8.5853443489E-04 6.0038913902E-04 4.2567856601E-04
3.0589295773E-04 2.2266785881E-04 1.6408234574E-04 1.2231610505E-04 9.2177750428E-05
7.0178376021E-05 5.3944180618E-05 4.1840456539E-05 3.2728246895E-05 2.5805050966E-05
2.0499336959E-05 1.3207924230E-05 8.7271537636E-06 5.8980970748E-06 4.0679108736E-06
2.8576210266E-06 2.0411615152E-06 1.4802998879E-06 1.0885817071E-06 8.1080770809E-07
6.1105995029E-07 3.1543445168E-07 1.7232046159E-07 9.8744249806E-08 5.8940418622E-08
3.6444472833E-08 2.3238899220E-08 1.5225180549E-08 1.0217411402E-08 7.0053954438E-09
4.8965452906E-09 2.5163427435E-09 1.3700219491E-09 7.8300430013E-10 4.6640780052E-10
2.8791257700E-10 1.8333853873E-10 1.1998088802E-10 8.0441795722E-11 5.5109708008E-11
3.8493790218E-11
3 2 3 T
-5.5614689473E+02 -2.6760341243E+02 -1.4036165358E+02 -7.9014830628E+01 -4.6649132747E+01
-2.8167305305E+01 -1.7028181928E+01 -1.0186194784E+01 -6.0129671255E+00 -3.5108611931E+00
-2.0536950282E+00 -1.2398413939E+00 -7.7734226617E-01 -5.2173147196E-01 -3.5613692000E-01
-2.5013203249E-01 -1.9060477174E-01 -1.3605176049E-01 -9.8853009040E-02 -6.5823201488E-02
-4.5319219664E-02 -2.7567002634E-02 -1.8266104639E-02 -6.4844264818E-03 -1.0443202446E-03
1.5536169613E-03 2.5676147627E-03 2.6836423524E-03 2.1049245836E-03 1.5228626312E-03
1.0737163344E-03 7.5329691017E-04 5.3067517116E-04 3.7696084113E-04 2.7051671555E-04
1.9626530369E-04 1.4397937287E-04 1.0677712706E-04 8.0023323727E-05 6.0578369956E-05
4.6298629330E-05 3.5706910710E-05 2.7775271382E-05 2.1781247216E-05 1.7212040023E-05
1.3700141147E-05 8.8566180463E-06 5.8678130756E-06 3.9744417905E-06 2.7462157574E-06
1.9321469802E-06 1.3819245472E-06 1.0033367389E-06 7.3855297273E-07 5.5056333559E-07
4.1523733241E-07 2.1467152325E-07 1.1740668788E-07 6.7335835812E-08 4.0220350559E-08
2.4883045723E-08 1.5873851985E-08 1.0403756103E-08 6.9839808941E-09 4.7896999594E-09
3.3485910555E-09 1.7214604252E-09 9.3750212243E-10 5.3592018302E-10 3.1928170651E-10
1.9711836443E-10 1.2553586258E-10 8.2160964152E-11 5.5089421567E-11 3.7743526538E-11
2.6365065660E-11
3 2 5 T
3.4205188817E+03 1.9262532908E+03 1.1553629496E+03 7.2864061917E+02 4.7802155217E+02
3.2358052961E+02 2.2475456373E+02 1.5971701844E+02 1.1601911736E+02 8.6100521837E+01
6.5217808094E+01 5.0314506926E+01 3.9428769656E+01 3.1302236982E+01 2.5159192921E+01
2.0442175415E+01 1.6754334067E+01 1.3837666373E+01 1.1486952369E+01 9.5621991567E+00
8.0022851024E+00 6.7078944908E+00 5.6642000246E+00 4.1063460667E+00 3.0296846795E+00
2.2571136559E+00 1.6969425649E+00 1.0093453117E+00 6.0584664619E-01 3.7031437098E-01
2.4632202925E-01 1.8688211845E-01 1.3556272872E-01 9.8536737603E-02 7.1930772328E-02
5.3256404658E-02 3.9993535591E-02 3.0428704008E-02 2.3429551983E-02 1.8238778040E-02
1.4341518316E-02 1.1382127136E-02 9.1112943743E-03 7.3518581871E-03 5.9763309236E-03
4.8918927543E-03 3.3405318306E-03 2.3337987195E-03 1.6637961292E-03 1.2077742080E-03
8.9109440486E-04 6.6716457935E-04 5.0620534913E-04 3.8877266878E-04 3.0192230063E-04
2.3688325613E-04 1.3439553873E-04 8.0073869235E-05 4.9713156509E-05 3.1966358562E-05
2.1186794512E-05 1.4417813712E-05 1.0041833455E-05 7.1393627562E-06 5.1698419213E-06
3.8058558162E-06 2.1537194186E-06 1.2804637046E-06 7.9352990053E-07 5.0946381162E-07
3.3721264037E-07 2.2920795693E-07 1.5947598483E-07 1.1327757615E-07 8.1960809281E-08
6.0292274245E-08
3 4 7 T
1.2748016554E+03 5.4816085078E+02 2.5772500001E+02 1.3065154708E+02 7.0603300947E+01
4.0206924212E+01 2.3728413898E+01 1.4287369919E+01 8.7512302745E+00 5.5281977217E+00
3.6173622436E+00 2.3999758079E+00 1.6135124162E+00 1.0883803637E+00 7.2625727351E-01
4.9313399058E-01 3.3209470252E-01 2.2419246092E-01 1.5392244563E-01 1.0639077682E-01
7.1612007406E-02 4.9755195219E-02 3.3076901321E-02 1.2844703083E-02 3.4624149141E-03
-5.8152938225E-04 -2.2085173133E-03 -2.6735934609E-03 -2.1109160411E-03 -1.4994040799E-03
-1.0293999771E-03 -7.0093544826E-04 -4.7865229164E-04 -3.2948680739E-04 -2.2917260305E-04
-1.6122185553E-04 -1.1474542358E-04 -8.2611574345E-05 -6.0144164020E-05 -4.4258799958E-05
-3.2903696694E-05 -2.4700609870E-05 -1.8714135227E-05 -1.4302736953E-05 -1.1021829069E-05
-8.5601632670E-06 -5.2773007808E-06 -3.3411953683E-06 -2.1667610241E-06 -1.4359676485E-06
-9.7058791023E-07 -6.6791672253E-07 -4.6724030782E-07 -3.3181904520E-07 -2.3893817480E-07
-1.7427348515E-07 -8.3239834545E-08 -4.2303519004E-08 -2.2658170672E-08 -1.2694431697E-08
-7.3948255909E-09 -4.4570133936E-09 -2.7682873530E-09 -1.7659218713E-09 -1.1537120947E-09
-7.7009841847E-10 -3.6304559481E-10 -1.8256331885E-10 -9.6933451828E-11 -5.3911829557E-11
-3.1210043965E-11 -1.8710314759E-11 -1.1567009916E-11 -7.3485403391E-12 -4.7835580999E-12
-3.1826942461E-12
4 0 4 T
1.7761721955E+03 9.3841866122E+02 5.1447682072E+02 2.8859274768E+02 1.6305180581E+02
9.1272039104E+01 4.9643512938E+01 2.5491407039E+01 1.1664538128E+01 3.9521365898E+00
-1.3915628910E-01 -2.1205016608E+00 -2.8961569139E+00 -3.0094745002E+00 -2.7857585398E+00
-2.4104429930E+00 -2.0026391209E+00 -1.6050710164E+00 -1.2558815588E+00 -9.6793243587E-01
-7.4141349538E-01 -5.5194736051E-01 -4.1593636770E-01 -2.3356790880E-01 -1.2188451672E-01
-6.2658792363E-02 -4.0264380357E-02 -2.0661596565E-02 -1.0906786093E-02 -6.0496539421E-03
-3.4850910470E-03 -2.0799203116E-03 -1.2806390709E-03 -8.1065933855E-04 -5.2600474936E-04
-3.4896230228E-04 -2.3619142247E-04 -1.6279348976E-04 -1.1407639585E-04 -8.1157478618E-05
-5.8546159332E-05 -4.2779105164E-05 -3.1630668194E-05 -2.3645811817E-05 -1.7858068994E-05
-1.3615965488E-05 -8.1249117617E-06 -5.0025005305E-06 -3.1666383976E-06 -2.0547060835E-06
-1.3631339961E-06 -9.2262274426E-07 -6.3591206938E-07 -4.4561092131E-07 -3.1702140085E-07
-2.2869593489E-07 -1.0668834145E-07 -5.3187365187E-08 -2.8035714361E-08 -1.5496519232E-08
-8.9233591422E-09 -5.3247421722E-09 -3.2784387477E-09 -2.0752881402E-09 -1.3465721789E-09
-8.9334349567E-10 -4.1675133379E-10 -2.0776314526E-10 -1.0951450922E-10 -6.0533278251E-11
-3.4856871649E-11 -2.0799774110E-11 -1.2806401358E-11 -8.1065942977E-12 -5.2600475737E-12
-3.4896230299E-12
4 2 2 T
1.7508553720E+02 6.5309960894E+01 2.6047003601E+01 1.1909751246E+01 6.4154720279E+00
3.8409488631E+00 2.3859778228E+00 1.5283006385E+00 1.0112593678E+00 6.5444348700E-01
3.8980439483E-01 1.7179939331E-01 -4.9633226414E-03 -1.6127371527E-01 -2.4884378231E-01
-2.6448347075E-01 -2.4490711309E-01 -1.9841952862E-01 -1.5174782012E-01 -1.1733214208E-01
-9.3171028520E-02 -7.4666661872E-02 -5.9373000619E-02 -3.8509425417E-02 -2.5355470538E-02
-1.7112238303E-02 -1.1792869781E-02 -5.8825006653E-03 -3.0995638775E-03 -1.7131453004E-03
-9.8644229860E-04 -5.8862574477E-04 -3.6241491784E-04 -2.2941266937E-04 -1.4885678392E-04
-9.8754631797E-05 -6.6841021984E-05 -4.6069764564E-05 -3.2283064310E-05 -2.2967171095E-05
-1.6568277887E-05 -1.2106278366E-05 -8.9513250120E-06 -6.6916495550E-06 -5.0537465308E-06
-3.8532519037E-06 -2.2993104485E-06 -1.4156832808E-06 -8.9614324042E-07 -5.8147181225E-07
-3.8576028046E-07 -2.6109774212E-07 -1.7996001783E-07 -1.2610571996E-07 -8.9715512091E-08
-6.4719835495E-08 -3.0192280905E-08 -1.5051765249E-08 -7.9339705897E-09 -4.3854394524E-09
-2.5252671676E-09 -1.5068760956E-09 -9.2778219488E-10 -5.8729643404E-10 -3.8107336687E-10
-2.5281185740E-10 -1.1793859728E-10 -5.8795958004E-11 -3.0992072616E-11 -1.7130622861E-11
-9.8643248736E-12 -5.8862347483E-12 -3.6241491987E-12 -2.2941266955E-12 -1.4885678393E-12
-9.8754631798E-13
4 2 4 T
-4.2780448873E+02 -1.8221838602E+02 -8.3400906811E+01 -4.1233087153E+01 -2.1693416670E+01
-1.1791127877E+01 -6.4236959260E+00 -3.4560785382E+00 -1.8293940125E+00 -9.4238638940E-01
-4.8177005178E-01 -2.6284173083E-01 -1.5523885155E-01 -1.0619641447E-01 -7.6937922690E-02
-6.2930260953E-02 -5.1254979872E-02 -4.1716495147E-02 -3.3073911879E-02 -2.5864201778E-02
-2.0436865571E-02 -1.6148592668E-02 -1.2897148508E-02 -8.4099915608E-03 -5.6011558297E-03
-3.7976814787E-03 -2.6188845090E-03 -1.3062994858E-03 -6.8856819006E-04 -3.8061512772E-04
-2.1917309693E-04 -1.3078477526E-04 -8.0524172690E-05 -5.0972695690E-05 -3.3074160918E-05
-2.1942074101E-05 -1.4851259436E-05 -1.0236139505E-05 -7.1729029454E-06 -5.1030251531E-06
-3.6812691667E-06 -2.6898673221E-06 -1.9888751863E-06 -1.4868028741E-06 -1.1228808092E-06
-8.5614555247E-07 -5.1087872360E-07 -3.1454754966E-07 -1.9911209255E-07 -1.2919594109E-07
-8.5711226956E-08 -5.8012732171E-08 -3.9984919942E-08 -2.8019152130E-08 -1.9933692004E-08
-1.4379957683E-08 -6.7083563860E-09 -3.3443185643E-09 -1.7628314482E-09 -9.7439113159E-10
-5.6108354927E-10 -3.3480948030E-10 -2.0614188214E-10 -1.3049010097E-10 -8.4669851950E-11
-5.6171709698E-11 -2.6204517133E-11 -1.3063744392E-11 -6.8860603446E-12 -3.8062153578E-12
-2.1917326143E-12 -1.3078495324E-12 -8.0524172712E-13 -5.0972695692E-13 -3.3074160918E-13
-2.1942074101E-13
4 2 6 T
3.0682630966E+03 1.5851069430E+03 8.7940805177E+02 5.1833523170E+02 3.2085890421E+02
2.0643654809E+02 1.3690005439E+02 9.3105907892E+01 6.4806029336E+01 4.6103194832E+01
3.3421984342E+01 2.4606496487E+01 1.8373264945E+01 1.3919262798E+01 1.0712847524E+01
8.3818663798E+00 6.6926006304E+00 5.4357310377E+00 4.4633048681E+00 3.6905922034E+00
3.0701922039E+00 2.5051647124E+00 2.0916643923E+00 1.4901420479E+00 1.0772768105E+00
8.0587053922E-01 5.9787690813E-01 3.4340986198E-01 2.0550556903E-01 1.2596425921E-01
7.9970763134E-02 5.2145508724E-02 3.4838890924E-02 2.3786151283E-02 1.6558136628E-02
1.1730847886E-02 8.4447140364E-03 6.1684075650E-03 4.5662849701E-03 3.4220551580E-03
2.5937662325E-03 1.9866717975E-03 1.5365402879E-03 1.1991939821E-03 9.4383766110E-04
7.4873483605E-04 4.8151557078E-04 3.1785247478E-04 2.1474032388E-04 1.4811956915E-04
1.0409242880E-04 7.4397715086E-05 5.3996451640E-05 3.9742452192E-05 2.9629156639E-05
2.2351753136E-05 1.1567388194E-05 6.3350823782E-06 3.6389049286E-06 2.1769802424E-06
1.3489302505E-06 8.6183607777E-07 5.6566686524E-07 3.8025108087E-07 2.6112005975E-07
1.8277914343E-07 9.4175088074E-08 5.1389672765E-08 2.9428793337E-08 1.7560316535E-08
1.0856754809E-08 6.9229927081E-09 4.5361926205E-09 3.0447233772E-09 2.0880237940E-09
1.4598217145E-09
4 4 8 T
1.2342823257E+03 5.1595163146E+02 2.3478681190E+02 1.1493096660E+02 5.9882879692E+01
3.2833054324E+01 1.8620370640E+01 1.0739072261E+01 6.3175122913E+00 3.9726419944E+00
2.6814244181E+00 1.8841528254E+00 1.3637527902E+00 1.0152446906E+00 7.5154882861E-01
5.3767145840E-01 3.7879736037E-01 2.6098519084E-01 1.8257744831E-01 1.3491886222E-01
1.0286559845E-01 8.4990954820E-02 6.7057937400E-02 4.0518693199E-02 2.5001665601E-02
1.5715312902E-02 1.0232595603E-02 4.6373095802E-03 2.2528364037E-03 1.1550554751E-03
6.2066451083E-04 3.4718569939E-04 2.0118269884E-04 1.2027583440E-04 7.3934734231E-05
4.6597322611E-05 3.0037049627E-05 1.9761813542E-05 1.3245867320E-05 9.0308732994E-06
6.2541867718E-06 4.3941086677E-06 3.1286504729E-06 2.2553224480E-06 1.6445570491E-06
1.2121032961E-06 6.7808028851E-07 3.9293496088E-07 2.3491373923E-07 1.4440377781E-07
9.1010395726E-08 5.8666112554E-08 3.8597292075E-08 2.5870834610E-08 1.7638424413E-08
1.2215208539E-08 5.1804408492E-09 2.3673892502E-09 1.1518892226E-09 5.9121924782E-10
3.1774560645E-10 1.7775467915E-10 1.0300554238E-10 6.1581227257E-11 3.7854583930E-11
2.3857829177E-11 1.0118048534E-11 4.6238071293E-12 2.2497836379E-12 1.1547250934E-12
6.2059688761E-13 3.4717710772E-13 2.0118269997E-13 1.2027583449E-13 7.3934734238E-14
4.6597322612E-14
5 0 5 T
9.3566497744E+02 4.6676841286E+02 2.3945496227E+02 1.2556381136E+02 6.6601165872E+01
3.5245834533E+01 1.8280292022E+01 9.0844242412E+00 4.1827998414E+00 1.6488098751E+00
4.0246221190E-01 -1.6240133142E-01 -3.6705251163E-01 -3.9098033016E-01 -3.3951231298E-01
-2.5706676293E-01 -1.8659198242E-01 -1.3579542808E-01 -9.9695061801E-02 -7.4958228886E-02
-5.7381110552E-02 -4.3351280741E-02 -3.4235591064E-02 -2.1412015905E-02 -1.3460544525E-02
-8.6066397639E-03 -5.6436834203E-03 -2.5746697191E-03 -1.2523048717E-03 -6.4277048632E-04
-3.4544743422E-04 -1.9325222225E-04 -1.1198611226E-04 -6.6950205812E-05 -4.1154947694E-05
-2.5937881494E-05 -1.6719789679E-05 -1.1000193767E-05 -7.3731647567E-06 -5.0269352035E-06
-3.4813235233E-06 -2.4459317297E-06 -1.7415284968E-06 -1.2554001627E-06 -9.1542439478E-07
-6.7470382182E-07 -3.7744585270E-07 -2.1872287674E-07 -1.3076212083E-07 -8.0380757223E-08
-5.0659924793E-08 -3.2655839216E-08 -2.1484753452E-08 -1.4400712415E-08 -9.8182328194E-09
-6.7994600064E-09 -2.8836347949E-09 -1.3177809020E-09 -6.4118632735E-10 -3.2909562025E-10
-1.7686955867E-10 -9.8945165611E-11 -5.7336889800E-11 -3.4278505402E-11 -2.1071333221E-11
-1.3280195325E-11 -5.6320992088E-12 -2.5737908242E-12 -1.2523170456E-12 -6.4276488330E-13
-3.4544835677E-13 -1.9325227658E-13 -1.1198611289E-13 -6.6950205863E-14 -4.1154947698E-14
-2.5937881494E-14
5 2 3 T
1.7144212786E+02 6.9248553816E+01 2.8915291356E+01 1.2801559135E+01 6.2221062091E+00
3.2952700472E+00 1.7305365476E+00 8.3456308783E-01 3.7001980105E-01 1.5607689232E-01
8.5486775658E-02 5.2008238521E-02 3.8291148408E-02 2.6685065039E-02 1.8598294127E-02
1.2279790666E-02 9.7913917244E-03 7.8416346953E-03 6.1501189519E-03 4.7502195318E-03
3.7189720386E-03 2.7996422632E-03 2.1645531513E-03 1.3067424299E-03 8.2026371388E-04
5.2841774756E-04 3.4777731960E-04 1.5879542536E-04 7.7262871317E-05 3.9658662620E-05
2.1314208194E-05 1.1923591161E-05 6.9095242226E-06 4.1308163775E-06 2.5392533119E-06
1.6003629010E-06 1.0316081952E-06 6.7871009483E-07 4.5492301837E-07 3.1016105179E-07
2.1479707254E-07 1.5091357401E-07 1.0745201368E-07 7.7457977696E-08 5.6481530320E-08
4.1629111685E-08 2.3288345270E-08 1.3495164500E-08 8.0680007375E-09 4.9594791248E-09
3.1257087910E-09 2.0148597562E-09 1.3256056540E-09 8.8852152025E-10 6.0578330427E-10
4.1952553231E-10 1.7791977910E-10 8.1306858760E-11 3.9561087945E-11 2.0305144105E-11
1.0912821854E-11 6.1048999824E-12 3.5376764026E-12 2.1149779853E-12 1.3000976957E-12
8.1938580530E-13 3.4749956856E-13 1.5880245852E-13 7.7267749893E-14 3.9658484580E-14
2.1314105183E-14 1.1923632778E-14 6.9095242237E-15 4.1308163776E-15 2.5392533119E-15
1.6003629010E-15
5 2 5 T
-3.3574214101E+02 -1.3998821993E+02 -6.0198554857E+01 -2.6681419347E+01 -1.2046062914E+01
-5.3274141138E+00 -2.0564486909E+00 -4.7348221791E-01 1.8898208318E-01 3.8809723682E-01
3.7340849184E-01 2.9791995979E-01 2.1980293940E-01 1.5455048358E-01 1.1166102431E-01
7.9670253533E-02 5.6433124624E-02 4.1321031063E-02 3.0813345331E-02 2.3640441455E-02
1.8314876380E-02 1.4545988168E-02 1.1402148058E-02 7.1463143442E-03 4.5251812540E-03
2.9206658689E-03 1.9212362961E-03 8.7773401618E-04 4.2703626713E-04 2.1917269327E-04
1.1779035866E-04 6.5894884865E-05 3.8184840997E-05 2.2828571331E-05 1.4032946532E-05
8.8442562685E-06 5.7010864480E-06 3.7508280198E-06 2.5140896196E-06 1.7140761166E-06
1.1870559822E-06 8.3400978749E-07 5.9382352903E-07 4.2806428740E-07 3.1213990795E-07
2.3005940200E-07 1.2870086748E-07 7.4579767593E-08 4.4587053382E-08 2.7408098695E-08
1.7273938024E-08 1.1134934469E-08 7.3258359761E-09 4.9103312883E-09 3.3478049153E-09
2.3184687153E-09 9.8325706041E-10 4.4933476952E-10 2.1863066173E-10 1.1221448456E-10
6.0308691877E-11 3.3738160204E-11 1.9550638596E-11 1.1688228522E-11 7.1848686244E-12
4.5282592095E-12 1.9204239461E-12 8.7760697172E-13 4.2701301119E-13 2.1916891515E-13
1.1779041382E-13 6.5894844148E-14 3.8184841008E-14 2.2828571332E-14 1.4032946532E-14
8.8442562685E-15
5 2 7 T
2.4114822359E+03 1.1651887859E+03 5.9971676714E+02 3.2744462346E+02 1.8840029141E+02
1.1330258034E+02 7.0555613207E+01 4.5230107778E+01 2.9922124795E+01 2.0537533709E+01
1.4569798952E+01 1.0636307607E+01 7.9096235229E+00 5.9718111054E+00 4.5580430837E+00
3.5620471681E+00 2.7955070182E+00 2.2476594008E+00 1.8239113658E+00 1.4828818330E+00
1.2012701521E+00 9.5012847744E-01 7.5769091480E-01 4.6866518967E-01 3.0051219872E-01
2.1102719530E-01 1.5467390841E-01 9.0180475689E-02 5.2900393074E-02 3.1468587020E-02
1.9238252193E-02 1.2102527078E-02 7.7884374150E-03 5.1207468323E-03 3.4332794794E-03
2.3437612904E-03 1.6267995465E-03 1.1466067591E-03 8.1969268921E-04 5.9372996261E-04
4.3532914927E-04 3.2282463412E-04 2.4193594870E-04 1.8311129655E-04 1.3987337081E-04
1.0777280047E-04 6.5527651664E-05 4.1006749698E-05 2.6329902642E-05 1.7300499141E-05
1.1606514986E-05 7.9347493804E-06 5.5184795934E-06 3.8987078258E-06 2.7943161260E-06
2.0294986226E-06 9.6072864839E-07 4.8474876896E-07 2.5810237269E-07 1.4388892083E-07
8.3466821127E-08 5.0125443901E-08 3.1035580199E-08 1.9743430318E-08 1.2867370313E-08
8.5702956609E-09 4.0253572757E-09 2.0180836036E-09 1.0688061700E-09 5.9316648958E-10
3.4275690363E-10 2.0515309090E-10 1.2665122046E-10 8.0362182650E-11 5.2254461114E-11
3.4732730446E-11
5 4 9 T
1.3900047585E+03 5.5790859761E+02 2.4051217710E+02 1.1002789547E+02 5.3017322542E+01
2.6856888920E+01 1.4099397762E+01 7.4299805168E+00 3.8906595094E+00 2.1396636990E+00
1.2589632066E+00 8.0229016481E-01 5.3836637575E-01 3.7864713047E-01 2.7786186959E-01
2.0050096580E-01 1.4497005786E-01 1.0414872605E-01 7.5521584987E-02 5.5538552464E-02
4.0776119904E-02 3.1021424192E-02 2.3331936105E-02 1.3493066574E-02 8.0210371243E-03
4.9002733928E-03 3.0685227606E-03 1.2824761179E-03 5.7562709480E-04 2.7428050419E-04
1.3757708667E-04 7.2152857104E-05 3.9351603467E-05 2.2219106789E-05 1.2939444668E-05
7.7473234961E-06 4.7561845737E-06 2.9869285849E-06 1.9150198816E-06 1.2512359971E-06
8.3186252618E-07 5.6197651607E-07 3.8531330511E-07 2.6783746995E-07 1.8856959501E-07
1.3435044217E-07 7.0461496726E-08 3.8429300279E-08 2.1698346475E-08 1.2636176434E-08
7.5657456016E-09 4.6447114978E-09 2.9169224462E-09 1.8701366031E-09 1.2219101534E-09
8.1236574822E-10 3.1320216279E-10 1.3120160369E-10 5.8927508732E-11 2.8084794289E-11
1.4087664925E-11 7.3884234391E-12 4.0296041969E-12 2.2752365353E-12 1.3249991340E-12
7.9332592600E-13 3.0586148710E-13 1.2812656610E-13 5.7546395246E-14 2.7426556923E-14
1.3757485279E-14 7.2152572647E-15 3.9351603486E-15 2.2219106790E-15 1.2939444668E-15
7.7473234961E-16
6 0 6 T
6.0811764885E+02 2.7375126453E+02 1.2750441756E+02 6.0943654664E+01 2.9559756051E+01
1.4314531341E+01 6.7190943993E+00 2.8908381995E+00 9.9764484771E-01 9.8484273331E-02
-3.1392735367E-01 -4.6772709623E-01 -4.8879593583E-01 -4.3958818372E-01 -3.5720923365E-01
-2.7639613432E-01 -1.9879592952E-01 -1.4217638344E-01 -1.0346902668E-01 -7.5956118302E-02
-5.6925803415E-02 -4.2189431398E-02 -3.1881966678E-02 -1.8629763589E-02 -1.1149227929E-02
-6.8342065339E-03 -4.2831229829E-03 -1.7926719988E-03 -8.0531569867E-04 -3.8382360005E-04
-1.9254216630E-04 -1.0097973310E-04 -5.5073910105E-05 -3.1096397229E-05 -1.8109193825E-05
-1.0842643283E-05 -6.6564424152E-06 -4.1803083576E-06 -2.6801355936E-06 -1.7511474236E-06
-1.1642199576E-06 -7.8650528800E-07 -5.3925910307E-07 -3.7484766786E-07 -2.6390957520E-07
-1.8802802287E-07 -9.8613266196E-08 -5.3783115520E-08 -3.0367575433E-08 -1.7684759596E-08
-1.0588518832E-08 -6.5004320461E-09 -4.0823323805E-09 -2.6173199156E-09 -1.7101049058E-09
-1.1369335524E-09 -4.3833710164E-10 -1.8362111608E-10 -8.2471056887E-11 -3.9305626817E-11
-1.9716167211E-11 -1.0340350421E-11 -5.6395684139E-12 -3.1842710777E-12 -1.8543814478E-12
-1.1102866722E-12 -4.2806357582E-13 -1.7931749617E-13 -8.0538141491E-14 -3.8384401189E-14
-1.9254069542E-14 -1.0097998458E-14 -5.5073910292E-15 -3.1096397243E-15 -1.8109193826E-15
-1.0842643284E-15
6 2 8 T
1.8127060329E+03 8.1543059710E+02 3.9011967852E+02 1.9778710744E+02 1.0594736806E+02
5.9661048766E+01 3.4907852696E+01 2.1014360311E+01 1.3103719596E+01 8.5463266603E+00
5.7720020347E+00 3.9867292965E+00 2.8101509648E+00 2.0065631890E+00 1.4727593007E+00
1.0941975862E+00 8.5165306294E-01 6.7051536366E-01 5.3403894094E-01 4.2087855999E-01
3.2817361879E-01 2.4965971775E-01 1.9373162501E-01 1.1871808436E-01 7.4822761712E-02
4.8318490094E-02 3.1849604578E-02 1.4573960719E-02 7.0923365788E-03 3.6406819929E-03
1.9566542551E-03 1.0946058387E-03 6.3430505431E-04 3.7921536050E-04 2.3310739880E-04
1.4691580051E-04 9.4703234945E-05 6.2306641099E-05 4.1762639821E-05 2.8473266397E-05
1.9718704952E-05 1.3854100542E-05 9.8642617856E-06 7.1107626855E-06 5.1850922289E-06
3.8216171246E-06 2.1379062748E-06 1.2388770661E-06 7.4065500155E-07 4.5528788834E-07
2.8694492288E-07 1.8496725575E-07 1.2169265840E-07 8.1567655900E-08 5.5611848432E-08
3.8513095610E-08 1.6333312124E-08 7.4640959465E-09 3.6317693326E-09 1.8640437734E-09
1.0018139995E-09 5.6043930250E-10 3.2476418963E-10 1.9415826473E-10 1.1935098820E-10
7.5220889863E-11 3.1901000243E-11 1.4578312395E-11 7.0932994777E-12 3.6407104950E-12
1.9566679678E-12 1.0946080127E-12 6.3430505786E-13 3.7921536079E-13 2.3310739883E-13
1.4691580051E-13
6 4 10 T
1.0564029565E+03 4.1321394075E+02 1.7307036671E+02 7.6450253784E+01 3.5271989899E+01
1.6966445183E+01 8.3752501039E+00 4.0712399414E+00 1.9506110423E+00 9.9977460186E-01
5.7557679280E-01 3.5717134067E-01 2.2469360281E-01 1.4780839800E-01 9.7902586362E-02
6.9054647143E-02 4.7064997302E-02 3.2213455493E-02 2.2176512454E-02 1.5523719994E-02
1.1174195066E-02 8.3711682317E-03 6.0693731014E-03 3.4018574094E-03 1.9457449170E-03
1.1374006701E-03 6.8230070466E-04 2.6226745717E-04 1.0869143117E-04 4.8134988441E-05
2.2538388375E-05 1.1081785887E-05 5.6885851142E-06 3.0335058698E-06 1.6736043088E-06
9.5194628529E-07 5.5658327733E-07 3.3365136563E-07 2.0461440241E-07 1.2812053307E-07
8.1771563257E-08 5.3117248236E-08 3.5070421862E-08 2.3507370431E-08 1.5979545361E-08
1.1005469990E-08 5.4111881428E-09 2.7776294511E-09 1.4812040381E-09 8.1718960391E-10
4.6481752211E-10 2.7176917838E-10 1.6291570587E-10 9.9909376177E-11 6.2558854039E-11
3.9927521122E-11 1.3994352575E-11 5.3737646434E-12 2.2278988675E-12 9.8597057829E-13
4.6160286800E-13 2.2696168072E-13 1.1650222317E-13 6.2126200216E-14 3.4275416245E-14
1.9495859923E-14 6.8331799680E-15 2.6239085173E-15 1.0878412439E-15 4.8143094643E-16
2.2539202539E-16 1.1082113316E-16 5.6885851158E-17 3.0335058699E-17 1.6736043088E-17
9.5194628529E-18
7 0 7 T
3.6531418445E+02 1.5634609158E+02 6.8598905441E+01 3.0690415528E+01 1.3900941078E+01
6.3175103400E+00 2.7961392283E+00 1.1294352125E+00 3.7592848884E-01 6.7581126640E-02
-6.2022317786E-02 -1.2566441047E-01 -1.6686597831E-01 -1.8281048412E-01 -1.6643418310E-01
-1.3732388909E-01 -1.0329064593E-01 -7.3284020606E-02 -5.1157618979E-02 -3.6824867939E-02
-2.6929278304E-02 -1.9291132223E-02 -1.4275709825E-02 -7.8594964139E-03 -4.4796071086E-03
-2.6071443662E-03 -1.5537959623E-03 -5.9470201699E-04 -2.4629185618E-04 -1.0898831820E-04
-5.1021297263E-05 -2.5086272794E-05 -1.2877143776E-05 -6.8668905453E-06 -3.7885067978E-06
-2.1549030163E-06 -1.2599271636E-06 -7.5528036119E-07 -4.6318179896E-07 -2.9002405643E-07
-1.8510475962E-07 -1.2024052219E-07 -7.9388258584E-08 -5.3213195146E-08 -3.6172598212E-08
-2.4912876749E-08 -1.2249205476E-08 -6.2876678809E-09 -3.3529739006E-09 -1.8498568350E-09
-1.0521987384E-09 -6.1519881036E-10 -3.6878923886E-10 -2.2616298777E-10 -1.4161330881E-10
-9.0383183409E-11 -3.1678754401E-11 -1.2164490600E-11 -5.0432530319E-12 -2.2319231725E-12
-1.0449217860E-12 -5.1376891525E-13 -2.6372390544E-13 -1.4063391843E-13 -7.7588619224E-14
-4.4132413774E-14 -1.5468141797E-14 -5.9396926758E-15 -2.4625258945E-15 -1.0898062366E-15
-5.1021571581E-16 -2.5086372815E-16 -1.2877143820E-16 -6.8668905485E-17 -3.7885067980E-17
-2.1549030163E-17
7 2 9 T
1.1763530645E+03 5.0151513534E+02 2.2604419308E+02 1.0733970820E+02 5.3590545789E+01
2.8107133440E+01 1.5283224336E+01 8.4730389496E+00 4.8879623108E+00 3.0562025260E+00
2.0376821363E+00 1.3746818382E+00 9.2540215994E-01 6.0843572791E-01 4.0057519394E-01
2.7220786055E-01 1.8613065384E-01 1.3368542146E-01 9.8015623421E-02 7.2823736657E-02
5.4147526649E-02 4.0477617114E-02 3.0428486762E-02 1.7811949520E-02 1.0676097013E-02
6.5699144757E-03 4.1307309683E-03 1.7322792367E-03 7.7818648197E-04 3.7091825846E-04
1.8606021812E-04 9.7581194354E-05 5.3220314349E-05 3.0049800872E-05 1.7499701467E-05
1.0477717694E-05 6.4324097594E-06 4.0396137456E-06 2.5899315691E-06 1.6922099036E-06
1.1250363708E-06 7.6003426077E-07 5.2110952083E-07 3.6223160160E-07 2.5502729855E-07
1.8169965485E-07 9.5294287297E-08 5.1972963271E-08 2.9345508667E-08 1.7089552214E-08
1.0232146186E-08 6.2816501557E-09 3.9449352984E-09 2.5292300479E-09 1.6525487340E-09
1.0986683309E-09 4.2358420229E-10 1.7744106919E-10 7.9695368502E-11 3.7982736388E-11
1.9052589728E-11 9.9923302596E-12 5.4497601935E-12 3.0770996096E-12 1.7919694303E-12
1.0729182919E-12 4.1365644755E-13 1.7328229413E-13 7.7827508303E-14 3.7092516004E-14
1.8606044656E-14 9.7581350192E-15 5.3220314390E-15 3.0049800875E-15 1.7499701468E-15
1.0477717694E-15
8 2 10 T
7.9071827544E+02 3.2281770531E+02 1.3848059698E+02 6.2128634794E+01 2.9205720160E+01
1.4485120095E+01 7.4344229711E+00 3.8165100416E+00 2.0302426361E+00 1.2109757442E+00
8.2201478631E-01 5.7007972681E-01 3.8953459647E-01 2.5533191468E-01 1.6563558461E-01
1.0470670502E-01 6.9018134917E-02 4.7919729568E-02 3.4777366206E-02 2.5784535489E-02
1.9013440965E-02 1.3677302471E-02 1.0159315432E-02 5.5817401490E-03 3.1704214522E-03
1.8548849437E-03 1.1134310566E-03 4.2784063135E-04 1.7749664595E-04 7.8528616751E-05
3.6765717659E-05 1.8077148780E-05 9.2791014365E-06 4.9481915298E-06 2.7299484559E-06
1.5527949336E-06 9.0788703789E-07 5.4424515138E-07 3.3376274725E-07 2.0898754239E-07
1.3338406915E-07 8.6643747892E-08 5.7206140965E-08 3.8344732547E-08 2.6065501238E-08
1.7951893196E-08 8.8266172817E-09 4.5308112504E-09 2.4161091455E-09 1.3329826445E-09
7.5820065118E-10 4.4330421772E-10 2.6574470282E-10 1.6297009143E-10 1.0204469843E-10
6.5128940013E-11 2.2827296154E-11 8.7655728498E-12 3.6341021836E-12 1.6082946510E-12
7.5295697441E-13 3.7021516171E-13 1.9003599751E-13 1.0133896254E-13 5.5909344377E-14
3.1801240241E-14 1.1146140700E-14 4.2800648681E-15 1.7744639568E-15 7.8530012256E-16
3.6765477266E-16 1.8076912193E-16 9.2791014408E-17 4.9481915301E-17 2.7299484559E-17
1.5527949336E-17
2 0 2 F
4.8833287522E+03 3.1294628004E+03 2.0190926519E+03 1.3072735926E+03 8.4698383904E+02
5.4736533660E+02 3.5179018754E+02 2.2409646968E+02 1.4102061997E+02 8.7396506468E+01
5.3065173839E+01 3.1378150295E+01 1.7837319709E+01 9.5322351727E+00 4.5570634319E+00
1.6567212756E+00 1.8910368391E-02 -8.4715631025E-01 -1.2617127873E+00 -1.3989916198E+00
-1.4031035703E+00 -1.3262718342E+00 -1.1908790604E+00 -9.2360686234E-01 -7.1120124240E-01
-5.5403569474E-01 -4.5252515902E-01 -3.1570451083E-01 -2.1784347718E-01 -1.5885423834E-01
-1.1120292526E-01 -8.0578811701E-02 -5.8534539450E-02 -4.3060232648E-02 -3.2054544056E-02
-2.4142169055E-02 -1.8387095112E-02 -1.4152692245E-02 -1.1002368947E-02 -8.6336121410E-03
-6.8345201016E-03 -5.4550336499E-03 -4.3877441437E-03 -3.5549696744E-03 -2.8999647647E-03
-2.3808802277E-03 -1.6336537331E-03 -1.1454020060E-03 -8.1875131769E-04 -5.9552706118E-04
-4.4002886707E-04 -3.2980875285E-04 -2.5043582425E-04 -1.9244378779E-04 -1.4950712824E-04
-1.1732666981E-04 -6.6571947160E-05 -3.9651891181E-05 -2.4604399988E-05 -1.5810674683E-05
-1.0471595756E-05 -7.1207915242E-06 -4.9559144422E-06 -3.5209405070E-06 -2.5478559597E-06
-1.8743905174E-06 -1.0593887254E-06 -6.2913360292E-07 -3.8948969212E-07 -2.4983089660E-07
-1.6522473355E-07 -1.1222072880E-07 -7.8026225271E-08 -5.5388211293E-08 -4.0052609006E-08
-2.9448138169E-08
2 2 0 F
1.7165675860E+02 8.1143084616E+01 3.7431880959E+01 2.2528137778E+01 1.4410246998E+01
1.0153396616E+01 7.3863414501E+00 5.3040771387E+00 3.6411034781E+00 2.0267134855E+00
1.0378105874E+00 3.5995897780E-01 -2.7706883533E-02 -2.1961409962E-01 -2.9756182380E-01
-3.1375146398E-01 -2.8900644832E-01 -2.6336664757E-01 -2.3905605032E-01 -2.1697587596E-01
-1.9346456761E-01 -1.7106779074E-01 -1.5127925777E-01 -1.1779522850E-01 -9.2027682678E-02
-7.2232736444E-02 -5.7001215100E-02 -3.6118279681E-02 -2.3452660152E-02 -1.5598630957E-02
-1.0612169053E-02 -7.3722287142E-03 -5.2205452021E-03 -3.7621863166E-03 -2.7549661072E-03
-2.0471579723E-03 -1.5417516413E-03 -1.1755216021E-03 -9.0651652095E-04 -7.0643211457E-04
-5.5587228782E-04 -4.4135146378E-04 -3.5336597764E-04 -2.8513336687E-04 -2.3175584509E-04
-1.8965738829E-04 -1.2941827718E-04 -9.0330703792E-05 -6.4329139009E-05 -4.6644261633E-05
-3.4373774439E-05 -2.5705438332E-05 -1.9481046017E-05 -1.4944612657E-05 -1.1593125681E-05
-9.0859650871E-06 -5.1418676685E-06 -3.0565310262E-06 -1.8936870385E-06 -1.2153931408E-06
-8.0418102217E-07 -5.4641417530E-07 -3.8004087008E-07 -2.6985157752E-07 -1.9518127379E-07
-1.4353250367E-07 -8.1071439433E-08 -4.8122103278E-08 -2.9780626591E-08 -1.9096515303E-08
-1.2626364989E-08 -8.5741431676E-09 -5.9605633882E-09 -4.2306260419E-09 -3.0589180684E-09
-2.2488059135E-09
2 2 1 F
-6.0665367689E+01 -4.3029993445E+01 -2.7722774208E+01 -1.7504220317E+01 -1.1244351558E+01
-7.6372198197E+00 -5.0372237636E+00 -3.5059554551E+00 -2.4111424958E+00 -1.6791104000E+00
-1.1895683694E+00 -8.9135083147E-01 -6.4868900969E-01 -4.7444192360E-01 -3.2486142373E-01
-2.1540231996E-01 -1.3222099180E-01 -7.3808947300E-02 -3.8293906571E-02 -1.8595922326E-02
-1.1026652666E-02 -5.3040414642E-03 -2.6341930369E-03 -8.3163408357E-04 -2.3177262680E-04
-6.4202545611E-05 -1.6372469876E-05 -8.2057275366E-07 -8.7188201968E-08 8.7265504209E-09
-4.8305725557E-09 -2.5185736823E-10 0.0000000000E+00 0.0000000000E+00 0.0000000000E+00
0.0000000000E+00 0.0000000000E+00 0.0000000000E+00 0.0000000000E+00 0.0000000000E+00
0.0000000000E+00 0.0000000000E+00 0.0000000000E+00 0.0000000000E+00 0.0000000000E+00
0.0000000000E+00 0.0000000000E+00 0.0000000000E+00 0.0000000000E+00 0.0000000000E+00
0.0000000000E+00 0.0000000000E+00 0.0000000000E+00 0.0000000000E+00 0.0000000000E+00
0.0000000000E+00 0.0000000000E+00 0.0000000000E+00 0.0000000000E+00 0.0000000000E+00
0.0000000000E+00 0.0000000000E+00 0.0000000000E+00 0.0000000000E+00 0.0000000000E+00
0.0000000000E+00 0.0000000000E+00 0.0000000000E+00 0.0000000000E+00 0.0000000000E+00
0.0000000000E+00 0.0000000000E+00 0.0000000000E+00 0.0000000000E+00 0.0000000000E+00
0.0000000000E+00
2 2 2 F
-7.4760721027E+02 -4.2226232666E+02 -2.4238266038E+02 -1.4449327207E+02 -8.8307699856E+01
-5.5150720489E+01 -3.5003852887E+01 -2.2346252158E+01 -1.4196093818E+01 -8.8254800428E+00
-5.4755731055E+00 -3.4085490925E+00 -2.1686792088E+00 -1.4476748491E+00 -1.0455403707E+00
-8.1910310928E-01 -6.7752319949E-01 -5.7408742326E-01 -4.8937817695E-01 -4.1516834925E-01
-3.5601224550E-01 -3.0614299991E-01 -2.6342822721E-01 -1.9688461626E-01 -1.4855062760E-01
-1.1328098734E-01 -8.7273620003E-02 -5.3338947931E-02 -3.3754980084E-02 -2.2025452771E-02
-1.4765885303E-02 -1.0139782153E-02 -7.1139061439E-03 -5.0878506033E-03 -3.7023512256E-03
-2.7366598009E-03 -2.0518289939E-03 -1.5584583100E-03 -1.1978607543E-03 -9.3079655985E-04
-7.3058198962E-04 -5.7878694525E-04 -4.6249754039E-04 -3.7254362561E-04 -3.0233232198E-04
-2.4706868779E-04 -1.6819148941E-04 -1.1716241296E-04 -8.3300561727E-05 -6.0316786331E-05
-4.4397331433E-05 -3.3167828984E-05 -2.5114593958E-05 -1.9251719695E-05 -1.4924415255E-05
-1.1689990312E-05 -6.6076635043E-06 -3.9243222969E-06 -2.4296317232E-06 -1.5585064728E-06
-1.0307468481E-06 -7.0010292100E-07 -4.8678727328E-07 -3.4556056623E-07 -2.4988753875E-07
-1.8372893739E-07 -1.0374522946E-07 -6.1567043897E-08 -3.8094514416E-08 -2.4424359581E-08
-1.6147279999E-08 -1.0964087115E-08 -7.6214306758E-09 -5.4091192612E-09 -3.9108097170E-09
-2.8749554231E-09
2 2 3 F
-1.4552483142E+02 -8.7241144370E+01 -5.3836317368E+01 -3.2719364186E+01 -2.0176889299E+01
-1.2946368735E+01 -8.5891054298E+00 -5.8363868849E+00 -4.0607643763E+00 -2.8200603446E+00
-1.9187993160E+00 -1.2854828250E+00 -8.8890430070E-01 -6.0467988807E-01 -4.1177287037E-01
-2.7407734316E-01 -1.6764449643E-01 -9.8523779880E-02 -5.2975254573E-02 -3.0529253641E-02
-1.7861384706E-02 -1.1045046092E-02 -5.7590380619E-03 -1.8320338351E-03 -5.5809094685E-04
-1.6796268665E-04 -4.7554850249E-05 -3.9016139620E-06 -3.0368636975E-07 5.2985496074E-09
-6.6161745453E-09 1.0147974287E-09 0.0000000000E+00 0.0000000000E+00 0.0000000000E+00
0.0000000000E+00 0.0000000000E+00 0.0000000000E+00 0.0000000000E+00 0.0000000000E+00
0.0000000000E+00 0.0000000000E+00 0.0000000000E+00 0.0000000000E+00 0.0000000000E+00
0.0000000000E+00 0.0000000000E+00 0.0000000000E+00 0.0000000000E+00 0.0000000000E+00
0.0000000000E+00 0.0000000000E+00 0.0000000000E+00 0.0000000000E+00 0.0000000000E+00
0.0000000000E+00 0.0000000000E+00 0.0000000000E+00 0.0000000000E+00 0.0000000000E+00
0.0000000000E+00 0.0000000000E+00 0.0000000000E+00 0.0000000000E+00 0.0000000000E+00
0.0000000000E+00 0.0000000000E+00 0.0000000000E+00 0.0000000000E+00 0.0000000000E+00
0.0000000000E+00 0.0000000000E+00 0.0000000000E+00 0.0000000000E+00 0.0000000000E+00
0.0000000000E+00
2 2 4 F
-9.1754104202E+02 -8.1648527674E+02 -6.8075210918E+02 -5.5795496534E+02 -4.5127062106E+02
-3.6443437945E+02 -2.9485563918E+02 -2.3977034024E+02 -1.9584108738E+02 -1.6046689155E+02
-1.3220413212E+02 -1.0952957964E+02 -9.1298412930E+01 -7.6498152984E+01 -6.4368292957E+01
-5.4386710146E+01 -4.6177603108E+01 -3.9390645895E+01 -3.3763654774E+01 -2.9110577839E+01
-2.5191374151E+01 -2.1877117997E+01 -1.9061592184E+01 -1.4643563382E+01 -1.1435700397E+01
-9.0446258941E+00 -7.2867715972E+00 -4.9224608459E+00 -3.3651675888E+00 -2.3132417967E+00
-1.5149870314E+00 -1.0992200265E+00 -8.0625669812E-01 -6.0743917774E-01 -4.6386039925E-01
-3.5904293306E-01 -2.8138186212E-01 -2.2302343216E-01 -1.7859866591E-01 -1.4437801007E-01
-1.1772982617E-01 -9.6770014503E-02 -8.0131487633E-02 -6.6809958288E-02 -5.6059164534E-02
-4.7318651056E-02 -3.4267751066E-02 -2.5306451142E-02 -1.9015144438E-02 -1.4510355209E-02
-1.1227385418E-02 -8.7965844260E-03 -6.9707407858E-03 -5.5812966533E-03 -4.5112863023E-03
-3.6782340277E-03 -2.2836813785E-03 -1.4779379372E-03 -9.9040525551E-04 -6.8369157520E-04
-4.8419228851E-04 -3.5063129695E-04 -2.5893141374E-04 -1.9455733738E-04 -1.4846521101E-04
-1.1487534950E-04 -7.1323984111E-05 -4.6160366475E-05 -3.0934176997E-05 -2.1354908849E-05
-1.5123990432E-05 -1.0952402347E-05 -8.0882176426E-06 -6.0774909485E-06 -4.6377713721E-06
-3.5885481904E-06
2 4 2 F
2.9480270402E+01 2.2724098401E+01 1.1571014864E+01 6.3548019708E+00 4.4183807293E+00
3.8656578494E+00 2.1492556953E+00 1.8245647517E+00 1.1113395005E+00 6.0744762121E-01
2.0799991570E-01 1.2505151508E-01 8.0600753240E-02 6.5290959863E-02 5.1911488902E-02
3.8072125820E-02 2.9654166713E-02 2.2671451110E-02 1.7525609200E-02 1.3697828491E-02
1.0551207715E-02 8.2292718500E-03 6.4547521588E-03 4.1766555686E-03 2.7661094482E-03
1.8706366974E-03 1.2894012892E-03 6.4280491668E-04 3.3890472448E-04 1.8732322943E-04
1.0786757918E-04 6.4366366951E-05 3.9630360152E-05 2.5086458149E-05 1.6277607892E-05
1.0798897648E-05 7.3091189949E-06 5.0377654511E-06 3.5301787968E-06 2.5114784533E-06
1.8117543841E-06 1.3238311823E-06 9.7883452008E-07 7.3173720895E-07 5.5263120861E-07
4.2135616491E-07 2.5143142902E-07 1.5480609439E-07 9.7993977146E-08 6.3584405830E-08
4.2183193939E-08 2.8551246074E-08 1.9678771293E-08 1.3789760925E-08 9.8104627084E-09
7.0771655628E-09 3.3015499660E-09 1.6459225192E-09 8.6758600365E-10 4.7955129726E-10
2.7613997624E-10 1.6477810132E-10 1.0145372202E-10 6.4221332863E-11 4.1670676205E-11
2.7645177980E-11 1.2896679555E-11 6.4293848406E-12 3.3890078267E-12 1.8732472549E-12
1.0786717822E-12 6.4366445830E-13 3.9630360163E-13 2.5086458149E-13 1.6277607892E-13
1.0798897648E-13
2 4 4 F
-7.5365707675E+01 -4.3839016347E+01 -2.2453211604E+01 -1.1378203574E+01 -6.0580116399E+00
-3.3984820081E+00 -1.8931416668E+00 -1.1237404399E+00 -6.5045509610E-01 -3.7990705403E-01
-2.2269252826E-01 -1.6776295571E-01 -1.3081198480E-01 -9.8832669411E-02 -7.4358556549E-02
-5.5840727456E-02 -4.2685063407E-02 -3.2708602089E-02 -2.5304105700E-02 -1.9804566226E-02
-1.5567786871E-02 -1.2327233100E-02 -9.8186120308E-03 -6.3561786426E-03 -4.2088515079E-03
-2.8480042983E-03 -1.9628910264E-03 -9.7856197180E-04 -5.1581258406E-04 -2.8511133007E-04
-1.6417516725E-04 -9.7966634488E-05 -6.0317970668E-05 -3.8181945375E-05 -2.4774750254E-05
-1.6436075498E-05 -1.1124582855E-05 -7.6675505216E-06 -5.3729822355E-06 -3.8225058534E-06
-2.7575158883E-06 -2.0148898497E-06 -1.4898000330E-06 -1.1137144182E-06 -8.4111254345E-07
-6.4131006364E-07 -3.8268220374E-07 -2.3561707295E-07 -1.4914822412E-07 -9.6776368178E-08
-6.4203419915E-08 -4.3455401776E-08 -2.9951369225E-08 -2.0988211857E-08 -1.4931663490E-08
-1.0771546439E-08 -5.0250059099E-09 -2.5051174361E-09 -1.3204782119E-09 -7.2988388109E-10
-4.2028896331E-10 -2.5079460904E-10 -1.5441400493E-10 -9.7745780162E-11 -6.3423360649E-11
-4.2076353276E-11 -1.9628929335E-11 -9.7856149848E-12 -5.1581180152E-12 -2.8511089105E-12
-1.6417537629E-12 -9.7966644158E-13 -6.0317970674E-13 -3.8181945376E-13 -2.4774750254E-13
-1.6436075498E-13
2 4 6 F
-5.3403297989E+01 -7.5189243982E+01 -6.6503357015E+01 -5.1996140939E+01 -3.9731281694E+01
-3.0025520507E+01 -2.1361710450E+01 -1.5601898847E+01 -1.0850099514E+01 -7.8148724515E+00
-5.6050212677E+00 -4.5291281143E+00 -3.8128535793E+00 -3.3015550245E+00 -2.8874653532E+00
-2.4822675413E+00 -2.1065777054E+00 -1.7604382011E+00 -1.4493269851E+00 -1.1484738184E+00
-9.1704154009E-01 -7.4447800096E-01 -5.9063406960E-01 -3.8216212283E-01 -2.5293261659E-01
-1.6889104064E-01 -1.1577048214E-01 -5.7163954504E-02 -2.9817181768E-02 -1.6293485672E-02
-9.2713021508E-03 -5.4658323767E-03 -3.3243266837E-03 -2.0783813261E-03 -1.3317384094E-03
-8.7232992537E-04 -5.8286521188E-04 -3.9652419866E-04 -2.7420922552E-04 -1.9248255275E-04
-1.3698046566E-04 -9.8720648098E-05 -7.1980877965E-05 -5.3052945541E-05 -3.9495518959E-05
-2.9677601785E-05 -1.7188940745E-05 -1.0262889719E-05 -6.2937539397E-06 -3.9521984343E-06
-2.5346836808E-06 -1.6564954172E-06 -1.1010099753E-06 -7.4299122816E-07 -5.0828713521E-07
-3.5202896408E-07 -1.4714518318E-07 -6.4841962977E-08 -2.9690971532E-08 -1.3930729418E-08
-6.5932577281E-09 -3.0819277330E-09 -1.3727196373E-09 -5.3672965395E-10 -1.3270007143E-10
5.4972639413E-11 1.5907425617E-10 1.4582177739E-10 1.1192714509E-10 8.1247469537E-11
5.7944666280E-11 4.1236066628E-11 2.9489166579E-11 2.1262416248E-11 1.5480420909E-11
1.1387282032E-11
3 0 3 F
-2.1108934341E+02 -6.3576019663E+01 -4.5551933796E-01 2.3845390413E+01 3.0360534205E+01
2.9085482090E+01 2.4815663699E+01 1.9948040530E+01 1.5383328529E+01 1.1591934627E+01
8.6079561848E+00 6.3259075058E+00 4.6439265841E+00 3.3899880823E+00 2.4732495075E+00
1.7938101896E+00 1.3004424486E+00 9.5384059080E-01 7.0202514579E-01 5.3042396499E-01
4.2632487979E-01 3.3991436634E-01 2.7407271618E-01 1.7392199142E-01 9.8466031835E-02
5.2825716683E-02 2.7705198708E-02 5.6045658293E-03 -9.7170479657E-04 -2.5697171373E-03
-2.5755718722E-03 -2.1533391326E-03 -1.6873245030E-03 -1.2874034284E-03 -9.7245393371E-04
-7.3317928773E-04 -5.5413084051E-04 -4.2081810741E-04 -3.2151901437E-04 -2.4730314497E-04
-1.9155077073E-04 -1.4941466866E-04 -1.1736066458E-04 -9.2811398191E-05 -7.3881919447E-05
-5.9187557622E-05 -3.8676538452E-05 -2.5845554700E-05 -1.7628528690E-05 -1.2251072753E-05
-8.6610029506E-06 -6.2198107694E-06 -4.5315366383E-06 -3.3456202547E-06 -2.5004985741E-06
-1.8901563282E-06 -9.8163575943E-07 -5.3869788886E-07 -3.0976543479E-07 -1.8540587713E-07
-1.1489316443E-07 -7.3392678820E-08 -4.8154680683E-08 -3.2355649794E-08 -2.2207086774E-08
-1.5535725087E-08 -7.9951090270E-09 -4.3575911140E-09 -2.4925474165E-09 -1.4856973463E-09
-9.1760314850E-10 -5.8456896201E-10 -3.8269206321E-10 -2.5665470641E-10 -1.7587559888E-10
-1.2287456860E-10
3 2 2 F
-5.6961719562E+01 -2.9951811978E+01 -1.6057056742E+01 -1.0497682226E+01 -6.4613095305E+00
-4.0519673765E+00 -2.7584671850E+00 -1.6916823446E+00 -1.1730601471E+00 -6.2156018673E-01
-3.3898271936E-01 -1.4899309793E-01 -5.7094110088E-02 -1.8114958834E-02 -2.0220386236E-03
3.6284912430E-03 3.3903617024E-03 2.6227886883E-03 2.1919302767E-03 1.6091138594E-03
8.6388763923E-04 6.2673808795E-04 3.8733712801E-04 1.2794777230E-04 3.3998612036E-05
1.1080436848E-05 3.2458449157E-06 3.9836563909E-07 5.3493366178E-08 5.7761470465E-09
1.0375667081E-09 1.7394195401E-10 0.0000000000E+00 0.0000000000E+00 0.0000000000E+00
0.0000000000E+00 0.0000000000E+00 0.0000000000E+00 0.0000000000E+00 0.0000000000E+00
0.0000000000E+00 0.0000000000E+00 0.0000000000E+00 0.0000000000E+00 0.0000000000E+00
0.0000000000E+00 0.0000000000E+00 0.0000000000E+00 0.0000000000E+00 0.0000000000E+00
0.0000000000E+00 0.0000000000E+00 0.0000000000E+00 0.0000000000E+00 0.0000000000E+00
0.0000000000E+00 0.0000000000E+00 0.0000000000E+00 0.0000000000E+00 0.0000000000E+00
0.0000000000E+00 0.0000000000E+00 0.0000000000E+00 0.0000000000E+00 0.0000000000E+00
0.0000000000E+00 0.0000000000E+00 0.0000000000E+00 0.0000000000E+00 0.0000000000E+00
0.0000000000E+00 0.0000000000E+00 0.0000000000E+00 0.0000000000E+00 0.0000000000E+00
0.0000000000E+00
3 2 5 F
-1.5662421111E+02 -5.9669709682E+01 -2.0390164409E+01 -3.8521288805E+00 2.8480962358E+00
5.0888560408E+00 5.0019309020E+00 4.5422916894E+00 3.6682848329E+00 2.8967659494E+00
2.2184902651E+00 1.6959724786E+00 1.3529463523E+00 1.0567021578E+00 8.1418334524E-01
5.9676578271E-01 4.1600419426E-01 2.8965750037E-01 2.0789298552E-01 1.5308392964E-01
1.1395681843E-01 8.6947507126E-02 6.5883428231E-02 3.7801544463E-02 2.1659604741E-02
1.2574597884E-02 7.3979358110E-03 2.5595074097E-03 8.1365156521E-04 1.7789726864E-04
-4.2763016260E-05 -1.0667127104E-04 -1.1285641847E-04 -9.9834758340E-05 -8.2400858607E-05
-6.5904643895E-05 -5.1950763400E-05 -4.0712190730E-05 -3.1871000474E-05 -2.4992487824E-05
-1.9664205518E-05 -1.5538709804E-05 -1.2338550001E-05 -9.8480338636E-06 -7.9017617956E-06
-6.3737171164E-06 -4.2120440949E-06 -2.8395634017E-06 -1.9504611068E-06 -1.3632757938E-06
-9.6835650962E-07 -6.9818032084E-07 -5.1038228489E-07 -3.7789850898E-07 -2.8314059084E-07
-2.1449118835E-07 -1.1187477131E-07 -6.1590628866E-08 -3.5502756811E-08 -2.1290276347E-08
-1.3213346202E-08 -8.4509814798E-09 -5.5505186609E-09 -3.7326056369E-09 -2.5636718803E-09
-1.7945885471E-09 -9.2443673795E-10 -5.0421578000E-10 -2.8857525931E-10 -1.7208391974E-10
-1.0632150836E-10 -6.7753168296E-11 -4.4365857824E-11 -2.9760278592E-11 -2.0397080337E-11
-1.4252402982E-11
4 0 4 F
2.9915050863E+02 1.3801097177E+02 7.4516170682E+01 4.6560572728E+01 3.1813040087E+01
2.2691596493E+01 1.6492881938E+01 1.1831483112E+01 8.4787978908E+00 5.9585617349E+00
4.0756291652E+00 2.7092397931E+00 1.7404122724E+00 1.0638821189E+00 6.2820855522E-01
3.6404826183E-01 2.1791989796E-01 1.3938717006E-01 9.8322540162E-02 7.4466851161E-02
5.9493028390E-02 4.8052423231E-02 3.8917022494E-02 2.5706919080E-02 1.7225371737E-02
1.1695643245E-02 8.0793669800E-03 4.0339958449E-03 2.1270002707E-03 1.1757605877E-03
6.7703553047E-04 4.0400191722E-04 2.4874362335E-04 1.5745747660E-04 1.0216791263E-04
6.7780280665E-05 4.5876361924E-05 3.1620001163E-05 2.2157493981E-05 1.5763526982E-05
1.1371644093E-05 8.3091489533E-06 6.1437454689E-06 4.5928163236E-06 3.4686409339E-06
2.6446809710E-06 1.5781326374E-06 9.7165478070E-07 6.1506826815E-07 3.9909340874E-07
2.6476672135E-07 1.7920453877E-07 1.2351562954E-07 8.6552710865E-08 6.1576277273E-08
4.4420484737E-08 2.0722483962E-08 1.0330785043E-08 5.4454838580E-09 3.0099481058E-09
1.7332181211E-09 1.0342450053E-09 6.3678367708E-10 4.0309114022E-10 2.6154985635E-10
1.7351751850E-10 8.0947202978E-11 4.0354629073E-11 2.1271421320E-11 1.1757609788E-11
6.7703832857E-12 4.0400195519E-12 2.4874362386E-12 1.5745747665E-12 1.0216791264E-12
6.7780280666E-13
4 2 6 F
-1.4873000154E+02 -9.6562033487E+01 -5.5446813683E+01 -3.0226698850E+01 -1.6627692159E+01
-9.4480617294E+00 -5.1145914835E+00 -3.1249446521E+00 -1.7682287153E+00 -1.1588679104E+00
-9.2458520553E-01 -7.3813867089E-01 -6.1093095742E-01 -5.1770779004E-01 -4.4579772372E-01
-3.8743298627E-01 -3.3688112565E-01 -2.9006176226E-01 -2.4703923150E-01 -2.0921344402E-01
-1.7718644722E-01 -1.5029388366E-01 -1.2796416989E-01 -9.3626203053E-02 -6.9270065862E-02
-5.1770701039E-02 -3.9050961704E-02 -2.2828950524E-02 -1.3805977464E-02 -8.6108186952E-03
-5.5225514576E-03 -3.6320693424E-03 -2.4435415538E-03 -1.6779996272E-03 -1.1739248262E-03
-8.3528761102E-04 -6.0358470456E-04 -4.4236627829E-04 -3.2844909821E-04 -2.4680473773E-04
-1.8751845563E-04 -1.4394198477E-04 -1.1154965975E-04 -8.7217260351E-05 -6.8759697041E-05
-5.4629977674E-05 -3.5228914798E-05 -2.3309786444E-05 -1.5780437175E-05 -1.0904435918E-05
-7.6754903964E-06 -5.4937394201E-06 -3.9923795038E-06 -2.9418821796E-06 -2.1955701256E-06
-1.6578933599E-06 -8.5976061726E-07 -4.7166033713E-07 -2.7130680977E-07 -1.6250377141E-07
-1.0079605924E-07 -6.4456198157E-08 -4.2338807428E-08 -2.8480432089E-08 -1.9569581828E-08
-1.3705828692E-08 -7.0684103091E-09 -3.8600949642E-09 -2.2119601335E-09 -1.3206206413E-09
-8.1687104564E-10 -5.2110869433E-10 -3.4157415522E-10 -2.2934130232E-10 -1.5732421746E-10
-1.1002028985E-10
5 0 5 F
4.2856075639E-01 7.7857069081E+00 6.9058735754E+00 5.3499275005E+00 4.2483081653E+00
3.2922085086E+00 2.4484551360E+00 1.7867368733E+00 1.2139672607E+00 7.9355817895E-01
4.4752245697E-01 2.1627832388E-01 2.1186604372E-02 -1.0558755140E-01 -1.8187906213E-01
-2.0713130507E-01 -2.0122223378E-01 -1.7606130133E-01 -1.4149334401E-01 -1.1048022526E-01
-8.4736993443E-02 -6.5828424171E-02 -5.0390983302E-02 -3.0964285728E-02 -1.9553461171E-02
-1.2631314596E-02 -8.3116592797E-03 -3.7977709960E-03 -1.8475563637E-03 -9.4822356225E-04
-5.0962175523E-04 -2.8509318078E-04 -1.6520603692E-04 -9.8767409187E-05 -6.0713294450E-05
-3.8264517993E-05 -2.4665649473E-05 -1.6227890949E-05 -1.0877164180E-05 -7.4159199391E-06
-5.1357766681E-06 -3.6083285639E-06 -2.5691669736E-06 -1.8520125526E-06 -1.3504677795E-06
-9.9534792525E-07 -5.5682202210E-07 -3.2266804267E-07 -1.9290509622E-07 -1.1858065324E-07
-7.4735386706E-08 -4.8175096628E-08 -3.1695099510E-08 -2.1244461290E-08 -1.4484218631E-08
-1.0030813805E-08 -4.2540442450E-09 -1.9440389165E-09 -9.4590168306E-10 -4.8549397859E-10
-2.6092448652E-10 -1.4596755216E-10 -8.4585491378E-11 -5.0568913542E-11 -3.1085206762E-11
-1.9591433213E-11 -8.3086801660E-12 -3.7969510088E-12 -1.8474642247E-12 -9.4823042693E-13
-5.0961813773E-13 -2.8509287531E-13 -1.6520603785E-13 -9.8767409262E-14 -6.0713294457E-14
-3.8264517994E-14
