25
   3.00   3.25   3.50   3.75   4.00
   4.25   4.50   4.75   5.00   5.25
   5.50   5.75   6.00   6.25   6.50
   7.00   7.50   8.00   9.00  10.00
  11.00  12.00  13.00  14.00  15.00
149
0 0 0 0
   2.919278011e+05   1.879593646e+05   1.199169816e+05   7.554339110e+04   4.679498431e+04
   2.835732607e+04   1.668188935e+04   9.421525153e+03   4.983454794e+03   2.315908720e+03
   7.621065190e+02  -9.045606355e+01  -5.187617470e+02  -7.004028082e+02  -7.448611441e+02
  -6.553613380e+02  -5.008145744e+02  -3.625227710e+02  -1.826500060e+02  -9.387731000e+01
  -5.078666800e+01  -2.902967800e+01  -1.679519900e+01  -1.058247100e+01  -6.898161000e+00
0 0 2 2
   3.810679892e+04   2.234114820e+04   1.344447997e+04   8.197080532e+03   5.024353854e+03
   3.063718906e+03   1.836074333e+03   1.072967776e+03   6.032910560e+02   3.175311260e+02
   1.477789480e+02   5.101733102e+01  -1.150290000e+00  -2.662288612e+01  -3.686798280e+01
  -3.637622600e+01  -2.728656308e+01  -1.864509000e+01  -8.301086000e+00  -4.199734000e+00
  -2.350717000e+00  -1.369427000e+00  -1.012220000e+00  -6.252840000e-01  -4.032550000e-01
0 0 4 4
   6.275259960e+03   2.820794910e+03   1.373925719e+03   6.952042590e+02   3.598904430e+02
   1.934573400e+02   1.099068510e+02   6.539421500e+01   3.961889300e+01   2.360920000e+01
   1.323255900e+01   6.452489000e+00   2.121408000e+00  -5.323640000e-01  -2.038289000e+00
  -2.872343000e+00  -2.230122000e+00  -1.292493000e+00  -2.258410000e-01  -1.089700000e-02
   3.773000000e-03   1.256000000e-03   5.600000000e-05  -3.700000000e-05   4.970000000e-04
0 0 6 6
   3.332423550e+02   1.346786770e+02   6.424339800e+01   3.455779400e+01   2.033939200e+01
   1.216117400e+01   6.537614000e+00   2.977507000e+00   1.199013000e+00   4.736520000e-01
   8.726900000e-02  -2.527890000e-01  -5.275250000e-01  -6.865260000e-01  -7.293910000e-01
  -5.780790000e-01  -3.074150000e-01  -9.729800000e-02   1.949600000e-02   6.410000000e-04
  -6.035000000e-03  -1.442000000e-03  -1.750000000e-04  -1.550000000e-04  -1.290000000e-04
1 0 0 1
   6.682436394e+04   4.152730506e+04   2.637744062e+04   1.693089694e+04   1.087911830e+04
   6.956701967e+03   4.401774565e+03   2.742281423e+03   1.670989767e+03   9.861681012e+02
   5.555073980e+02   2.909542457e+02   1.331143720e+02   4.268767176e+01  -6.431985863e+00
  -4.085972100e+01  -4.011689089e+01  -3.093097900e+01  -1.528366500e+01  -7.237284000e+00
  -3.483594000e+00  -1.802564000e+00  -1.193024000e+00  -6.742270000e-01  -3.981510000e-01
1 0 2 1
  -6.641492930e+03  -3.134193071e+03  -1.621977972e+03  -9.007488690e+02  -5.269876110e+02
  -3.219965510e+02  -2.038771100e+02  -1.322214440e+02  -8.694359900e+01  -5.758623500e+01
  -3.842158000e+01  -2.610488900e+01  -1.836142800e+01  -1.348418000e+01  -1.028542700e+01
  -6.440210000e+00  -4.347841000e+00  -3.118999000e+00  -1.426558000e+00  -4.206610000e-01
  -7.835000000e-02  -9.959000000e-03   1.353000000e-03   4.951000000e-03   5.624000000e-03
1 0 2 3
   3.227864340e+04   1.903282720e+04   1.195397409e+04   7.921411171e+03   5.492650882e+03
   3.960961005e+03   2.948675409e+03   2.247803009e+03   1.748972714e+03   1.390281278e+03
   1.125806186e+03   9.235666984e+02   7.660620970e+02   6.423866743e+02   5.439952249e+02
   3.999157990e+02   3.021242251e+02   2.335535780e+02   1.470278340e+02   9.699403700e+01
   6.636510100e+01   4.691808900e+01   3.187216100e+01   2.369542100e+01   1.798047500e+01
1 0 4 3
  -2.239186379e+03  -8.086370210e+02  -3.185392110e+02  -1.327818510e+02  -5.704686300e+01
  -2.566615300e+01  -1.290131300e+01  -7.554321000e+00  -5.083921000e+00  -3.706213000e+00
  -2.709119000e+00  -1.875099000e+00  -1.182268000e+00  -6.355950000e-01  -2.278630000e-01
   2.468270000e-01   3.982930000e-01   3.404410000e-01   9.219600000e-02   6.463000000e-03
   2.202000000e-03   5.646000000e-03   5.853000000e-03   4.430000000e-03   3.207000000e-03
1 0 4 5
   6.041074890e+03   2.717322330e+03   1.353776241e+03   7.275719240e+02   4.172636170e+02
   2.549097060e+02   1.652759540e+02   1.125118390e+02   7.940877800e+01   5.754201500e+01
   4.251308400e+01   3.190078900e+01   2.430278000e+01   1.881233300e+01   1.479776100e+01
   9.570405000e+00   6.485495000e+00   4.556080000e+00   2.401157000e+00   1.315504000e+00
   7.468170000e-01   4.420630000e-01   2.732600000e-01   1.763280000e-01   1.174660000e-01
1 0 6 7
   1.259524383e+03   4.039361150e+02   1.558487510e+02   6.701290800e+01   3.091143700e+01
   1.503850300e+01   7.604950000e+00   4.200491000e+00   2.827494000e+00   2.243540000e+00
   1.764185000e+00   1.237730000e+00   7.793300000e-01   4.914070000e-01   3.716450000e-01
   3.948290000e-01   4.358070000e-01   3.847440000e-01   1.858990000e-01   5.372200000e-02
   1.448900000e-02   6.838000000e-03   3.704000000e-03   1.440000000e-03   6.300000000e-04
2 0 0 2
   1.160587921e+03   9.699291029e+02   8.116884790e+02   6.552484034e+02   5.085971680e+02
   3.787240402e+02   2.718609600e+02   1.890526789e+02   1.260696830e+02   7.734509631e+01
   4.157775800e+01   1.800145148e+01   3.397078000e+00  -5.414640347e+00  -1.029363795e+01
  -1.315864600e+01  -1.207726190e+01  -1.000812700e+01  -5.906630000e+00  -3.355962000e+00
  -1.955092000e+00  -1.188295000e+00  -6.293740000e-01  -4.116840000e-01  -2.746790000e-01
2 0 2 0
   7.905177360e+02   2.219843330e+02   5.815740400e+01   9.557223000e+00  -4.459450000e+00
  -7.357148000e+00  -6.679619000e+00  -5.096918000e+00  -3.561716000e+00  -2.356554000e+00
  -1.480665000e+00  -9.206040000e-01  -6.588690000e-01  -6.049960000e-01  -6.328800000e-01
  -6.289630000e-01  -4.875780000e-01  -3.520210000e-01  -2.327940000e-01  -1.386160000e-01
  -6.234400000e-02  -2.936700000e-02  -1.579400000e-02  -9.589000000e-03  -6.444000000e-03
2 0 2 2
  -1.405002570e+03  -4.162796440e+02  -1.395674540e+02  -5.419999500e+01  -2.506391200e+01
  -1.435159100e+01  -1.010104900e+01  -8.179403000e+00  -7.042167000e+00  -6.122757000e+00
  -5.282132000e+00  -4.461656000e+00  -3.633677000e+00  -2.845372000e+00  -2.166877000e+00
  -1.238753000e+00  -7.312460000e-01  -4.094620000e-01  -6.626700000e-02  -1.456800000e-02
  -3.100700000e-02  -2.960600000e-02  -2.052300000e-02  -1.359700000e-02  -8.820000000e-03
2 0 2 4
  -7.138294670e+02  -6.874378400e+02  -5.386538580e+02  -4.019061120e+02  -2.970591480e+02
  -2.208319520e+02  -1.662629960e+02  -1.270377370e+02  -9.861904700e+01  -7.787207200e+01
  -6.252637600e+01  -5.100133900e+01  -4.218927800e+01  -3.526820300e+01  -2.964714700e+01
  -2.100058200e+01  -1.489257900e+01  -1.071689900e+01  -5.902129000e+00  -3.383998000e+00
  -2.005532000e+00  -1.251684000e+00  -8.172090000e-01  -5.536900000e-01  -3.861710000e-01
2 0 4 4
  -1.549559670e+02  -4.239374500e+01  -1.331120300e+01  -5.084952000e+00  -2.939877000e+00
  -2.176523000e+00  -1.557492000e+00  -1.040189000e+00  -7.106490000e-01  -5.365100000e-01
  -4.408860000e-01  -3.796310000e-01  -3.217180000e-01  -2.551170000e-01  -1.824300000e-01
  -5.126400000e-02   1.740300000e-02   3.278100000e-02   2.396600000e-02   1.581300000e-02
   4.585000000e-03   6.630000000e-04  -1.970000000e-04  -2.630000000e-04  -1.180000000e-04
2 0 4 6
  -5.638105240e+02  -2.558934810e+02  -1.265786100e+02  -6.782111600e+01  -3.818535400e+01
  -2.212990700e+01  -1.335503300e+01  -8.480361000e+00  -5.631356000e+00  -3.869162000e+00
  -2.726701000e+00  -1.945636000e+00  -1.386694000e+00  -9.885360000e-01  -7.128750000e-01
  -3.932830000e-01  -2.339080000e-01  -1.590000000e-01  -1.061970000e-01  -6.431800000e-02
  -3.142700000e-02  -1.637600000e-02  -9.268000000e-03  -5.399000000e-03  -3.643000000e-03
2 2 0 2
   6.280287095e+04   3.576433773e+04   2.062994652e+04   1.188834518e+04   6.753162227e+03
   3.736580733e+03   1.977741625e+03   9.715591432e+02   4.108658880e+02   1.106626099e+02
  -3.855918800e+01  -1.019979690e+02  -1.193225800e+02  -1.138720846e+02  -9.902176031e+01
  -6.532588700e+01  -3.915733684e+01  -2.239178400e+01  -7.448019000e+00  -2.879456000e+00
  -1.287600000e+00  -6.683760000e-01  -6.164330000e-01  -3.588120000e-01  -2.173670000e-01
2 2 2 0
   2.420533559e+03   1.320531587e+03   7.782239400e+02   4.763157940e+02   2.947961740e+02
   1.835455450e+02   1.154772420e+02   7.332342400e+01   4.650021000e+01   2.895635300e+01
   1.742647200e+01   1.015150200e+01   5.925819000e+00   3.674838000e+00   2.520771000e+00
   1.533270000e+00   1.124061000e+00   9.128520000e-01   5.007970000e-01   1.399810000e-01
   1.246200000e-02  -1.565000000e-03  -7.120000000e-04  -7.370000000e-04  -8.380000000e-04
2 2 2 1
  -5.733123840e+02  -3.830521560e+02  -2.615432580e+02  -1.766055620e+02  -1.184229650e+02
  -7.898358100e+01  -5.268955800e+01  -3.535083800e+01  -2.393081200e+01  -1.641372800e+01
  -1.146943200e+01  -8.202923000e+00  -6.019059000e+00  -4.533668000e+00  -3.500061000e+00
  -2.194587000e+00  -1.403152000e+00  -8.848680000e-01  -3.483470000e-01  -1.497750000e-01
  -7.109900000e-02  -3.632900000e-02  -2.029800000e-02  -1.245700000e-02  -8.192000000e-03
2 2 2 2
  -5.056276470e+03  -2.285008205e+03  -1.129909149e+03  -5.955487380e+02  -3.259566490e+02
  -1.844537900e+02  -1.086656620e+02  -6.645626300e+01  -4.149464600e+01  -2.580695700e+01
  -1.566779600e+01  -9.366387000e+00  -5.815325000e+00  -4.007641000e+00  -3.109381000e+00
  -2.295549000e+00  -1.877192000e+00  -1.574012000e+00  -8.398690000e-01  -2.623780000e-01
  -6.193400000e-02  -2.419900000e-02  -1.448400000e-02  -7.973000000e-03  -3.787000000e-03
2 2 2 3
  -9.830311200e+02  -5.961933390e+02  -3.661500740e+02  -2.281371730e+02  -1.435213200e+02
  -9.097010900e+01  -5.805406900e+01  -3.732759600e+01  -2.427132400e+01  -1.602907900e+01
  -1.080798600e+01  -7.464025000e+00  -5.270694000e+00  -3.785163000e+00  -2.754155000e+00
  -1.511122000e+00  -8.803500000e-01  -5.592560000e-01  -2.962440000e-01  -1.742520000e-01
  -9.979700000e-02  -5.706300000e-02  -3.275700000e-02  -1.954300000e-02  -1.244500000e-02
2 2 2 4
   4.294393724e+04   2.466755866e+04   1.503470125e+04   9.622814814e+03   6.416931522e+03
   4.433063856e+03   3.153531062e+03   2.295357458e+03   1.705348499e+03   1.296614122e+03
   1.006530646e+03   7.924484560e+02   6.314140340e+02   5.094322421e+02   4.157223485e+02
   2.848655800e+02   2.015251859e+02   1.464158010e+02   8.188805700e+01   4.860569200e+01
   3.025051200e+01   1.959997200e+01   1.234850700e+01   8.526597000e+00   6.039437000e+00
2 2 4 2
   3.509228320e+02   1.232681800e+02   4.414636000e+01   1.675138000e+01   6.474209000e+00
   2.381272000e+00   8.968480000e-01   4.812060000e-01   5.728950000e-01   8.341210000e-01
   1.005842000e+00   1.021894000e+00   9.410770000e-01   8.063660000e-01   6.400270000e-01
   3.017890000e-01   7.023900000e-02  -1.167300000e-02   7.556000000e-03   1.351000000e-02
   5.247000000e-03   1.332000000e-03  -2.930000000e-04  -4.960000000e-04  -3.420000000e-04
2 2 4 4
  -7.722144250e+02  -2.726643930e+02  -1.012042430e+02  -3.809762200e+01  -1.317000000e+01
  -3.048503000e+00   5.529990000e-01   1.458378000e+00   1.349757000e+00   1.007926000e+00
   7.764690000e-01   6.761050000e-01   6.070380000e-01   5.273960000e-01   4.543530000e-01
   3.602890000e-01   2.935370000e-01   1.982710000e-01   3.992900000e-02   6.100000000e-05
  -2.690000000e-04   1.394000000e-03   1.752000000e-03   1.135000000e-03   5.560000000e-04
2 2 4 5
   1.042628100e+02   2.596489200e+01   2.582430000e+00  -2.813441000e+00  -3.031495000e+00
  -2.608258000e+00  -2.176049000e+00  -1.862116000e+00  -1.624248000e+00  -1.396292000e+00
  -1.175761000e+00  -9.911990000e-01  -8.334870000e-01  -6.762670000e-01  -5.161160000e-01
  -2.301960000e-01  -4.789600000e-02   2.747800000e-02   2.804500000e-02   5.649000000e-03
  -2.403000000e-03  -3.498000000e-03  -2.454000000e-03  -1.208000000e-03  -4.650000000e-04
2 2 4 6
   7.292425310e+03   3.530744393e+03   1.833396658e+03   1.013946953e+03   5.919837310e+02
   3.629945770e+02   2.331071160e+02   1.558504300e+02   1.077375980e+02   7.648076200e+01
   5.540806600e+01   4.083298500e+01   3.059793000e+01   2.329822100e+01   1.799132400e+01
   1.109207400e+01   7.065482000e+00   4.626541000e+00   2.117476000e+00   1.022027000e+00
   5.172270000e-01   2.748480000e-01   1.552710000e-01   9.169400000e-02   5.642200000e-02
2 2 6 8
   1.213372761e+03   4.341201220e+02   1.775307390e+02   7.997615400e+01   3.904559300e+01
   2.043924500e+01   1.126715100e+01   6.622590000e+00   4.449326000e+00   3.405439000e+00
   2.657922000e+00   1.952232000e+00   1.348237000e+00   9.142570000e-01   6.424820000e-01
   3.980820000e-01   3.024260000e-01   2.383370000e-01   1.249010000e-01   4.199900000e-02
   1.289000000e-02   6.427000000e-03   3.682000000e-03   2.694000000e-03   1.521000000e-03
3 0 0 3
  -3.270445930e+04  -1.886837796e+04  -1.122778512e+04  -6.815986491e+03  -4.178618956e+03
  -2.570121563e+03  -1.572209116e+03  -9.456249040e+02  -5.544868820e+02  -3.181671137e+02
  -1.777782850e+02  -9.325781011e+01  -4.314223500e+01  -1.511207965e+01  -3.362509556e-01
   9.681272000e+00   9.503863312e+00   7.150694000e+00   3.454918000e+00   1.492431000e+00
   6.545790000e-01   3.128160000e-01   2.099340000e-01   1.170760000e-01   6.699800000e-02
3 0 2 1
  -1.183178304e+03  -4.905617650e+02  -2.303741090e+02  -1.162637480e+02  -6.033932100e+01
  -3.314527400e+01  -2.028846800e+01  -1.377988700e+01  -9.750976000e+00  -6.659432000e+00
  -4.100890000e+00  -2.177043000e+00  -9.904800000e-01  -3.948000000e-01  -1.304420000e-01
   4.917700000e-02   7.972800000e-02   2.407800000e-02  -6.748300000e-02  -2.850400000e-02
  -1.804000000e-03  -1.750000000e-03  -3.011000000e-03  -1.380000000e-03  -3.490000000e-04
3 0 2 3
   2.298479253e+03   1.245719680e+03   6.729975210e+02   3.692566760e+02   2.065759250e+02
   1.193425020e+02   7.194217600e+01   4.480742400e+01   2.820593500e+01   1.751074100e+01
   1.048417300e+01   6.023547000e+00   3.412148000e+00   1.994162000e+00   1.233616000e+00
   5.557810000e-01   3.236680000e-01   2.637940000e-01   1.789750000e-01   6.265400000e-02
   1.677400000e-02   1.017300000e-02   7.628000000e-03   4.500000000e-03   2.301000000e-03
3 0 2 5
  -2.173251844e+04  -1.116802203e+04  -6.123229336e+03  -3.554658374e+03  -2.170162750e+03
  -1.387191945e+03  -9.229184520e+02  -6.338591590e+02  -4.462170690e+02  -3.205152750e+02
  -2.343749960e+02  -1.744231650e+02  -1.321370140e+02  -1.017692900e+02  -7.947408400e+01
  -5.007700900e+01  -3.273595500e+01  -2.210198300e+01  -1.079947400e+01  -5.646656000e+00
  -3.169925000e+00  -1.893838000e+00  -1.179814000e+00  -7.575270000e-01  -5.006810000e-01
3 0 4 1
   8.167540300e+01   2.397183300e+01   8.726585000e+00   4.159535000e+00   1.944135000e+00
   4.714790000e-01  -3.516780000e-01  -6.566580000e-01  -6.509740000e-01  -4.775450000e-01
  -2.568480000e-01  -7.442700000e-02   5.427100000e-02   1.338370000e-01   1.668420000e-01
   1.278860000e-01   4.707900000e-02   1.195000000e-03  -3.595000000e-03   2.342000000e-03
   1.694000000e-03   5.320000000e-04   1.000000000e-05  -6.100000000e-05  -7.200000000e-05
3 0 4 7
  -6.617308880e+03  -2.702379970e+03  -1.197700331e+03  -5.678072660e+02  -2.850381440e+02
  -1.517233890e+02  -8.636288600e+01  -5.251358200e+01  -3.375477600e+01  -2.257739900e+01
  -1.545738100e+01  -1.073197700e+01  -7.559584000e+00  -5.416824000e+00  -3.944089000e+00
  -2.181827000e+00  -1.278869000e+00  -8.034760000e-01  -3.653190000e-01  -1.697740000e-01
  -7.679500000e-02  -3.430500000e-02  -1.631300000e-02  -7.706000000e-03  -4.651000000e-03
3 0 6 9
  -5.259816080e+02  -2.050349910e+02  -8.509786800e+01  -3.803289900e+01  -1.766039700e+01
  -8.175599000e+00  -3.601615000e+00  -1.698362000e+00  -1.177115000e+00  -1.080126000e+00
  -9.123500000e-01  -6.225720000e-01  -3.374560000e-01  -1.407050000e-01  -3.621100000e-02
   9.998000000e-03  -8.316000000e-03  -2.383300000e-02  -2.166700000e-02  -5.001000000e-03
  -8.590000000e-04  -9.490000000e-04  -4.950000000e-04  -1.250000000e-04  -8.000000000e-06
3 2 0 3
   6.513442609e+04   3.720967679e+04   2.203856567e+04   1.334421295e+04   8.163828069e+03
   5.004627215e+03   3.047880089e+03   1.828805649e+03   1.071279290e+03   6.075548569e+02
   3.280468350e+02   1.616935062e+02   6.550038500e+01   1.287523000e+01  -1.389342728e+01
  -2.954772200e+01  -2.598943536e+01  -1.897098000e+01  -8.626707000e+00  -3.847066000e+00
  -1.801902000e+00  -9.311550000e-01  -5.988160000e-01  -3.438370000e-01  -2.041500000e-01
3 2 2 1
   2.533999340e+03   9.843354260e+02   4.339389290e+02   2.086606000e+02   1.045612630e+02
   5.614970700e+01   3.448147200e+01   2.397137600e+01   1.728843500e+01   1.182936800e+01
   7.188018000e+00   3.681616000e+00   1.477192000e+00   3.151750000e-01  -2.310500000e-01
  -5.457000000e-01  -4.505570000e-01  -1.973010000e-01   7.970900000e-02   2.043800000e-02
  -1.777200000e-02  -1.048000000e-02  -3.879000000e-03  -3.021000000e-03  -2.907000000e-03
3 2 2 2
   1.055361300e+01  -2.098441000e+01  -2.095493600e+01  -1.598700200e+01  -1.114723700e+01
  -7.245984000e+00  -4.543762000e+00  -2.919632000e+00  -2.046332000e+00  -1.566128000e+00
  -1.230794000e+00  -9.567990000e-01  -7.412150000e-01  -5.807230000e-01  -4.697650000e-01
  -3.283530000e-01  -2.188390000e-01  -1.284290000e-01  -3.875700000e-02  -1.428100000e-02
  -5.293000000e-03  -1.813000000e-03  -9.040000000e-04  -6.860000000e-04  -5.320000000e-04
3 2 2 3
  -6.861775760e+03  -3.125764054e+03  -1.534970098e+03  -7.935082960e+02  -4.255086010e+02
  -2.387092220e+02  -1.419439600e+02  -8.876478400e+01  -5.684333500e+01  -3.615285000e+01
  -2.231446000e+01  -1.331941000e+01  -7.869874000e+00  -4.775653000e+00  -3.048668000e+00
  -1.489054000e+00  -9.657800000e-01  -8.009380000e-01  -4.897750000e-01  -1.684840000e-01
  -4.800700000e-02  -2.519300000e-02  -1.546900000e-02  -8.724000000e-03  -3.849000000e-03
3 2 2 4
  -6.719903010e+02  -2.057757310e+02  -8.031097400e+01  -4.045623700e+01  -2.341172300e+01
  -1.402673300e+01  -8.349145000e+00  -4.960092000e+00  -3.018453000e+00  -1.879926000e+00
  -1.159631000e+00  -6.694720000e-01  -3.278150000e-01  -1.047580000e-01   2.028400000e-02
   7.606600000e-02   3.347900000e-02   9.090000000e-04  -1.285400000e-02  -1.398500000e-02
  -9.837000000e-03  -6.062000000e-03  -3.113000000e-03  -1.554000000e-03  -5.820000000e-04
3 2 2 5
   4.271856460e+04   2.157979923e+04   1.167949948e+04   6.705831285e+03   4.055620993e+03
   2.572702673e+03   1.701215391e+03   1.162208094e+03   8.138163320e+02   5.812668470e+02
   4.226939030e+02   3.130392650e+02   2.362152800e+02   1.814051660e+02   1.414180270e+02
   8.908837600e+01   5.837937800e+01   3.951219400e+01   1.928787400e+01   1.006024700e+01
   5.654060000e+00   3.384343000e+00   2.110212000e+00   1.357561000e+00   8.986460000e-01
3 2 4 1
  -4.293039370e+02  -1.304376400e+02  -4.283555200e+01  -1.562392200e+01  -5.924809000e+00
  -1.756373000e+00   2.080360000e-01   1.155469000e+00   1.337247000e+00   1.016776000e+00
   5.661370000e-01   1.855150000e-01  -9.351100000e-02  -2.658130000e-01  -3.301940000e-01
  -2.391400000e-01  -8.067800000e-02   3.200000000e-03   7.569000000e-03  -2.356000000e-03
  -1.242000000e-03  -6.490000000e-04  -1.960000000e-04  -6.400000000e-05   4.400000000e-05
3 2 4 6
  -7.281388000e+01  -1.371766300e+01  -3.877949000e+00  -2.619190000e+00  -2.320978000e+00
  -2.100921000e+00  -1.722740000e+00  -1.359294000e+00  -1.107102000e+00  -9.326910000e-01
  -7.901860000e-01  -6.648490000e-01  -5.543260000e-01  -4.566300000e-01  -3.697950000e-01
  -2.185660000e-01  -1.007760000e-01  -3.295600000e-02  -1.176000000e-03  -5.030000000e-04
  -6.280000000e-04  -1.162000000e-03  -9.120000000e-04  -4.710000000e-04  -1.850000000e-04
3 2 4 7
   1.271034211e+04   5.126676800e+03   2.257500034e+03   1.067109438e+03   5.354593830e+02
   2.857351570e+02   1.635251430e+02   1.001781400e+02   6.490664300e+01   4.370659100e+01
   3.005773800e+01   2.091965500e+01   1.474382000e+01   1.055027600e+01   7.671886000e+00
   4.284692000e+00   2.585303000e+00   1.665036000e+00   7.506810000e-01   3.381970000e-01
   1.553780000e-01   7.507300000e-02   4.014300000e-02   2.275700000e-02   1.420200000e-02
3 2 6 7
  -1.258705640e+02  -3.951889600e+01  -1.429690000e+01  -5.835727000e+00  -2.498776000e+00
  -9.280850000e-01   1.450480000e-01   6.519500000e-01   5.764070000e-01   2.159080000e-01
  -9.204700000e-02  -2.136610000e-01  -2.038330000e-01  -1.379210000e-01  -6.292000000e-02
   3.918900000e-02   6.210900000e-02   4.093700000e-02  -3.680000000e-03  -5.802000000e-03
  -6.450000000e-04  -4.320000000e-04  -2.540000000e-04  -1.060000000e-04  -1.000000000e-06
3 2 6 9
   3.030287120e+03   9.505317580e+02   3.385484410e+02   1.322757660e+02   5.558895000e+01
   2.475187100e+01   1.149249600e+01   5.705598000e+00   3.438095000e+00   2.594185000e+00
   2.049334000e+00   1.473602000e+00   9.381910000e-01   5.357600000e-01   2.765440000e-01
   6.128500000e-02   3.986000000e-02   6.048400000e-02   5.396200000e-02   1.572600000e-02
   2.871000000e-03   2.554000000e-03   1.566000000e-03   7.530000000e-04   7.390000000e-04
4 0 0 4
  -1.896341231e+04  -9.739321675e+03  -5.248537516e+03  -2.939556529e+03  -1.695682896e+03
  -1.000106983e+03  -5.982736360e+02  -3.595246650e+02  -2.146310800e+02  -1.256349400e+02
  -7.101586300e+01  -3.798065300e+01  -1.851062300e+01  -7.388998000e+00  -1.285101000e+00
   3.187357000e+00   3.349551000e+00   2.460855000e+00   1.132771000e+00   5.610980000e-01
   2.660340000e-01   1.226060000e-01   6.237600000e-02   3.429100000e-02   1.952000000e-02
4 0 2 2
  -5.506748120e+02  -2.186073430e+02  -1.010703290e+02  -4.909958500e+01  -2.182275600e+01
  -8.949139000e+00  -4.288388000e+00  -3.164247000e+00  -2.869569000e+00  -2.344676000e+00
  -1.519120000e+00  -7.193560000e-01  -2.156210000e-01  -1.094300000e-02   3.470600000e-02
   4.239600000e-02   6.728100000e-02   4.698700000e-02  -2.827500000e-02  -1.286700000e-02
   2.577000000e-03   7.660000000e-04  -7.460000000e-04  -5.110000000e-04  -1.760000000e-04
4 0 2 4
   2.688445390e+03   1.132871957e+03   5.156748460e+02   2.460598170e+02   1.198183080e+02
   6.003303400e+01   3.199665500e+01   1.837683300e+01   1.107288000e+01   6.653079000e+00
   3.795408000e+00   2.012300000e+00   1.032636000e+00   5.722140000e-01   3.697530000e-01
   1.974590000e-01   1.032930000e-01   7.611600000e-02   6.827400000e-02   1.629000000e-02
  -4.554000000e-03  -3.217000000e-03  -1.325000000e-03  -1.949000000e-03  -1.894000000e-03
4 0 2 6
  -1.870164973e+04  -8.762686610e+03  -4.385318287e+03  -2.326661605e+03  -1.303746834e+03
  -7.719726190e+02  -4.817718410e+02  -3.138616440e+02  -2.109529840e+02  -1.449402190e+02
  -1.013273640e+02  -7.207847800e+01  -5.229279700e+01  -3.870954900e+01  -2.914886300e+01
  -1.712755400e+01  -1.042957100e+01  -6.600350000e+00  -2.902457000e+00  -1.352043000e+00
  -6.858990000e-01  -3.820960000e-01  -2.220500000e-01  -1.326700000e-01  -8.201400000e-02
4 0 4 6
   4.543300910e+02   1.785060330e+02   7.208044600e+01   2.891991800e+01   1.015886800e+01
   2.483594000e+00  -2.191080000e-01  -9.066950000e-01  -8.270200000e-01  -5.573160000e-01
  -3.474600000e-01  -2.053980000e-01  -8.429700000e-02   1.225800000e-02   6.248800000e-02
   6.190400000e-02   1.978600000e-02  -3.143000000e-03   5.010000000e-04   2.567000000e-03
   9.590000000e-04   6.580000000e-04   2.590000000e-04   6.200000000e-05  -1.400000000e-05
4 0 4 8
  -7.021328850e+03  -2.647320325e+03  -1.092710735e+03  -4.828029130e+02  -2.249679780e+02
  -1.108665220e+02  -5.862493600e+01  -3.354095000e+01  -2.068170300e+01  -1.346765000e+01
  -8.990142000e+00  -6.027698000e+00  -4.051237000e+00  -2.748090000e+00  -1.888644000e+00
  -9.415360000e-01  -5.126220000e-01  -3.051800000e-01  -1.269490000e-01  -5.300200000e-02
  -2.319500000e-02  -1.214700000e-02  -7.587000000e-03  -4.800000000e-03  -3.412000000e-03
4 0 6 10
  -6.813397010e+02  -2.483835360e+02  -9.512230000e+01  -3.890533600e+01  -1.694877400e+01
  -7.733730000e+00  -3.491208000e+00  -1.635549000e+00  -1.026666000e+00  -8.825450000e-01
  -7.480010000e-01  -5.249120000e-01  -3.042730000e-01  -1.535550000e-01  -7.231800000e-02
  -2.437900000e-02  -2.642400000e-02  -3.014600000e-02  -1.903100000e-02  -4.633000000e-03
  -4.240000000e-04  -4.890000000e-04  -2.670000000e-04  -1.030000000e-04  -3.400000000e-05
4 2 0 4
   2.539789784e+04   1.288428361e+04   6.907790644e+03   3.860817671e+03   2.224851182e+03
   1.311123273e+03   7.838981950e+02   4.711982550e+02   2.816789160e+02   1.652940710e+02
   9.374604500e+01   5.029413000e+01   2.449509500e+01   9.627287000e+00   1.402909000e+00
  -4.669895000e+00  -4.866500000e+00  -3.601795000e+00  -1.682749000e+00  -8.248360000e-01
  -3.859880000e-01  -1.777260000e-01  -8.970600000e-02  -4.866900000e-02  -2.671800000e-02
4 2 2 2
   2.352848666e+03   7.567038710e+02   2.880733970e+02   1.227382590e+02   5.188381700e+01
   2.030757000e+01   7.783777000e+00   3.743366000e+00   2.610264000e+00   1.962569000e+00
   1.202714000e+00   4.846680000e-01   3.011700000e-02  -1.409610000e-01  -1.530000000e-01
  -1.072350000e-01  -1.236120000e-01  -9.927400000e-02   1.010000000e-02   8.670000000e-04
  -1.431200000e-02  -9.047000000e-03  -4.468000000e-03  -3.578000000e-03  -2.927000000e-03
4 2 2 4
  -4.427952550e+03  -1.757800069e+03  -7.731446890e+02  -3.619329600e+02  -1.742776520e+02
  -8.660220400e+01  -4.580151100e+01  -2.622019300e+01  -1.583794900e+01  -9.572263000e+00
  -5.523732000e+00  -2.993141000e+00  -1.585646000e+00  -9.071220000e-01  -6.038490000e-01
  -3.399440000e-01  -1.807710000e-01  -1.251620000e-01  -1.037400000e-01  -2.559000000e-02
   4.889000000e-03   2.536000000e-03   1.177000000e-03   1.809000000e-03   1.713000000e-03
4 2 2 6
   2.530837879e+04   1.159597639e+04   5.722798885e+03   3.006837524e+03   1.671403255e+03
   9.823654270e+02   6.088175470e+02   3.941440400e+02   2.634282450e+02   1.800965300e+02
   1.254246660e+02   8.903882900e+01   6.459459700e+01   4.789050100e+01   3.614499600e+01
   2.130613600e+01   1.296358500e+01   8.183317000e+00   3.570514000e+00   1.649114000e+00
   8.364410000e-01   4.671330000e-01   2.725070000e-01   1.632030000e-01   1.002760000e-01
4 2 4 6
  -5.795631260e+02  -2.359126670e+02  -9.795781100e+01  -4.035948600e+01  -1.499827500e+01
  -4.213233000e+00  -1.798490000e-01   9.447910000e-01   9.052490000e-01   5.857040000e-01
   3.481270000e-01   1.999150000e-01   7.858600000e-02  -1.635000000e-02  -6.689700000e-02
  -6.431000000e-02  -1.966400000e-02   2.989000000e-03  -2.281000000e-03  -3.420000000e-03
  -1.298000000e-03  -7.640000000e-04  -3.350000000e-04  -5.600000000e-05   1.300000000e-05
4 2 4 8
   9.221098190e+03   3.437366330e+03   1.404779415e+03   6.167795010e+02   2.870198910e+02
   1.420738530e+02   7.578875300e+01   4.379593000e+01   2.727708000e+01   1.793182600e+01
   1.206422700e+01   8.137265000e+00   5.494485000e+00   3.737326000e+00   2.570022000e+00
   1.278866000e+00   6.966540000e-01   4.194390000e-01   1.821650000e-01   7.825700000e-02
   3.521000000e-02   1.901500000e-02   1.072100000e-02   6.120000000e-03   4.426000000e-03
4 2 6 10
   1.256351760e+03   4.321288740e+02   1.589063130e+02   6.279210600e+01   2.680281900e+01
   1.232885400e+01   5.931497000e+00   3.167227000e+00   2.182559000e+00   1.822269000e+00
   1.468711000e+00   1.010349000e+00   5.968590000e-01   3.253520000e-01   1.761170000e-01
   7.129600000e-02   5.311100000e-02   4.619200000e-02   2.402600000e-02   5.550000000e-03
   6.090000000e-04   5.700000000e-04   3.830000000e-04   1.420000000e-04  -1.900000000e-05
4 4 0 4
   2.011567160e+04   1.001048684e+04   5.178476114e+03   2.741767928e+03   1.466297493e+03
   7.827067770e+02   4.110322780e+02   2.072728440e+02   9.555616100e+01   3.520087000e+01
   3.946902000e+00  -1.076509600e+01  -1.628327300e+01  -1.699431800e+01  -1.545967600e+01
  -1.055314700e+01  -6.271513000e+00  -3.490340000e+00  -1.143440000e+00  -4.909620000e-01
  -2.445570000e-01  -1.207090000e-01  -6.104700000e-02  -3.286000000e-02  -1.820100000e-02
4 4 2 2
   1.787286979e+03   6.770670080e+02   2.936572330e+02   1.381093760e+02   6.602366400e+01
   3.122640700e+01   1.532115000e+01   8.543638000e+00   5.528368000e+00   3.783471000e+00
   2.421436000e+00   1.305702000e+00   5.188390000e-01   7.025600000e-02  -1.443830000e-01
  -2.642340000e-01  -2.457130000e-01  -1.676510000e-01  -9.196000000e-03   2.406100000e-02
   9.709000000e-03   3.657000000e-03   2.478000000e-03   1.389000000e-03   7.050000000e-04
4 4 2 3
   1.543944390e+02   3.188282700e+01   1.451602000e+00  -5.834441000e+00  -6.377624000e+00
  -5.046747000e+00  -3.585017000e+00  -2.353786000e+00  -1.413654000e+00  -7.841210000e-01
  -4.135620000e-01  -2.098210000e-01  -9.163200000e-02  -2.202000000e-02   1.683400000e-02
   3.363600000e-02   1.989600000e-02   9.231000000e-03   2.738000000e-03   6.950000000e-04
  -5.200000000e-05  -7.600000000e-05  -6.400000000e-05  -5.500000000e-05  -4.000000000e-06
4 4 2 4
  -3.181439550e+03  -1.288935234e+03  -5.688806780e+02  -2.640881170e+02  -1.243132090e+02
  -5.886013900e+01  -2.895134400e+01  -1.544452200e+01  -8.913379000e+00  -5.199099000e+00
  -2.741167000e+00  -1.109421000e+00  -1.795600000e-01   2.310050000e-01   3.477260000e-01
   2.836240000e-01   1.634630000e-01   5.533400000e-02  -5.513900000e-02  -3.879800000e-02
  -9.845000000e-03  -1.806000000e-03  -4.620000000e-04   3.890000000e-04   7.450000000e-04
4 4 2 5
   7.612318780e+02   1.373182120e+02  -1.704889000e+00  -2.546876200e+01  -2.294711700e+01
  -1.639879500e+01  -1.073348000e+01  -6.687731000e+00  -4.061325000e+00  -2.434971000e+00
  -1.464111000e+00  -8.936000000e-01  -5.473310000e-01  -3.197510000e-01  -1.636240000e-01
  -3.820000000e-03   2.690600000e-02   1.401100000e-02  -2.407000000e-03  -4.650000000e-04
   9.490000000e-04   9.580000000e-04   7.650000000e-04  -1.070000000e-04  -1.130000000e-04
4 4 2 6
   1.894120239e+04   9.034278790e+03   4.607429144e+03   2.486256359e+03   1.411781904e+03
   8.430197330e+02   5.281573560e+02   3.442942050e+02   2.310917610e+02   1.584707670e+02
   1.106808090e+02   7.882678700e+01   5.740025500e+01   4.274863200e+01   3.246389600e+01
   1.956384900e+01   1.231709300e+01   8.034987000e+00   3.659580000e+00   1.745275000e+00
   8.808860000e-01   4.797270000e-01   2.761620000e-01   1.648690000e-01   1.017420000e-01
4 4 4 8
   5.819722790e+03   2.369455400e+03   1.037474186e+03   4.837435070e+02   2.381481620e+02
   1.236123670e+02   6.825705600e+01   4.024369300e+01   2.519685800e+01   1.647086800e+01
   1.098714100e+01   7.388832000e+00   5.022832000e+00   3.476060000e+00   2.463131000e+00
   1.345650000e+00   8.009130000e-01   4.906470000e-01   1.919060000e-01   7.916900000e-02
   3.342500000e-02   1.492700000e-02   7.702000000e-03   4.439000000e-03   2.404000000e-03
4 4 6 10
   7.403524590e+02   2.423573750e+02   8.772787800e+01   3.473773800e+01   1.513790800e+01
   7.118381000e+00   3.540527000e+00   2.120544000e+00   1.701993000e+00   1.532720000e+00
   1.287407000e+00   9.655100000e-01   6.633080000e-01   4.290990000e-01   2.654780000e-01
   9.264500000e-02   3.394700000e-02   2.040200000e-02   1.549400000e-02   6.703000000e-03
   1.191000000e-03   6.210000000e-04   1.670000000e-04  -4.000000000e-06  -2.300000000e-05
5 0 0 5
  -2.709015695e+03  -1.171015711e+03  -5.589521600e+02  -2.863470280e+02  -1.554399270e+02
  -8.920357700e+01  -5.364621800e+01  -3.334701600e+01  -2.117958400e+01  -1.359597700e+01
  -8.728255000e+00  -5.552211000e+00  -3.477144000e+00  -2.125068000e+00  -1.246909000e+00
  -3.325130000e-01  -4.746000000e-03   6.763300000e-02   3.883400000e-02   2.290700000e-02
   1.331800000e-02   3.867000000e-03   1.900000000e-05  -6.120000000e-04  -1.108000000e-03
5 0 2 5
   3.951151770e+02   1.623937470e+02   7.235618500e+01   3.321602700e+01   1.521269400e+01
   7.317589000e+00   3.891715000e+00   2.158565000e+00   1.090898000e+00   4.282340000e-01
   7.592400000e-02  -7.965300000e-02  -1.298610000e-01  -1.263320000e-01  -9.482400000e-02
  -2.340300000e-02   4.222000000e-03   3.151000000e-03   7.009000000e-03   7.129000000e-03
   8.310000000e-04  -5.870000000e-04  -1.950000000e-04  -3.200000000e-05   2.200000000e-05
5 0 2 7
  -3.895002690e+03  -1.471987918e+03  -6.141279960e+02  -2.750898680e+02  -1.310105300e+02
  -6.762094300e+01  -3.834168100e+01  -2.350187000e+01  -1.514031300e+01  -1.003371100e+01
  -6.788242000e+00  -4.693483000e+00  -3.331901000e+00  -2.435835000e+00  -1.832763000e+00
  -1.094482000e+00  -6.546760000e-01  -3.889690000e-01  -1.612450000e-01  -6.877300000e-02
  -2.783400000e-02  -1.376400000e-02  -8.461000000e-03  -4.798000000e-03  -2.961000000e-03
5 0 4 9
  -6.471540030e+02  -2.859589730e+02  -1.232425700e+02  -5.271632300e+01  -2.222129700e+01
  -9.323440000e+00  -3.989152000e+00  -1.863843000e+00  -1.027311000e+00  -6.171800000e-01
  -3.288050000e-01  -1.257590000e-01  -9.390000000e-03   3.852400000e-02   4.929800000e-02
   3.530100000e-02   1.942600000e-02   7.974000000e-03  -3.744000000e-03  -2.222000000e-03
   9.800000000e-05   2.850000000e-04   8.700000000e-05   1.300000000e-05  -3.500000000e-05
5 2 0 5
  -1.649685380e+02  -2.154996090e+02  -1.132598580e+02  -4.384002900e+01  -8.750151000e+00
   6.801347000e+00   1.226817800e+01   1.307467200e+01   1.202034100e+01   1.033450200e+01
   8.500384000e+00   6.713484000e+00   5.073562000e+00   3.664195000e+00   2.543827000e+00
   1.104920000e+00   4.130550000e-01   1.289440000e-01  -3.262000000e-03  -1.475000000e-02
  -8.162000000e-03  -2.372000000e-03  -1.100000000e-04  -3.030000000e-04   0.000000000e+00
5 2 2 6
   1.703306770e+02   5.968838700e+01   2.258642800e+01   8.471791000e+00   3.335654000e+00
   1.950237000e+00   1.604852000e+00   1.292105000e+00   8.949210000e-01   5.250900000e-01
   2.604100000e-01   1.113150000e-01   4.962500000e-02   2.390400000e-02   1.035900000e-02
  -5.102000000e-03  -1.041600000e-02  -7.054000000e-03   4.200000000e-05  -2.240000000e-04
  -3.310000000e-04  -1.020000000e-04  -1.350000000e-04  -6.800000000e-05  -4.000000000e-05
5 2 2 7
  -2.595641600e+02  -4.133585460e+02  -2.892358900e+02  -1.800505500e+02  -1.096248670e+02
  -6.674273200e+01  -4.137706200e+01  -2.639358300e+01  -1.728088300e+01  -1.148027000e+01
  -7.618389000e+00  -5.026898000e+00  -3.349287000e+00  -2.296948000e+00  -1.629850000e+00
  -8.937060000e-01  -5.440210000e-01  -3.527810000e-01  -1.417110000e-01  -6.323800000e-02
  -3.139600000e-02  -1.557600000e-02  -7.783000000e-03  -4.329000000e-03  -2.345000000e-03
5 2 4 9
  -7.148549810e+02  -2.299074510e+02  -8.658238800e+01  -3.771213400e+01  -1.828149500e+01
  -9.589038000e+00  -5.451797000e+00  -3.292338000e+00  -2.104063000e+00  -1.447880000e+00
  -1.071977000e+00  -8.226880000e-01  -6.362430000e-01  -4.903290000e-01  -3.738340000e-01
  -2.164190000e-01  -1.295560000e-01  -7.720400000e-02  -1.992500000e-02  -4.500000000e-03
  -1.543000000e-03  -8.550000000e-04  -2.970000000e-04  -1.600000000e-04  -6.700000000e-05
5 4 0 5
   2.266199282e+04   1.034034268e+04   4.949456125e+03   2.450256501e+03   1.240642792e+03
   6.384891930e+02   3.325670680e+02   1.739385800e+02   8.963127400e+01   4.377281200e+01
   1.868381500e+01   5.365554000e+00  -1.143488000e+00  -3.865571000e+00  -4.674908000e+00
  -4.163474000e+00  -2.929915000e+00  -1.776176000e+00  -5.088660000e-01  -1.743720000e-01
  -8.647000000e-02  -3.818300000e-02  -1.626300000e-02  -6.754000000e-03  -2.865000000e-03
5 4 2 3
   6.350560010e+02   2.407213970e+02   1.142066960e+02   6.095219100e+01   2.934535300e+01
   1.098456900e+01   2.997647000e+00   1.038407000e+00   1.344993000e+00   1.798220000e+00
   1.673409000e+00   1.086962000e+00   4.816470000e-01   1.273040000e-01  -2.071000000e-03
  -1.463700000e-02  -4.431700000e-02  -7.782300000e-02  -2.660400000e-02   1.110500000e-02
   4.369000000e-03   8.610000000e-04   5.980000000e-04   3.290000000e-04   1.220000000e-04
5 4 2 4
   1.925286640e+02   5.272958300e+01   1.578694900e+01   4.436326000e+00   3.860830000e-01
  -1.014016000e+00  -1.340313000e+00  -1.177722000e+00  -8.361320000e-01  -5.229460000e-01
  -3.138750000e-01  -1.890680000e-01  -1.077450000e-01  -5.148500000e-02  -1.560200000e-02
   5.526000000e-03  -2.462000000e-03  -6.927000000e-03  -2.698000000e-03   5.300000000e-05
  -1.800000000e-05   4.400000000e-05  -6.100000000e-05  -4.400000000e-05  -1.600000000e-05
5 4 2 5
  -4.044470590e+03  -1.546273143e+03  -6.573752750e+02  -2.960077540e+02  -1.335133500e+02
  -5.894677700e+01  -2.656820300e+01  -1.352348900e+01  -8.121121000e+00  -5.229810000e+00
  -3.115884000e+00  -1.493462000e+00  -4.650790000e-01   4.562000000e-03   1.233660000e-01
   5.783400000e-02   4.051800000e-02   4.691300000e-02  -1.523000000e-02  -3.141100000e-02
  -1.300000000e-02  -6.152000000e-03  -3.570000000e-03  -1.998000000e-03  -1.068000000e-03
5 4 2 6
  -1.440815230e+02  -5.935755300e+01  -3.055110000e+01  -1.789195000e+01  -1.126653700e+01
  -7.371099000e+00  -4.729321000e+00  -2.924116000e+00  -1.744494000e+00  -9.987840000e-01
  -5.597310000e-01  -3.204390000e-01  -1.924860000e-01  -1.245810000e-01  -8.158100000e-02
  -2.788700000e-02   6.500000000e-04   1.127700000e-02   9.612000000e-03   3.422000000e-03
   1.085000000e-03   2.420000000e-04   2.600000000e-05  -4.100000000e-05  -6.000000000e-06
5 4 2 7
   2.641786983e+04   1.155161277e+04   5.405866980e+03   2.677961996e+03   1.395433957e+03
   7.672690410e+02   4.472246780e+02   2.748736970e+02   1.755579090e+02   1.147687930e+02
   7.616103200e+01   5.136552500e+01   3.550640300e+01   2.532543300e+01   1.859135700e+01
   1.054163600e+01   6.141377000e+00   3.692963000e+00   1.538093000e+00   6.850240000e-01
   3.086730000e-01   1.530570000e-01   8.146700000e-02   4.429300000e-02   2.479700000e-02
5 4 4 7
  -9.508477660e+02  -3.023644630e+02  -1.075337310e+02  -4.220697500e+01  -1.669544800e+01
  -5.626770000e+00  -1.115220000e+00   4.510240000e-01   6.953190000e-01   4.682070000e-01
   2.560110000e-01   1.672850000e-01   1.349510000e-01   1.077220000e-01   7.967400000e-02
   3.729400000e-02   2.030200000e-02   1.526800000e-02   1.461000000e-03  -3.708000000e-03
  -1.560000000e-03  -5.960000000e-04  -1.230000000e-04   2.300000000e-05   2.400000000e-05
5 4 4 9
   9.535603230e+03   3.562770660e+03   1.433056052e+03   6.137831480e+02   2.767167530e+02
   1.310010460e+02   6.589942200e+01   3.567172400e+01   2.086016700e+01   1.293242700e+01
   8.175893000e+00   5.143053000e+00   3.235736000e+00   2.074342000e+00   1.373871000e+00
   6.975600000e-01   4.189780000e-01   2.663440000e-01   1.072420000e-01   3.915300000e-02
   1.223400000e-02   3.322000000e-03  -1.620000000e-04  -8.870000000e-04  -1.528000000e-03
5 4 6 9
  -5.367500410e+02  -1.414810710e+02  -4.245079500e+01  -1.427806200e+01  -5.193753000e+00
  -1.730493000e+00  -1.030020000e-01   5.889680000e-01   6.440890000e-01   3.973850000e-01
   1.462720000e-01   7.050000000e-03  -4.102700000e-02  -3.861900000e-02  -1.981200000e-02
   1.109100000e-02   1.998500000e-02   1.713900000e-02   3.388000000e-03  -1.729000000e-03
  -6.240000000e-04  -2.960000000e-04  -7.600000000e-05   1.900000000e-05   1.300000000e-05
5 4 6 11
   1.570367400e+03   4.996985660e+02   1.717400590e+02   6.327836700e+01   2.504174600e+01
   1.046830000e+01   4.361630000e+00   2.059555000e+00   1.540750000e+00   1.535740000e+00
   1.423241000e+00   1.119532000e+00   7.715860000e-01   4.927700000e-01   3.036760000e-01
   1.193240000e-01   5.619400000e-02   3.330800000e-02   1.708300000e-02   5.759000000e-03
   6.190000000e-04   4.760000000e-04   2.120000000e-04   4.300000000e-05   2.500000000e-05
6 0 0 6
   5.189841928e+03   2.275662338e+03   1.027254620e+03   4.748348770e+02   2.229057760e+02
   1.058512720e+02   5.111304300e+01   2.534114400e+01   1.278544600e+01   6.241123000e+00
   2.627150000e+00   6.601770000e-01  -2.675090000e-01  -5.814300000e-01  -6.057390000e-01
  -4.577570000e-01  -3.326850000e-01  -2.358130000e-01  -9.623600000e-02  -3.182100000e-02
  -1.504800000e-02  -8.962000000e-03  -6.279000000e-03  -4.400000000e-03  -3.029000000e-03
6 0 2 8
   6.657082104e+03   2.791028497e+03   1.244480580e+03   5.860113800e+02   2.889610490e+02
   1.493437250e+02   8.188225700e+01   4.793175900e+01   2.962345300e+01   1.888310600e+01
   1.213192100e+01   7.782197000e+00   5.045962000e+00   3.382973000e+00   2.365307000e+00
   1.250377000e+00   6.600580000e-01   3.347510000e-01   9.531300000e-02   3.773700000e-02
   1.586700000e-02   6.678000000e-03   2.811000000e-03   1.084000000e-03   3.470000000e-04
6 0 4 10
   3.554639000e+03   1.235359665e+03   4.642913160e+02   1.871590840e+02   7.959985000e+01
   3.528875400e+01   1.650383200e+01   8.340796000e+00   4.696855000e+00   2.971258000e+00
   1.998600000e+00   1.332986000e+00   8.607820000e-01   5.443720000e-01   3.392140000e-01
   1.342300000e-01   6.271000000e-02   3.306000000e-02   7.298000000e-03  -1.479000000e-03
  -2.719000000e-03  -1.674000000e-03  -1.269000000e-03  -6.510000000e-04  -7.500000000e-05
6 2 0 6
  -1.007213265e+04  -4.294789096e+03  -1.912438094e+03  -8.782889950e+02  -4.118368000e+02
  -1.967120000e+02  -9.627862000e+01  -4.864844300e+01  -2.518165700e+01  -1.283315900e+01
  -5.947565000e+00  -2.121492000e+00  -1.973570000e-01   5.773030000e-01   7.758220000e-01
   6.620100000e-01   4.838120000e-01   3.304710000e-01   1.112340000e-01   2.026000000e-02
   2.374000000e-03  -1.263000000e-03  -2.616000000e-03  -2.152000000e-03  -2.570000000e-03
6 2 2 4
  -3.059839790e+02  -1.029570390e+02  -4.656823200e+01  -2.627427100e+01  -1.352007500e+01
  -4.874226000e+00  -2.811260000e-01   1.174765000e+00   9.542820000e-01   2.481340000e-01
  -2.489010000e-01  -3.277580000e-01  -1.776250000e-01  -2.887400000e-02   4.121900000e-02
   2.777900000e-02  -7.464000000e-03  -5.855000000e-03   7.111000000e-03   3.211000000e-03
   4.640000000e-04  -1.410000000e-04  -2.090000000e-04  -9.100000000e-05  -5.100000000e-05
6 2 2 6
   1.132216000e+03   4.336608680e+02   1.807566260e+02   7.947966800e+01   3.352708200e+01
   1.234467300e+01   3.852107000e+00   1.384561000e+00   1.144817000e+00   1.268544000e+00
   1.104462000e+00   6.753400000e-01   2.669210000e-01   4.275500000e-02  -3.135400000e-02
  -1.158300000e-02   5.000000000e-03  -5.506000000e-03  -1.046300000e-02  -2.885000000e-03
  -1.960000000e-04   3.880000000e-04   3.280000000e-04   1.420000000e-04   4.000000000e-05
6 2 2 7
   2.948243900e+01  -1.476876000e+00  -4.131703000e+00  -2.909463000e+00  -1.409492000e+00
  -1.468550000e-01   5.578070000e-01   7.663220000e-01   6.564230000e-01   4.167960000e-01
   1.961960000e-01   6.358100000e-02   6.648000000e-03  -1.018400000e-02  -1.072300000e-02
  -1.895000000e-03   1.411000000e-03  -7.600000000e-05  -2.678000000e-03  -1.432000000e-03
  -3.190000000e-04   4.000000000e-05   3.000000000e-05   1.300000000e-05   2.500000000e-05
6 2 2 8
  -1.371468971e+04  -5.632566760e+03  -2.474304622e+03  -1.148253897e+03  -5.576841200e+02
  -2.845188110e+02  -1.546062670e+02  -9.001356900e+01  -5.544118300e+01  -3.524416300e+01
  -2.258609400e+01  -1.444599700e+01  -9.326950000e+00  -6.217489000e+00  -4.327623000e+00
  -2.306293000e+00  -1.264264000e+00  -6.821620000e-01  -2.259890000e-01  -9.926400000e-02
  -4.755500000e-02  -2.465300000e-02  -1.386000000e-02  -7.802000000e-03  -4.841000000e-03
6 2 4 10
  -6.988424260e+03  -2.444345828e+03  -9.268440830e+02  -3.760638220e+02  -1.604093710e+02
  -7.115738800e+01  -3.320564100e+01  -1.670101400e+01  -9.315245000e+00  -5.770114000e+00
  -3.767222000e+00  -2.443936000e+00  -1.543430000e+00  -9.617990000e-01  -6.032090000e-01
  -2.637120000e-01  -1.399660000e-01  -7.816900000e-02  -1.867500000e-02   2.141000000e-03
   6.488000000e-03   4.780000000e-03   4.145000000e-03   3.130000000e-03   2.713000000e-03
6 4 0 6
   1.473830808e+04   6.213969630e+03   2.764955118e+03   1.273560652e+03   5.994153540e+02
   2.874736030e+02   1.412092390e+02   7.161623200e+01   3.735847400e+01   1.943818800e+01
   9.473236000e+00   3.856687000e+00   9.023360000e-01  -4.320640000e-01  -9.126730000e-01
  -9.938400000e-01  -8.155560000e-01  -5.852640000e-01  -2.096040000e-01  -5.477300000e-02
  -1.961100000e-02  -9.205000000e-03  -4.246000000e-03  -1.926000000e-03  -6.920000000e-04
6 4 2 4
   4.837369410e+02   1.657507710e+02   7.745899500e+01   4.398520400e+01   2.246451600e+01
   8.007256000e+00   6.310940000e-01  -1.651506000e+00  -1.369442000e+00  -3.969070000e-01
   2.870510000e-01   4.190820000e-01   2.323510000e-01   3.935300000e-02  -5.248300000e-02
  -3.190500000e-02   1.248600000e-02   3.439000000e-03  -1.732200000e-02  -5.384000000e-03
  -5.960000000e-04  -9.100000000e-05   7.100000000e-05   7.600000000e-05   5.300000000e-05
6 4 2 6
  -1.414515140e+03  -5.567859420e+02  -2.428249360e+02  -1.106255620e+02  -4.737886100e+01
  -1.741595400e+01  -5.440093000e+00  -1.909527000e+00  -1.360686000e+00  -1.355614000e+00
  -1.131550000e+00  -6.743310000e-01  -2.472470000e-01  -1.716900000e-02   4.665700000e-02
   7.920000000e-04  -1.345000000e-02   1.336100000e-02   2.168000000e-02   3.287000000e-03
  -2.190000000e-04  -1.640000000e-04  -2.340000000e-04  -1.400000000e-04  -8.400000000e-05
6 4 2 8
   2.149234744e+04   8.562344650e+03   3.678883295e+03   1.675962864e+03   8.001249980e+02
   4.023990070e+02   2.164606150e+02   1.252443900e+02   7.688910100e+01   4.886300900e+01
   3.145359400e+01   2.032033700e+01   1.328061300e+01   8.934718000e+00   6.239437000e+00
   3.305938000e+00   1.795339000e+00   9.620460000e-01   3.251890000e-01   1.441150000e-01
   6.509900000e-02   3.098000000e-02   1.567300000e-02   8.472000000e-03   4.482000000e-03
6 4 4 10
   1.025720465e+04   3.528085410e+03   1.315337259e+03   5.242450530e+02   2.194428720e+02
   9.578577600e+01   4.406838900e+01   2.178267000e+01   1.184909200e+01   7.047300000e+00
   4.336651000e+00   2.628659000e+00   1.563491000e+00   9.362560000e-01   5.731640000e-01
   2.529240000e-01   1.477550000e-01   9.537800000e-02   4.139000000e-02   1.932100000e-02
   9.279000000e-03   5.389000000e-03   3.714000000e-03   3.349000000e-03   2.573000000e-03
6 4 6 10
  -2.475299280e+02  -7.716925100e+01  -2.738009800e+01  -1.089492900e+01  -4.414882000e+00
  -1.664166000e+00  -2.736450000e-01   4.231570000e-01   6.102910000e-01   4.793130000e-01
   2.648600000e-01   1.135480000e-01   3.804800000e-02   9.037000000e-03   1.240000000e-03
   4.563000000e-03   5.988000000e-03   4.260000000e-03   1.160000000e-03   1.150000000e-04
   5.600000000e-05  -5.700000000e-05  -5.700000000e-05   1.300000000e-05  -9.000000000e-06
6 4 6 12
   1.752607850e+03   5.429057180e+02   1.799742100e+02   6.345884900e+01   2.387249100e+01
   9.397678000e+00   3.525819000e+00   1.242536000e+00   6.909470000e-01   7.511370000e-01
   7.875960000e-01   6.378750000e-01   4.196590000e-01   2.480420000e-01   1.419300000e-01
   5.312200000e-02   2.666300000e-02   1.424500000e-02   3.793000000e-03   1.192000000e-03
   1.120000000e-04   1.350000000e-04   1.070000000e-04   3.400000000e-05  -5.000000000e-06
6 6 0 6
   4.058403880e+03   1.801941000e+03   8.307137280e+02   3.919382470e+02   1.872412460e+02
   9.016554300e+01   4.370878900e+01   2.118439000e+01   9.911285000e+00   4.059451000e+00
   1.036003000e+00  -3.757640000e-01  -8.569970000e-01  -8.561550000e-01  -6.854630000e-01
  -3.868790000e-01  -2.649900000e-01  -1.912950000e-01  -4.882100000e-02  -5.754000000e-03
  -9.521000000e-03  -6.005000000e-03  -2.310000000e-03  -9.470000000e-04  -4.160000000e-04
6 6 2 8
   5.482804940e+03   2.287390250e+03   1.021423960e+03   4.801535160e+02   2.355049620e+02
   1.216258220e+02   6.745664600e+01   4.035577300e+01   2.548439800e+01   1.644687900e+01
   1.061926300e+01   6.862627000e+00   4.531703000e+00   3.125984000e+00   2.257113000e+00
   1.253670000e+00   6.819370000e-01   3.664870000e-01   1.498230000e-01   7.849800000e-02
   3.012000000e-02   1.139100000e-02   5.344000000e-03   2.753000000e-03   1.478000000e-03
6 6 4 10
   2.357495920e+03   8.204538300e+02   3.127953200e+02   1.282764290e+02   5.517803000e+01
   2.426809000e+01   1.103674700e+01   5.338079000e+00   2.839400000e+00   1.644999000e+00
   9.533190000e-01   5.161380000e-01   2.521040000e-01   1.125330000e-01   4.558500000e-02
   4.997000000e-03  -3.318000000e-03  -6.777000000e-03  -1.244000000e-03   3.616000000e-03
   2.020000000e-03   8.770000000e-04   2.880000000e-04   1.070000000e-04   6.700000000e-05
7 0 0 7
   3.626839370e+03   1.521717820e+03   6.572188610e+02   2.903676860e+02   1.300010520e+02
   5.883254700e+01   2.718379600e+01   1.337965400e+01   7.304539000e+00   4.255833000e+00
   2.392333000e+00   1.131809000e+00   3.599800000e-01  -7.419000000e-03  -1.366690000e-01
  -1.412130000e-01  -9.793400000e-02  -6.820100000e-02  -4.278700000e-02  -1.803400000e-02
  -2.108000000e-03   5.440000000e-04   1.500000000e-04  -7.000000000e-06  -3.500000000e-05
7 0 2 9
   5.979166070e+03   2.353445250e+03   9.840865240e+02   4.326449630e+02   1.972195130e+02
   9.353354700e+01   4.704349700e+01   2.563641900e+01   1.526757800e+01   9.698809000e+00
   6.267801000e+00   3.964240000e+00   2.463087000e+00   1.557596000e+00   1.030310000e+00
   5.132250000e-01   2.702610000e-01   1.328230000e-01   2.177000000e-02  -1.549000000e-03
   1.024000000e-03   2.037000000e-03   1.182000000e-03   5.550000000e-04   2.570000000e-04
7 0 4 11
   2.693058470e+03   9.388143110e+02   3.473136030e+02   1.367487590e+02   5.631523300e+01
   2.399370700e+01   1.056935700e+01   4.818039000e+00   2.417272000e+00   1.441485000e+00
   9.401700000e-01   5.785360000e-01   3.200810000e-01   1.687720000e-01   8.766700000e-02
   2.977500000e-02   2.231500000e-02   1.837000000e-02   6.721000000e-03   6.740000000e-04
   3.290000000e-04   1.240000000e-04   5.200000000e-05   1.500000000e-05  -2.300000000e-05
7 2 0 7
  -5.176117520e+03  -2.138416600e+03  -9.143074180e+02  -4.008778690e+02  -1.788230780e+02
  -8.125274400e+01  -3.817606500e+01  -1.928307100e+01  -1.074523300e+01  -6.336411000e+00
  -3.585007000e+00  -1.743442000e+00  -6.214430000e-01  -6.699400000e-02   1.418010000e-01
   1.845090000e-01   1.374650000e-01   9.520800000e-02   5.503400000e-02   2.350000000e-02
   2.777000000e-03  -6.770000000e-04  -1.710000000e-04   6.300000000e-05   3.400000000e-05
7 2 2 5
  -2.627625120e+02  -7.079931200e+01  -2.761209400e+01  -1.628927100e+01  -9.662406000e+00
  -4.489080000e+00  -1.022868000e+00   6.713330000e-01   1.036315000e+00   7.053390000e-01
   2.320680000e-01  -4.633700000e-02  -9.582900000e-02  -5.110700000e-02  -2.728000000e-03
   2.831300000e-02   9.252000000e-03  -5.431000000e-03  -6.884000000e-03   1.909000000e-03
   2.301000000e-03   5.870000000e-04   5.900000000e-05   6.000000000e-06  -2.000000000e-05
7 2 2 9
  -8.346045050e+03  -3.277719350e+03  -1.366227690e+03  -5.977887650e+02  -2.712803290e+02
  -1.285577960e+02  -6.493064200e+01  -3.565800200e+01  -2.139380500e+01  -1.363470300e+01
  -8.799485000e+00  -5.533559000e+00  -3.391783000e+00  -2.109365000e+00  -1.374667000e+00
  -6.860200000e-01  -3.756840000e-01  -1.944210000e-01  -3.786800000e-02  -1.399000000e-03
  -1.867000000e-03  -2.868000000e-03  -1.724000000e-03  -7.940000000e-04  -3.900000000e-04
7 2 4 11
  -3.898328360e+03  -1.353083980e+03  -4.987030490e+02  -1.950896760e+02  -7.961433900e+01
  -3.360666900e+01  -1.469420100e+01  -6.678904000e+00  -3.387158000e+00  -2.057299000e+00
  -1.346866000e+00  -8.125230000e-01  -4.316470000e-01  -2.130500000e-01  -1.016180000e-01
  -3.216600000e-02  -2.756600000e-02  -2.361000000e-02  -9.182000000e-03  -1.737000000e-03
  -8.600000000e-05  -7.700000000e-05  -6.700000000e-05   7.000000000e-06   1.300000000e-05
7 4 0 7
   3.762987140e+03   1.548400680e+03   6.613165850e+02   2.895060600e+02   1.286904250e+02
   5.802507100e+01   2.705542300e+01   1.370251400e+01   7.876712000e+00   4.973705000e+00
   3.127311000e+00   1.773142000e+00   8.459220000e-01   3.090590000e-01   4.640400000e-02
  -1.112190000e-01  -1.123760000e-01  -7.982500000e-02  -4.172200000e-02  -1.853000000e-02
  -2.061000000e-03   8.580000000e-04   3.320000000e-04  -1.000000000e-05  -2.600000000e-05
7 4 2 5
   1.072636700e+01  -1.221053000e+00   4.794600000e+00   7.732531000e+00   6.144713000e+00
   3.030071000e+00   6.502160000e-01  -5.438520000e-01  -7.933580000e-01  -5.487750000e-01
  -1.895470000e-01   3.592800000e-02   8.688300000e-02   5.967100000e-02   2.112900000e-02
  -1.569700000e-02  -9.305000000e-03   1.633000000e-03   5.552000000e-03  -1.396000000e-03
  -1.900000000e-03  -4.050000000e-04  -2.200000000e-05   1.000000000e-06  -2.400000000e-05
7 4 2 9
   5.597719760e+03   2.192582250e+03   9.108908750e+02   3.967570410e+02   1.791856900e+02
   8.459315100e+01   4.276092300e+01   2.358990100e+01   1.419956200e+01   9.080996000e+00
   5.911869000e+00   3.765449000e+00   2.330168000e+00   1.450179000e+00   9.392820000e-01
   4.664500000e-01   2.600440000e-01   1.363790000e-01   2.197800000e-02  -4.965000000e-03
  -7.960000000e-04   1.472000000e-03   1.111000000e-03   5.920000000e-04   3.080000000e-04
7 4 4 11
   2.725838640e+03   9.321403320e+02   3.386380660e+02   1.302245300e+02   5.233546700e+01
   2.187977400e+01   9.600049000e+00   4.435504000e+00   2.283199000e+00   1.383212000e+00
   8.980830000e-01   5.448900000e-01   2.940370000e-01   1.458820000e-01   6.763700000e-02
   2.006300000e-02   2.330700000e-02   2.343300000e-02   8.170000000e-03   4.910000000e-04
  -3.380000000e-04  -3.200000000e-05   3.600000000e-05  -1.000000000e-06  -3.400000000e-05
7 6 0 7
   5.379903940e+03   2.226981010e+03   9.607694540e+02   4.244361070e+02   1.889853270e+02
   8.433881300e+01   3.814402500e+01   1.813015000e+01   9.320097000e+00   4.994431000e+00
   2.489757000e+00   9.224360000e-01   4.238600000e-02  -3.144930000e-01  -3.740230000e-01
  -2.342720000e-01  -1.307150000e-01  -9.209500000e-02  -3.165800000e-02   2.922000000e-03
  -1.135000000e-03  -2.320000000e-03  -9.000000000e-04  -3.130000000e-04  -1.030000000e-04
7 6 2 5
   3.378970140e+02   8.646247100e+01   3.163141000e+01   1.957690200e+01   1.254624900e+01
   6.260064000e+00   1.800737000e+00  -3.990300000e-01  -9.239050000e-01  -6.057580000e-01
  -1.133270000e-01   1.640660000e-01   1.922990000e-01   1.233760000e-01   5.796600000e-02
   1.237600000e-02   1.985900000e-02   1.763300000e-02  -4.354000000e-03  -4.800000000e-04
   1.840000000e-03   5.200000000e-04   2.200000000e-05   3.000000000e-05  -4.000000000e-06
7 6 2 7
  -7.173516460e+02  -2.527288030e+02  -1.049265450e+02  -4.875764700e+01  -2.186541100e+01
  -8.042164000e+00  -1.735764000e+00   4.100460000e-01   6.676570000e-01   3.151840000e-01
  -2.639400000e-02  -1.485190000e-01  -1.118560000e-01  -4.560700000e-02  -6.173000000e-03
   4.003000000e-03  -7.269000000e-03  -3.669000000e-03   7.327000000e-03  -2.577000000e-03
  -2.984000000e-03  -6.750000000e-04  -1.230000000e-04  -3.300000000e-05  -9.000000000e-06
7 6 2 9
   8.391096230e+03   3.244017370e+03   1.349222130e+03   5.920136730e+02   2.691972140e+02
   1.270520300e+02   6.385625100e+01   3.511701800e+01   2.117889600e+01   1.356510400e+01
   8.813955000e+00   5.613596000e+00   3.496887000e+00   2.184077000e+00   1.399801000e+00
   6.360400000e-01   3.133300000e-01   1.544270000e-01   5.547000000e-02   3.802400000e-02
   1.603500000e-02   5.016000000e-03   1.951000000e-03   8.900000000e-04   4.610000000e-04
7 6 4 11
   4.325722410e+03   1.424943000e+03   5.106323620e+02   1.966836250e+02   7.982839100e+01
   3.333388600e+01   1.437539800e+01   6.468306000e+00   3.182299000e+00   1.799371000e+00
   1.099448000e+00   6.595210000e-01   3.776970000e-01   2.144840000e-01   1.216270000e-01
   3.712100000e-02   8.452000000e-03  -3.411000000e-03  -2.801000000e-03   2.042000000e-03
   1.795000000e-03   7.830000000e-04   2.380000000e-04   5.200000000e-05   3.200000000e-05
8 0 0 8
   7.671644060e+02   3.177623250e+02   1.332807770e+02   5.653834200e+01   2.414875300e+01
   1.058193300e+01   4.847491000e+00   2.476823000e+00   1.509781000e+00   1.050102000e+00
   7.176950000e-01   4.369010000e-01   1.964440000e-01   4.944900000e-02  -2.438500000e-02
  -5.373900000e-02  -4.080600000e-02  -2.569200000e-02  -1.092000000e-02  -8.023000000e-03
  -1.798000000e-03   3.610000000e-04   2.080000000e-04   5.600000000e-05   3.000000000e-05
8 0 2 10
   1.393818030e+03   5.413564880e+02   2.195964790e+02   9.241101100e+01   3.978693100e+01
   1.770523100e+01   8.238245000e+00   4.120281000e+00   2.307851000e+00   1.447357000e+00
   9.740540000e-01   6.400100000e-01   3.864700000e-01   2.105960000e-01   1.070910000e-01
   2.681300000e-02   8.595000000e-03   2.295000000e-03  -3.650000000e-04  -4.897000000e-03
  -2.822000000e-03  -3.720000000e-04   4.800000000e-05   6.900000000e-05   3.200000000e-05
8 2 0 8
  -7.171416820e+02  -2.937628200e+02  -1.218137990e+02  -5.083589100e+01  -2.165023000e+01
  -9.845965000e+00  -4.930163000e+00  -2.810459000e+00  -1.814919000e+00  -1.249635000e+00
  -8.517610000e-01  -5.157190000e-01  -2.661400000e-01  -9.856400000e-02  -9.128000000e-03
   4.616100000e-02   4.674900000e-02   3.292600000e-02   1.309800000e-02   9.202000000e-03
   1.950000000e-03  -5.380000000e-04  -2.670000000e-04  -4.700000000e-05  -1.100000000e-05
8 2 2 10
  -1.296625150e+03  -5.074747430e+02  -2.052593590e+02  -8.535902400e+01  -3.628302200e+01
  -1.611354700e+01  -7.639467000e+00  -3.988205000e+00  -2.361369000e+00  -1.540469000e+00
  -1.024908000e+00  -6.453150000e-01  -3.571450000e-01  -1.755340000e-01  -7.851000000e-02
  -1.797500000e-02  -6.776000000e-03   1.485000000e-03   3.841000000e-03   6.966000000e-03
   3.648000000e-03   4.100000000e-04  -4.800000000e-05  -2.300000000e-05  -4.100000000e-05
8 4 0 8
  -9.731452000e+02  -3.663951810e+02  -1.458097860e+02  -6.035821100e+01  -2.512594100e+01
  -1.015394400e+01  -3.860120000e+00  -1.443407000e+00  -6.227890000e-01  -3.127900000e-01
  -1.400220000e-01  -3.292100000e-02   1.801300000e-02   2.269600000e-02   8.176000000e-03
  -1.610100000e-02  -2.225500000e-02  -1.611600000e-02  -4.695000000e-03  -5.393000000e-03
  -1.386000000e-03   4.120000000e-04   2.300000000e-04   4.200000000e-05   2.700000000e-05
8 4 2 10
  -1.791912530e+03  -6.393123400e+02  -2.487982720e+02  -1.035852010e+02  -4.444158900e+01
  -1.913262800e+01  -8.316409000e+00  -3.870314000e+00  -2.163132000e+00  -1.492281000e+00
  -1.097679000e+00  -7.671500000e-01  -5.135200000e-01  -3.499370000e-01  -2.443340000e-01
  -1.165530000e-01  -5.026800000e-02  -2.037000000e-02  -4.251000000e-03  -6.203000000e-03
  -3.574000000e-03  -7.470000000e-04  -2.000000000e-04  -6.400000000e-05   3.000000000e-06
8 6 0 8
   4.401938660e+03   1.703901510e+03   6.905019740e+02   2.878411170e+02   1.212088360e+02
   5.085229200e+01   2.126566100e+01   9.392076000e+00   4.895378000e+00   3.048326000e+00
   1.951104000e+00   1.059938000e+00   3.928060000e-01   3.322300000e-02  -9.298300000e-02
  -6.440900000e-02  -7.820000000e-03   8.030000000e-04  -6.097000000e-03   8.550000000e-04
   4.420000000e-04  -4.430000000e-04  -1.900000000e-04  -8.300000000e-05  -7.000000000e-06
8 6 2 10
   7.931516490e+03   2.846208000e+03   1.102368870e+03   4.529435770e+02   1.929770040e+02
   8.473914900e+01   3.910838300e+01   1.961464300e+01   1.107793500e+01   7.035731000e+00
   4.722029000e+00   3.082470000e+00   1.892871000e+00   1.127542000e+00   6.831790000e-01
   2.946630000e-01   1.520990000e-01   7.426600000e-02   1.390900000e-02   8.483000000e-03
   4.433000000e-03   1.397000000e-03   4.450000000e-04   1.460000000e-04   8.000000000e-05
8 6 4 12
   4.603471200e+03   1.433324760e+03   4.823567720e+02   1.742716680e+02   6.668615700e+01
   2.662134800e+01   1.111894900e+01   4.742657000e+00   2.131097000e+00   1.144487000e+00
   7.200330000e-01   4.423780000e-01   2.362290000e-01   1.099370000e-01   4.234500000e-02
  -1.847000000e-03  -1.742000000e-03  -1.565000000e-03  -3.453000000e-03   8.100000000e-05
   6.910000000e-04   3.300000000e-04   3.600000000e-05  -3.600000000e-05  -4.000000000e-06
8 8 0 8
   1.049786250e+03   4.084761340e+02   1.655593460e+02   6.875319400e+01   2.896818200e+01
   1.261831600e+01   5.895519000e+00   3.144344000e+00   1.938890000e+00   1.279143000e+00
   8.096610000e-01   4.437980000e-01   1.813580000e-01   1.908600000e-02  -6.600000000e-02
  -1.053230000e-01  -8.138600000e-02  -5.600700000e-02  -1.972500000e-02  -6.600000000e-04
   4.620000000e-04  -1.950000000e-04  -6.300000000e-05  -8.000000000e-06   3.000000000e-05
8 8 2 10
   1.866123490e+03   6.687049000e+02   2.594076410e+02   1.065919190e+02   4.507436700e+01
   1.947455800e+01   8.860365000e+00   4.492078000e+00   2.601626000e+00   1.656502000e+00
   1.074395000e+00   6.577970000e-01   3.577710000e-01   1.551630000e-01   2.946700000e-02
  -7.646800000e-02  -8.307400000e-02  -5.919500000e-02  -1.396900000e-02   4.160000000e-03
   3.070000000e-03   7.920000000e-04   2.070000000e-04   8.300000000e-05   5.000000000e-06
8 8 4 12
   1.084819450e+03   3.197107120e+02   1.045551000e+02   3.753445900e+01   1.446055500e+01
   5.795580000e+00   2.520889000e+00   1.216790000e+00   6.323700000e-01   3.595380000e-01
   2.173560000e-01   1.334750000e-01   7.712700000e-02   3.893500000e-02   1.516200000e-02
  -2.935000000e-03  -2.923000000e-03  -9.030000000e-04   5.610000000e-04   7.740000000e-04
   5.450000000e-04   2.420000000e-04   9.400000000e-05   4.700000000e-05  -1.500000000e-05
9 0 2 11
  -1.364910240e+03  -4.582774670e+02  -1.677998070e+02  -6.630815100e+01  -2.723872500e+01
  -1.129687600e+01  -4.811398000e+00  -2.157360000e+00  -1.065327000e+00  -6.330030000e-01
  -4.453480000e-01  -3.119420000e-01  -2.070890000e-01  -1.416650000e-01  -1.019070000e-01
  -5.045400000e-02  -1.948800000e-02  -5.653000000e-03  -3.580000000e-04  -1.139000000e-03
  -1.102000000e-03  -2.210000000e-04  -1.000000000e-06   3.300000000e-05   1.500000000e-05
9 2 2 11
   2.607525770e+03   8.733812500e+02   3.169373980e+02   1.235204480e+02   5.006078500e+01
   2.057740200e+01   8.667396000e+00   3.821644000e+00   1.887408000e+00   1.165473000e+00
   8.500660000e-01   6.160200000e-01   4.168170000e-01   2.795790000e-01   1.918120000e-01
   8.958600000e-02   3.778200000e-02   1.355500000e-02   1.164000000e-03   1.170000000e-03
   1.395000000e-03   3.320000000e-04   2.900000000e-05   5.200000000e-05   1.000000000e-06
9 4 0 9
  -1.925069600e+03  -6.952762930e+02  -2.632308400e+02  -1.024235680e+02  -4.010761700e+01
  -1.556104600e+01  -5.853001000e+00  -2.250965000e+00  -1.094295000e+00  -7.249030000e-01
  -5.011580000e-01  -2.838620000e-01  -1.088490000e-01  -1.177800000e-02   1.523300000e-02
   4.293000000e-03  -3.807000000e-03  -2.089000000e-03  -2.436000000e-03  -2.423000000e-03
  -5.410000000e-04   1.470000000e-04   5.700000000e-05   6.300000000e-05  -8.000000000e-06
9 4 2 11
  -4.007195090e+03  -1.351213520e+03  -4.915673490e+02  -1.904445510e+02  -7.656197300e+01
  -3.154364600e+01  -1.336009600e+01  -5.921973000e+00  -2.983794000e+00  -1.866804000e+00
  -1.342520000e+00  -9.285340000e-01  -5.759080000e-01  -3.444100000e-01  -2.112470000e-01
  -9.073600000e-02  -4.173000000e-02  -1.594900000e-02  -3.618000000e-03  -3.186000000e-03
  -1.050000000e-03  -2.040000000e-04  -2.900000000e-05  -2.100000000e-05  -1.500000000e-05
9 4 4 13
  -2.672809870e+03  -7.960222840e+02  -2.563302370e+02  -8.909658700e+01  -3.256320100e+01
  -1.216003100e+01  -4.618736000e+00  -1.713063000e+00  -6.851980000e-01  -4.275920000e-01
  -3.624390000e-01  -2.737160000e-01  -1.724250000e-01  -9.866400000e-02  -4.901800000e-02
   3.612000000e-03   1.727500000e-02   1.635700000e-02   6.147000000e-03   4.430000000e-04
  -4.210000000e-04  -2.090000000e-04  -5.000000000e-05   1.300000000e-05   2.500000000e-05
9 6 0 9
   2.217178190e+03   8.092244050e+02   3.099416730e+02   1.219194530e+02   4.832248400e+01
   1.889103200e+01   7.142938000e+00   2.748949000e+00   1.307038000e+00   8.537950000e-01
   6.052190000e-01   3.430140000e-01   9.408000000e-02  -4.225100000e-02  -7.815700000e-02
  -3.426500000e-02   4.896000000e-03   1.119100000e-02   2.762000000e-03   1.000000000e-06
  -4.990000000e-04  -9.900000000e-05  -1.600000000e-05   6.300000000e-05   8.000000000e-06
9 6 2 11
   4.627000240e+03   1.559552920e+03   5.677232770e+02   2.200454380e+02   8.862497800e+01
   3.674043400e+01   1.589895100e+01   7.329336000e+00   3.759922000e+00   2.256564000e+00
   1.528329000e+00   1.013096000e+00   6.031490000e-01   3.378220000e-01   1.972530000e-01
   9.611000000e-02   6.355900000e-02   3.459700000e-02   4.048000000e-03   6.270000000e-04
  -1.240000000e-04  -9.600000000e-05   5.100000000e-05   5.600000000e-05   3.000000000e-06
9 6 4 13
   3.031641770e+03   8.976142030e+02   2.856765350e+02   9.697052100e+01   3.469996700e+01
   1.301711100e+01   5.259365000e+00   2.152099000e+00   8.604010000e-01   4.072600000e-01
   2.520800000e-01   1.631730000e-01   9.721700000e-02   6.128700000e-02   4.289100000e-02
   1.777900000e-02   2.608000000e-03  -4.356000000e-03  -4.893000000e-03  -7.680000000e-04
   2.840000000e-04   9.200000000e-05   2.000000000e-06   8.000000000e-06  -4.900000000e-05
9 8 0 9
   1.532877240e+03   5.537194290e+02   2.106704260e+02   8.221224300e+01   3.190235700e+01
   1.223202700e+01   4.680857000e+00   2.062360000e+00   1.282938000e+00   1.032105000e+00
   8.287880000e-01   5.706760000e-01   3.061570000e-01   1.115130000e-01   3.854000000e-03
  -4.641900000e-02  -2.695700000e-02  -1.536200000e-02  -1.138100000e-02  -1.309000000e-03
   8.570000000e-04   4.500000000e-05  -8.500000000e-05  -1.400000000e-05  -5.000000000e-06
9 8 2 11
   3.117814520e+03   1.034955760e+03   3.750705670e+02   1.456570110e+02   5.856196300e+01
   2.382216700e+01   9.872606000e+00   4.358450000e+00   2.213902000e+00   1.376494000e+00
   9.825560000e-01   6.783840000e-01   4.024420000e-01   1.965270000e-01   7.551000000e-02
  -6.499000000e-03  -1.219300000e-02  -1.147700000e-02  -9.867000000e-03  -3.000000000e-04
   1.688000000e-03   4.060000000e-04   1.170000000e-04   6.400000000e-05   8.600000000e-05
9 8 4 13
   2.211048930e+03   6.335227040e+02   1.995212510e+02   6.848381300e+01   2.499691300e+01
   9.447110000e+00   3.821197000e+00   1.621694000e+00   6.731550000e-01   3.029570000e-01
   1.736350000e-01   1.115540000e-01   5.934700000e-02   2.200700000e-02  -7.900000000e-05
  -1.502300000e-02  -1.108700000e-02  -5.979000000e-03  -2.907000000e-03  -3.300000000e-04
   4.830000000e-04   2.650000000e-04   3.300000000e-05   1.700000000e-05  -4.800000000e-05
10 0 2 12
  -1.723704650e+03  -5.554951540e+02  -1.941033070e+02  -7.333387700e+01  -2.910539200e+01
  -1.180261400e+01  -4.880367000e+00  -2.018007000e+00  -8.252910000e-01  -3.783050000e-01
  -2.409080000e-01  -1.676860000e-01  -8.997100000e-02  -3.723500000e-02  -1.597900000e-02
  -1.457600000e-02  -1.926900000e-02  -1.273400000e-02  -1.072000000e-03  -1.603000000e-03
  -6.020000000e-04  -6.100000000e-05  -4.000000000e-06   2.100000000e-05   9.000000000e-06
10 2 2 12
   2.460329150e+03   7.865668490e+02   2.713997780e+02   1.006650820e+02   3.908302500e+01
   1.556220500e+01   6.358549000e+00   2.643194000e+00   1.148211000e+00   6.103130000e-01
   4.387220000e-01   3.270870000e-01   2.021930000e-01   1.122470000e-01   6.592800000e-02
   3.603800000e-02   2.979300000e-02   1.980600000e-02   3.447000000e-03   1.476000000e-03
   2.110000000e-04   1.800000000e-05  -1.000000000e-06   2.800000000e-05   3.600000000e-05
10 4 2 12
  -2.295469770e+03  -7.417054610e+02  -2.583320580e+02  -9.596043100e+01  -3.714356300e+01
  -1.486329700e+01  -6.121533000e+00  -2.587622000e+00  -1.202501000e+00  -6.953500000e-01
  -4.847490000e-01  -3.229450000e-01  -1.666710000e-01  -6.895300000e-02  -2.747600000e-02
  -1.478900000e-02  -1.819900000e-02  -1.261900000e-02  -1.054000000e-03  -3.080000000e-04
   1.970000000e-04   7.600000000e-05  -1.800000000e-05   8.000000000e-06   3.000000000e-06
10 6 2 12
   8.381306400e+02   2.742262050e+02   9.556962200e+01   3.525607100e+01   1.367375500e+01
   5.534435000e+00   2.406640000e+00   1.165564000e+00   6.450310000e-01   4.008020000e-01
   2.758110000e-01   1.877170000e-01   1.141030000e-01   6.715700000e-02   4.305500000e-02
   2.601800000e-02   2.169800000e-02   1.440100000e-02   2.317000000e-03  -2.800000000e-05
  -4.930000000e-04  -1.060000000e-04   2.500000000e-05  -1.800000000e-05   1.100000000e-05
10 8 2 12
   3.436849020e+03   1.062263350e+03   3.590103850e+02   1.308710700e+02   4.957349300e+01
   1.914358100e+01   7.593933000e+00   3.111214000e+00   1.334653000e+00   6.889040000e-01
   4.887300000e-01   3.798880000e-01   2.567470000e-01   1.522050000e-01   8.630500000e-02
   2.166500000e-02   1.044000000e-03  -4.238000000e-03  -5.941000000e-03  -1.735000000e-03
   2.310000000e-04   1.390000000e-04   3.000000000e-06  -1.200000000e-05   1.200000000e-05
11 8 2 13
   2.346998840e+03   6.819670050e+02   2.177452900e+02   7.555853300e+01   2.744283600e+01
   1.018526400e+01   3.911660000e+00   1.573739000e+00   6.356420000e-01   2.774960000e-01
   1.850450000e-01   1.644770000e-01   1.255240000e-01   8.169300000e-02   5.276800000e-02
   1.534500000e-02  -1.262000000e-03  -3.281000000e-03  -2.079000000e-03  -1.322000000e-03
  -1.790000000e-04  -4.000000000e-06   1.200000000e-05   1.300000000e-05  -1.600000000e-05
