76
3.50 3.75 4.00 4.25 4.50 4.75 5.00 5.25 5.50 5.75
6.00 6.25 6.50 6.75 7.00 7.25 7.50 7.75 8.00 8.25
8.50 8.75 9.00 9.50 10.00 10.50 11.00 12.00 13.00 14.00
15.00 16.00 17.00 18.00 19.00 20.00 21.00 22.00 23.00 24.00
25.00 26.00 27.00 28.00 29.00 30.00 32.00 34.00 36.00 38.00
40.00 42.00 44.00 46.00 48.00 50.00 55.00 60.00 65.00 70.00
75.00 80.00 85.00 90.00 95.00 100.00 110.00 120.00 130.00 140.00
150.00 160.00 170.00 180.00 190.00 200.00
49
0 0 0 T
6.7858741989E+03 4.2550855432E+03 2.6178707417E+03 1.5684317690E+03 9.0537810818E+02
4.9405141800E+02 2.4469208783E+02 9.8116039330E+01 1.5683225345E+01 -2.7606678796E+01
-4.7709815272E+01 -5.4573396673E+01 -5.4237412332E+01 -5.0285045708E+01 -4.4809908204E+01
-3.8985071725E+01 -3.3425626371E+01 -2.8396074218E+01 -2.3983745474E+01 -2.0218631620E+01
-1.6997875212E+01 -1.4307586287E+01 -1.2074502046E+01 -8.7091138596E+00 -6.3813592647E+00
-4.7651696268E+00 -3.6545299389E+00 -2.2302286135E+00 -1.4559981601E+00 -1.0036808987E+00
-6.9683649069E-01 -5.1159877773E-01 -3.5968599954E-01 -2.6751512941E-01 -1.9885870286E-01
-1.4938712080E-01 -1.1351209679E-01 -8.7199375699E-02 -6.7676145579E-02 -5.3030049836E-02
-4.1927872513E-02 -3.3429310073E-02 -2.6863609065E-02 -2.1747056814E-02 -1.7727182169E-02
-1.4544596808E-02 -9.9688168357E-03 -6.9831359985E-03 -4.9879463965E-03 -3.6257804894E-03
-2.6776468560E-03 -2.0060417938E-03 -1.5226746749E-03 -1.1696872150E-03 -9.0845075970E-04
-7.1273045312E-04 -4.0419896078E-04 -2.4065697537E-04 -1.4928507000E-04 -9.5907071839E-05
-6.3508235787E-05 -4.3179509946E-05 -3.0048116163E-05 -2.1345450466E-05 -1.5444788620E-05
-1.1361442407E-05 -6.4205864875E-06 -3.8125998115E-06 -2.3601654149E-06 -1.5137960491E-06
-1.0010964682E-06 -6.7991920939E-07 -4.7272768806E-07 -3.3556467698E-07 -2.4264980374E-07
-1.7840155745E-07
0 2 2 T
1.4027312341E+03 8.5857017715E+02 5.2451802031E+02 3.1415626702E+02 1.8169921201E+02
9.9280315477E+01 4.8996348058E+01 1.9309393534E+01 2.7258352223E+00 -5.7794762656E+00
-9.6141628023E+00 -1.0921788852E+01 -1.0902691149E+01 -1.0175261128E+01 -9.0920341684E+00
-7.8910053095E+00 -6.7389293915E+00 -5.7177779221E+00 -4.8946147596E+00 -4.2138927868E+00
-3.6157798950E+00 -3.0728826589E+00 -2.6146716593E+00 -1.9186257340E+00 -1.3971231989E+00
-1.0269209553E+00 -8.1066552618E-01 -5.0657134919E-01 -3.4939747575E-01 -2.3969661649E-01
-1.6234489557E-01 -1.1439607754E-01 -8.1541786253E-02 -5.9135148954E-02 -4.3518975142E-02
-3.2470760048E-02 -2.4538534505E-02 -1.8764316694E-02 -1.4506573591E-02 -1.1329197797E-02
-8.9314498129E-03 -7.1031133649E-03 -5.6953628351E-03 -4.6015643423E-03 -3.7444483757E-03
-3.0674267323E-03 -2.0968379783E-03 -1.4656547856E-03 -1.0450204735E-03 -7.5849496006E-04
-5.5943905976E-04 -4.1866647749E-04 -3.1748956235E-04 -2.4369124189E-04 -1.8913155964E-04
-1.4829198278E-04 -8.3992304812E-05 -4.9960740697E-05 -3.0968946328E-05 -1.9884174535E-05
-1.3160835831E-05 -8.9446845748E-06 -6.2225331650E-06 -4.4191669606E-06 -3.1968332300E-06
-2.3511953537E-06 -1.3283031164E-06 -7.8857484685E-07 -4.8807414794E-07 -3.1300309985E-07
-2.0696988114E-07 -1.4055542018E-07 -9.7716391335E-08 -6.9359222825E-08 -5.0151496616E-08
-3.6870759913E-08
0 4 4 T
-1.0813342263E+02 -2.7845112137E+01 -5.5340849802E+00 -8.2321669082E-01 -6.3115610887E-01
-1.0953340783E+00 -1.2732122454E+00 -1.2871018915E+00 -1.3292136480E+00 -1.3549741311E+00
-1.2589092927E+00 -1.0544008727E+00 -8.3139541054E-01 -6.4698423074E-01 -4.9902593735E-01
-3.8040565581E-01 -2.8813503142E-01 -2.2050348625E-01 -1.6914490851E-01 -1.3137167755E-01
-1.0476481029E-01 -8.4066648275E-02 -6.7451155567E-02 -4.3799863283E-02 -2.9040490934E-02
-1.9621569028E-02 -1.3508411611E-02 -6.7326695749E-03 -3.5485915691E-03 -1.9614597593E-03
-1.1294706047E-03 -6.7397647791E-04 -4.1496666810E-04 -2.6267851003E-04 -1.7044166868E-04
-1.1307448535E-04 -7.6533262526E-05 -5.2750081929E-05 -3.6964249838E-05 -2.6297511360E-05
-1.8970750648E-05 -1.3861741680E-05 -1.0249306291E-05 -7.6619680089E-06 -5.7865618822E-06
-4.4119902834E-06 -2.6327205205E-06 -1.6209635485E-06 -1.0260879299E-06 -6.6578776831E-07
-4.4169720840E-07 -2.9895805674E-07 -2.0605500754E-07 -1.4439160093E-07 -1.0272465375E-07
-7.4104494719E-08 -3.4570293693E-08 -1.7234337045E-08 -9.0844310274E-09 -5.0213473543E-09
-2.8914419521E-09 -1.7253797203E-09 -1.0623146711E-09 -6.7245698574E-10 -4.3633067184E-10
-2.8947068250E-10 -1.3504020974E-10 -6.7321629081E-11 -3.5486058701E-11 -1.9614638103E-11
-1.1294695126E-11 -6.7397645324E-12 -4.1496666841E-12 -2.6267851005E-12 -1.7044166869E-12
-1.1307448535E-12
1 0 1 T
2.8352614338E+03 1.7731570564E+03 1.1038658874E+03 6.7849373429E+02 4.0784541455E+02
2.3679601872E+02 1.3020857048E+02 6.5199949851E+01 2.6721683376E+01 4.9187275184E+00
-6.6031219725E+00 -1.1961871203E+01 -1.3780176623E+01 -1.3685989141E+01 -1.2649565920E+01
-1.1216995754E+01 -9.6789715425E+00 -8.1888429839E+00 -6.8413273076E+00 -5.5862682162E+00
-4.5249300686E+00 -3.6380504814E+00 -2.9111075726E+00 -1.8744561546E+00 -1.2309135158E+00
-8.3300946511E-01 -5.6888113509E-01 -2.8383679977E-01 -1.5833462570E-01 -9.4639887781E-02
-6.6503674502E-02 -4.6911210131E-02 -3.2440329172E-02 -2.3418611331E-02 -1.6847745028E-02
-1.2230306077E-02 -8.9744435274E-03 -6.6568166178E-03 -4.9896568698E-03 -3.7776937880E-03
-2.8875141734E-03 -2.2271449748E-03 -1.7325643390E-03 -1.3587646244E-03 -1.0737930296E-03
-8.5474570760E-04 -5.5261113901E-04 -3.6615087861E-04 -2.4801972675E-04 -1.7138252917E-04
-1.2058419047E-04 -8.6248209966E-05 -6.2621835116E-05 -4.6096953524E-05 -3.4364328488E-05
-2.5918252952E-05 -1.3399896267E-05 -7.3288038328E-06 -4.2033614280E-06 -2.5107552306E-06
-1.5533471049E-06 -9.9095185199E-07 -6.4947841901E-07 -4.3599471560E-07 -2.9901263963E-07
-2.0904796921E-07 -1.0746945616E-07 -5.8527965476E-08 -3.3457519080E-08 -1.9932859246E-08
-1.2306207000E-08 -7.8372954529E-09 -5.1293814202E-09 -3.4392881746E-09 -2.3563705148E-09
-1.6460029196E-09
1 2 1 T
-5.1176233828E+02 -2.6712715928E+02 -1.5257635455E+02 -9.3097887314E+01 -5.8837940534E+01
-3.7564324766E+01 -2.3813564953E+01 -1.4800827080E+01 -8.8676326553E+00 -4.9763900314E+00
-2.4966910623E+00 -1.0283700325E+00 -2.5634578548E-01 9.3724680815E-02 2.4689303558E-01
3.3767212967E-01 4.2022608416E-01 4.8877963138E-01 5.0792965720E-01 5.5828644841E-01
5.3745627944E-01 4.8806794469E-01 3.9984909881E-01 2.5456744116E-01 1.5628934573E-01
9.7264864985E-02 6.1179213301E-02 2.5475642786E-02 1.1035224628E-02 4.9137382464E-03
2.2109024944E-03 9.7911734209E-04 4.0845833508E-04 1.4338558583E-04 2.2631278657E-05
-2.9255558415E-05 -4.8349669204E-05 -5.2159169212E-05 -4.9235022403E-05 -4.3732206991E-05
-3.7624743734E-05 -3.1801173815E-05 -2.6613629179E-05 -2.2155190567E-05 -1.8400121026E-05
-1.5274166853E-05 -1.0558259932E-05 -7.3603886966E-06 -5.1879323997E-06 -3.7008639520E-06
-2.6724587955E-06 -1.9530913567E-06 -1.4439455709E-06 -1.0793574488E-06 -8.1530201052E-07
-6.2195798165E-07 -3.2890050434E-07 -1.8290086935E-07 -1.0623343203E-07 -6.4082055119E-08
-3.9956920086E-08 -2.5651826029E-08 -1.6899769766E-08 -1.1393776805E-08 -7.8423847427E-09
-5.4997003864E-09 -2.8412348793E-09 -1.5530760121E-09 -8.9036206816E-10 -5.3164885795E-10
-3.2882830995E-10 -2.0972762853E-10 -1.3743180501E-10 -9.2243645089E-11 -6.3253998262E-11
-4.4217685938E-11
1 2 3 T
3.2424349963E+03 2.1272506490E+03 1.4720428309E+03 1.0610423639E+03 7.8931146900E+02
6.0236284482E+02 4.6974665298E+02 3.7329636201E+02 3.0157383298E+02 2.4716101836E+02
2.0516684116E+02 1.7229333349E+02 1.4620864641E+02 1.2519337884E+02 1.0798248060E+02
9.3685420990E+01 8.1684119334E+01 7.1554608912E+01 6.3010685092E+01 5.5686484577E+01
4.9467666552E+01 4.4119042983E+01 3.9522343215E+01 3.2018669462E+01 2.6191965512E+01
2.1608733760E+01 1.7966773550E+01 1.2725462571E+01 9.2616583853E+00 6.9078109971E+00
5.3284467207E+00 4.1812289640E+00 3.2533457465E+00 2.6419525223E+00 2.1412853865E+00
1.7504955509E+00 1.4443020878E+00 1.2019754191E+00 1.0082508997E+00 8.5192163570E-01
7.2467308556E-01 6.2026441905E-01 5.3395936547E-01 4.6212643761E-01 4.0195456537E-01
3.5124834535E-01 2.7167426362E-01 2.1338582741E-01 1.6990913667E-01 1.3695292387E-01
1.1160748485E-01 9.1859394613E-02 7.6289677156E-02 6.3881570942E-02 5.3895437648E-02
4.5785757035E-02 3.1285202199E-02 2.2095810016E-02 1.6045436033E-02 1.1931063216E-02
9.0547450400E-03 6.9951925622E-03 5.4892602725E-03 4.3676029529E-03 3.5183394190E-03
2.8658109277E-03 1.9574911899E-03 1.3821703625E-03 1.0035167326E-03 7.4609531798E-04
5.6617117657E-04 4.3735864311E-04 3.4318297702E-04 2.7304510104E-04 2.1994414066E-04
1.7914667638E-04
1 4 5 T
7.9808008128E+02 3.6092535804E+02 1.8249635463E+02 1.0152063112E+02 6.0884883167E+01
3.8587167543E+01 2.5350167926E+01 1.7082502025E+01 1.1817685252E+01 8.4230068077E+00
6.1229455700E+00 4.4777977315E+00 3.2946731426E+00 2.4808683863E+00 1.9592108063E+00
1.6371008723E+00 1.4310546846E+00 1.2708495121E+00 1.0907030372E+00 9.4074339584E-01
7.7324960166E-01 6.3707064738E-01 5.0679790542E-01 3.2701505484E-01 2.1471279599E-01
1.4638930599E-01 1.0121668036E-01 5.1344938327E-02 2.7979971507E-02 1.6167717549E-02
9.8089969881E-03 6.2031107702E-03 4.0645417715E-03 2.7459797147E-03 1.9050694008E-03
1.3526763402E-03 9.8023781213E-04 7.2327767067E-04 5.4232057406E-04 4.1253059221E-04
3.1789494569E-04 2.4785894605E-04 1.9532501307E-04 1.5543278294E-04 1.2479829475E-04
1.0102951195E-04 6.7700519136E-05 4.6573816070E-05 3.2781654056E-05 2.3543215530E-05
1.7213214452E-05 1.2787831861E-05 9.6377528822E-06 7.3587813402E-06 5.6856121427E-06
4.4406591688E-06 2.4960790446E-06 1.4765567119E-06 9.1150982368E-07 5.8341708376E-07
3.8520587662E-07 2.6129562939E-07 1.8149134584E-07 1.2872865069E-07 9.3024442311E-08
6.8357078111E-08 3.8565168824E-08 2.2871922427E-08 1.4145380133E-08 9.0661257523E-09
5.9920954239E-09 4.0677816186E-09 2.8271317347E-09 2.0062015359E-09 1.4503204822E-09
1.0660711006E-09
2 0 2 T
4.7437111896E+03 2.9474729163E+03 1.8027981431E+03 1.0842574922E+03 6.3791774406E+02
3.6393857384E+02 1.9836286639E+02 1.0026045004E+02 4.3610870481E+01 1.2109638881E+01
-4.3350915111E+00 -1.1970913931E+01 -1.4671653372E+01 -1.4788530122E+01 -1.3674730489E+01
-1.2068926422E+01 -1.0341173932E+01 -8.7072160799E+00 -7.2365948723E+00 -5.9211016327E+00
-4.8678226657E+00 -3.9980505287E+00 -3.2939760090E+00 -2.2337885148E+00 -1.5737728314E+00
-1.1796531035E+00 -8.7843336870E-01 -5.6455159506E-01 -3.7007635414E-01 -2.5246888096E-01
-1.7431852782E-01 -1.2145251783E-01 -8.6460386005E-02 -6.2657981270E-02 -4.6085039836E-02
-3.4369052589E-02 -2.5962769775E-02 -1.9846726234E-02 -1.5338958343E-02 -1.1976288906E-02
-9.4395493115E-03 -7.5057819135E-03 -6.0172255521E-03 -4.8608964052E-03 -3.9549566156E-03
-3.2394934888E-03 -2.2140159778E-03 -1.5473063655E-03 -1.1030883853E-03 -8.0055027675E-04
-5.9040041475E-04 -4.4180039202E-04 -3.3500890890E-04 -2.5712239248E-04 -1.9954481514E-04
-1.5644922671E-04 -8.8603981436E-05 -5.2700027617E-05 -3.2665085191E-05 -2.0972271686E-05
-1.3880519725E-05 -9.4335358614E-06 -6.5624517244E-06 -4.6604780326E-06 -3.3713400469E-06
-2.4795045920E-06 -1.4007581687E-06 -8.3157442313E-07 -5.1468080091E-07 -3.3006237012E-07
-2.1824819747E-07 -1.4821356573E-07 -1.0303983688E-07 -7.3137442487E-08 -5.2883184022E-08
-3.8878921065E-08
2 2 0 T
-7.6882655954E+01 2.4459116089E+01 4.0797943121E+01 3.5954679503E+01 2.7127837223E+01
1.9136362169E+01 1.3079826984E+01 8.6629635920E+00 5.3399668150E+00 2.8716160172E+00
1.2123217863E+00 2.3445529185E-01 -2.8953622754E-01 -5.6010169790E-01 -6.9000666972E-01
-7.3920529820E-01 -7.3940595615E-01 -7.1059934314E-01 -6.6535169312E-01 -6.1123600035E-01
-5.5593114688E-01 -5.0101818190E-01 -4.4908943810E-01 -3.5760638358E-01 -2.8355093060E-01
-2.2486299475E-01 -1.7878917283E-01 -1.1452428148E-01 -7.4915670397E-02 -5.0094140620E-02
-3.4217312163E-02 -2.3844541430E-02 -1.6926801762E-02 -1.2222588297E-02 -8.9649655582E-03
-6.6707466011E-03 -5.0296199231E-03 -3.8386184338E-03 -2.9626738874E-03 -2.3104337543E-03
-1.8191677543E-03 -1.4451846009E-03 -1.1576472788E-03 -9.3451953947E-04 -7.5987022296E-04
-6.2205577799E-04 -4.2473038531E-04 -2.9659578978E-04 -2.1130678506E-04 -1.5326816687E-04
-1.1298131593E-04 -8.4510765066E-05 -6.4060772595E-05 -4.9152464318E-05 -3.8135707134E-05
-2.9892653604E-05 -1.6921567099E-05 -1.0061068029E-05 -6.2344422605E-06 -4.0018870722E-06
-2.6481895955E-06 -1.7995162656E-06 -1.2516878467E-06 -8.8882733495E-07 -6.4291442391E-07
-4.7280770257E-07 -2.6707490109E-07 -1.5853796334E-07 -9.8116209730E-08 -6.2918090500E-08
-4.1601732807E-08 -2.8250969792E-08 -1.9639835756E-08 -1.3939968946E-08 -1.0079305758E-08
-7.4100226574E-09
2 2 2 T
-1.0709749560E+03 -5.2956337426E+02 -2.8234262750E+02 -1.5934984679E+02 -9.3120165542E+01
-5.5172782642E+01 -3.2551981553E+01 -1.8953226869E+01 -1.0898107268E+01 -6.2525635252E+00
-3.6290000527E+00 -2.1864897278E+00 -1.4211013161E+00 -1.0151358995E+00 -7.6594594224E-01
-5.8404814697E-01 -4.3812751395E-01 -3.3116193827E-01 -2.5763108077E-01 -1.9838850511E-01
-1.6059834763E-01 -1.2759483584E-01 -1.0089417914E-01 -6.3341327321E-02 -4.0731861260E-02
-2.6764089728E-02 -1.7902653304E-02 -8.4294638104E-03 -4.1737994616E-03 -2.1489761791E-03
-1.1400427639E-03 -6.1820477382E-04 -3.3994585754E-04 -1.8787842085E-04 -1.0317314516E-04
-5.5347043792E-05 -2.8139673399E-05 -1.2656989956E-05 -3.9280023378E-06 8.7712701094E-07
3.3941350875E-06 4.5801338791E-06 5.0002065946E-06 4.9897943215E-06 4.7482611712E-06
4.3936062934E-06 3.5915294419E-06 2.8469153877E-06 2.2288647335E-06 1.7389361880E-06
1.3583353063E-06 1.0650214336E-06 8.3934242091E-07 6.6537104072E-07 5.3073476133E-07
4.2601316356E-07 2.5265317284E-07 1.5539327980E-07 9.8776174579E-08 6.4666378546E-08
4.3464120487E-08 2.9908101917E-08 2.1017865528E-08 1.5052451636E-08 1.0965896523E-08
8.1134080355E-09 4.6273848517E-09 2.7668605494E-09 1.7219847506E-09 1.1091357831E-09
7.3597489401E-10 5.0123640791E-10 3.4929008659E-10 2.4841558737E-10 1.7992073561E-10
1.3246322069E-10
2 2 4 T
4.2703836224E+03 2.6456603146E+03 1.7022974591E+03 1.1342711178E+03 7.7993450464E+02
5.5188395929E+02 4.0098914320E+02 2.9848954432E+02 2.2701615755E+02 1.7596826732E+02
1.3878161585E+02 1.1124010848E+02 9.0483280670E+01 7.4514398422E+01 6.1974989041E+01
5.1956256011E+01 4.3858725216E+01 3.7241524954E+01 3.1792682291E+01 2.7286149201E+01
2.3502594025E+01 2.0294882923E+01 1.7622675767E+01 1.3498473901E+01 1.0427640495E+01
8.0895672660E+00 6.3415282273E+00 3.9753298768E+00 2.4964086021E+00 1.6544898643E+00
1.1516790043E+00 1.0005967355E+00 7.7248964525E-01 5.9281350928E-01 4.5558707384E-01
3.5420985764E-01 2.7868457538E-01 2.2168412154E-01 1.7812128437E-01 1.4444078304E-01
1.1812272605E-01 9.7355681204E-02 8.0820240618E-02 6.7543611352E-02 5.6800434631E-02
4.8044166911E-02 3.4925581796E-02 2.5879587682E-02 1.9504713440E-02 1.4924507621E-02
1.1576285115E-02 9.0902346275E-03 7.2181331299E-03 5.7901675746E-03 4.6881402469E-03
3.8284719121E-03 2.3851838516E-03 1.5480896294E-03 1.0399572516E-03 7.1940719309E-04
5.1041509195E-04 3.7021067737E-04 2.7377538148E-04 2.0596852814E-04 1.5734915344E-04
1.2187213178E-04 7.5800044924E-05 4.9128479030E-05 3.2963688060E-05 2.2779901793E-05
1.6147913067E-05 1.1703229242E-05 8.6487759732E-06 6.5027585256E-06 4.9650713711E-06
3.8437352174E-06
2 4 4 T
-1.1720772202E+03 -4.5256156359E+02 -1.9100498786E+02 -8.8195902581E+01 -4.4138821868E+01
-2.3098929747E+01 -1.1751165855E+01 -5.4765421797E+00 -2.4519951203E+00 -1.3504510879E+00
-9.9629098484E-01 -7.5887801419E-01 -5.1305595786E-01 -3.1302452883E-01 -1.6490447693E-01
-6.8151042774E-02 -6.2554041091E-03 8.0973720861E-03 1.3436204147E-02 1.9143450715E-02
9.9800703618E-03 3.2288438287E-03 1.8595364903E-03 2.5337711059E-03 1.7847203239E-03
1.1161350965E-03 7.9490550230E-04 3.7941310673E-04 2.0037472087E-04 1.1045711576E-04
6.3578636056E-05 3.7934913087E-05 2.3356257819E-05 1.4784770639E-05 9.5932513815E-06
6.3643589692E-06 4.3076486644E-06 2.9690204294E-06 2.0805202364E-06 1.4801464873E-06
1.0677622513E-06 7.8020341828E-07 5.7687872041E-07 4.3125126476E-07 3.2569466845E-07
2.4832737328E-07 1.4818177952E-07 9.1235382294E-08 5.7753010324E-08 3.7473638210E-08
2.4860777223E-08 1.6826752595E-08 1.1597736053E-08 8.1270321736E-09 5.7818222159E-09
4.1709462941E-09 1.9457772286E-09 9.7002880189E-10 5.1131411220E-10 2.8262482887E-10
1.6274382736E-10 9.7112411029E-11 5.9792020140E-11 3.7849012846E-11 2.4558723538E-11
1.6292758961E-11 7.6006922994E-12 3.7891750074E-12 1.9973207508E-12 1.1040032378E-12
6.3571807561E-13 3.7934535558E-13 2.3356257867E-13 1.4784770643E-13 9.5932513818E-14
6.3643589692E-14
2 4 6 T
1.0214841820E+03 4.8307043654E+02 2.4847440493E+02 1.3687856754E+02 7.9589470507E+01
4.8234798443E+01 3.0158969254E+01 1.9372400435E+01 1.2818591509E+01 8.7775637504E+00
6.1754324069E+00 4.4105355686E+00 3.1982035762E+00 2.3825754855E+00 1.8500934390E+00
1.5009326676E+00 1.2528714183E+00 1.0399661115E+00 8.6684179628E-01 7.2559813122E-01
6.3037641393E-01 5.5880379824E-01 4.6391793951E-01 3.3037185240E-01 2.6337261548E-01
2.3264831374E-01 2.2908614079E-01 1.9033485793E-01 1.3999185320E-01 9.8618368132E-02
6.8995980893E-02 4.8544114690E-02 3.4431582415E-02 2.4673979120E-02 1.7877587206E-02
1.3099367916E-02 9.7047787889E-03 7.2669666735E-03 5.4973105366E-03 4.1991110200E-03
3.2370663427E-03 2.5171822741E-03 1.9734991336E-03 1.5592641342E-03 1.2410119293E-03
9.9455940608E-04 6.5116887240E-04 4.3644737795E-04 2.9876269111E-04 2.0844596051E-04
1.4796707594E-04 1.0670158855E-04 7.8059098373E-05 5.7863698530E-05 4.3417230402E-05
3.2944732966E-05 1.7262975672E-05 9.5503390896E-06 5.5318130533E-06 3.3327721748E-06
2.0775243005E-06 1.3342281813E-06 8.7968443678E-07 5.9369215178E-07 4.0912869351E-07
2.8728366443E-07 1.4881693877E-07 8.1566491832E-08 4.6883074936E-08 2.8063516515E-08
1.7397424664E-08 1.1119889700E-08 7.3012040705E-09 4.9095724323E-09 3.3723877926E-09
2.3612119805E-09
3 0 3 T
2.7956511689E+03 1.6975870299E+03 1.0411116023E+03 6.3740471400E+02 3.8578959730E+02
2.2861147997E+02 1.3108915073E+02 7.1459559686E+01 3.5779120291E+01 1.5058359751E+01
3.5313955432E+00 -2.4642152778E+00 -5.2287095112E+00 -6.1791609727E+00 -6.1653834278E+00
-5.6801911443E+00 -5.0046013963E+00 -4.2920175447E+00 -3.6220986874E+00 -2.9987063334E+00
-2.4689718085E+00 -2.0060819915E+00 -1.6327396636E+00 -1.0639563350E+00 -6.7920727440E-01
-4.4207537586E-01 -2.9059476165E-01 -1.3266236990E-01 -6.3981344488E-02 -3.3086555768E-02
-1.7526335273E-02 -9.7319840164E-03 -5.5988675437E-03 -3.3247126398E-03 -2.0290143012E-03
-1.2690005891E-03 -8.1137794537E-04 -5.2924180393E-04 -3.5152846388E-04 -2.3738238990E-04
-1.6274523876E-04 -1.1313596121E-04 -7.9661100617E-05 -5.6756669657E-05 -4.0881607114E-05
-2.9746279777E-05 -1.6188050781E-05 -9.1013905089E-06 -5.2641220148E-06 -3.1208291699E-06
-1.8904523277E-06 -1.1667959514E-06 -7.3190521177E-07 -4.6550371850E-07 -2.9951940763E-07
-1.9453568264E-07 -6.7857472811E-08 -2.3680148257E-08 -7.6454019110E-09 -1.7752372327E-09
2.8633910326E-10 9.0196597641E-10 9.8025297834E-10 8.7617930232E-10 7.2714016706E-10
5.8353274339E-10 3.6188615050E-10 2.2264076068E-10 1.3861466915E-10 8.7933292080E-11
5.6949796442E-11 3.7654274789E-11 2.5394801380E-11 1.7448852598E-11 1.2198981974E-11
8.6669408937E-12
3 2 1 T
3.3352193279E+02 1.2953133362E+02 5.6553269748E+01 2.8618513513E+01 1.6617321975E+01
1.0388463969E+01 6.4834141848E+00 3.8412429872E+00 2.0789047267E+00 9.5768925898E-01
2.7872900942E-01 -1.0296537751E-01 -2.9089303534E-01 -3.5196674616E-01 -3.3277501250E-01
-2.7276306715E-01 -2.0368742380E-01 -1.4823328940E-01 -1.0613758494E-01 -8.1542678201E-02
-5.9085892972E-02 -4.3643468960E-02 -3.2062512435E-02 -1.7436388147E-02 -9.6114858628E-03
-5.2961871428E-03 -2.8615302863E-03 -7.1322039914E-04 -3.3198388893E-05 1.5677804966E-04
1.8454414269E-04 1.6322015039E-04 1.3158215321E-04 1.0212562547E-04 7.8022808274E-05
5.9301463849E-05 4.5089404044E-05 3.4400606861E-05 2.6379712217E-05 2.0350800927E-05
1.5801470196E-05 1.2350791207E-05 9.7179824835E-06 7.6965953227E-06 6.1346788629E-06
4.9200418780E-06 3.2209736478E-06 2.1555472650E-06 1.4719622413E-06 1.0239326267E-06
7.2445508193E-07 5.2060857788E-07 3.7951309108E-07 2.8033015420E-07 2.0960565416E-07
1.5850160928E-07 8.2376988941E-08 4.5231260416E-08 2.6020070666E-08 1.5579074818E-08
9.6566451699E-09 6.1698881315E-09 4.0489198199E-09 2.7209103164E-09 1.8677086111E-09
1.3067559775E-09 6.7260486300E-10 3.6663764631E-10 2.0973775559E-10 1.2502510800E-10
7.7223398154E-11 4.9198506504E-11 3.2209497679E-11 2.1602254013E-11 1.4803635796E-11
1.0342746221E-11
3 2 3 T
-4.7488262859E+02 -2.3685646462E+02 -1.2754850400E+02 -7.3157583761E+01 -4.3710748020E+01
-2.6557230972E+01 -1.6090554862E+01 -9.6219150225E+00 -5.6652095812E+00 -3.2885926784E+00
-1.8923678319E+00 -1.0890266506E+00 -6.2759026190E-01 -3.6359139902E-01 -2.1797899155E-01
-1.5118745346E-01 -1.2904314020E-01 -1.2831728213E-01 -1.2628530747E-01 -1.3188374039E-01
-1.2799286702E-01 -1.1722186813E-01 -1.0850643112E-01 -9.0013935326E-02 -7.2217868754E-02
-5.6851667868E-02 -4.4447844824E-02 -2.7179633948E-02 -1.6854579039E-02 -1.0663368009E-02
-6.8928291095E-03 -4.5508612337E-03 -3.0657690093E-03 -2.1046355404E-03 -1.4703554452E-03
-1.0440192220E-03 -7.5249365683E-04 -5.4993879513E-04 -4.0709391493E-04 -3.0495522950E-04
-2.3097727732E-04 -1.7674992697E-04 -1.3655336496E-04 -1.0644447980E-04 -8.3670221207E-05
-6.6285353440E-05 -4.2510165791E-05 -2.7982526812E-05 -1.8852496953E-05 -1.2968622073E-05
-9.0900958630E-06 -6.4807252617E-06 -4.6923749559E-06 -3.4458357997E-06 -2.5634192107E-06
-1.9298284934E-06 -9.9402746801E-07 -5.4214189140E-07 -3.1026767944E-07 -1.8501317051E-07
-1.1430661184E-07 -7.2839998327E-08 -4.7695895879E-08 -3.1993537908E-08 -2.1927417801E-08
-1.5321547828E-08 -7.8696428818E-09 -4.2829201821E-09 -2.4470472714E-09 -1.4572619736E-09
-8.9938724510E-10 -5.7262425333E-10 -3.7468816417E-10 -2.5118345118E-10 -1.7206646429E-10
-1.2017764460E-10
3 2 5 T
3.4345475305E+03 1.9324951823E+03 1.1582555248E+03 7.3002140862E+02 4.7868246600E+02
3.2388506544E+02 2.2488080227E+02 1.5976214234E+02 1.1602840936E+02 8.6115200157E+01
6.5232946735E+01 5.0327318915E+01 3.9450314096E+01 3.1347384032E+01 2.5205371915E+01
2.0481539698E+01 1.6787111227E+01 1.3857397629E+01 1.1515117426E+01 9.5813023250E+00
8.0255538965E+00 6.7273737450E+00 5.6882725843E+00 4.1222879952E+00 3.0530353729E+00
2.2824083009E+00 1.7070758087E+00 1.0297237496E+00 6.2654244562E-01 3.7489664715E-01
2.5210491437E-01 1.8848936700E-01 1.3586082725E-01 9.8743146507E-02 7.2074452060E-02
5.3357966876E-02 4.0066448414E-02 3.0481809976E-02 2.3468749828E-02 1.8268067730E-02
1.4363654410E-02 1.1399033953E-02 9.1243342854E-03 7.3620077741E-03 5.9842983876E-03
4.8981972671E-03 3.3445668585E-03 2.3364503915E-03 1.6655801651E-03 1.2090000274E-03
8.9195277674E-04 6.6777603717E-04 5.0664775574E-04 3.8909734521E-04 3.0216370071E-04
2.3706490254E-04 1.3448901058E-04 8.0124810946E-05 4.9742293700E-05 3.1983725233E-05
2.1197520235E-05 1.4424646463E-05 1.0046306461E-05 7.1423625476E-06 5.1718975301E-06
3.8072919370E-06 2.1544568805E-06 1.2808649831E-06 7.9375913869E-07 5.0960031193E-07
3.3729687751E-07 2.2926158530E-07 1.5951107361E-07 1.1330109776E-07 8.1976921432E-08
6.0303527158E-08
3 4 7 T
1.2715504574E+03 5.4610297818E+02 2.5628310055E+02 1.2960194336E+02 6.9837212380E+01
3.9681882512E+01 2.3402836296E+01 1.4096928951E+01 8.6389699189E+00 5.4478467514E+00
3.5361754933E+00 2.3290816903E+00 1.5401539920E+00 1.0181589473E+00 6.7489250158E-01
4.5200160088E-01 3.0958368172E-01 2.1563648574E-01 1.5174514538E-01 1.0802305039E-01
7.5648522754E-02 5.5143997437E-02 3.9125986624E-02 1.8955416012E-02 8.8011871359E-03
3.7886710078E-03 1.2760296438E-03 -5.3149081531E-04 -8.0186318974E-04 -6.9070694792E-04
-5.2127821192E-04 -3.7556702084E-04 -2.6628328162E-04 -1.8828039328E-04 -1.3361637813E-04
-9.5479604842E-05 -6.8810432980E-05 -5.0050104199E-05 -3.6750436427E-05 -2.7239812711E-05
-2.0376856519E-05 -1.5379073303E-05 -1.1706614661E-05 -8.9842154626E-06 -6.9488736067E-06
-5.4146989795E-06 -3.3570561437E-06 -2.1353874598E-06 -1.3902398351E-06 -9.2443223581E-07
-6.2663834514E-07 -4.3230943164E-07 -3.0308954531E-07 -2.1566556205E-07 -1.5556868455E-07
-1.1364425968E-07 -5.4459817971E-08 -2.7749736350E-08 -1.4894780149E-08 -8.3597327336E-09
-4.8770444237E-09 -2.9432574785E-09 -1.8301049196E-09 -1.1685734412E-09 -7.6410269928E-10
-5.1042125636E-10 -2.4093546301E-10 -1.2128523665E-10 -6.4453504058E-11 -3.5873744126E-11
-2.0780729911E-11 -1.2464778125E-11 -7.7095991573E-12 -4.8999820136E-12 -3.1908527175E-12
-2.1237126557E-12
4 0 4 T
1.8067867520E+03 9.4888059965E+02 5.1839209915E+02 2.9019000693E+02 1.6375517714E+02
9.1578929002E+01 4.9732827067E+01 2.5450477222E+01 1.1555725551E+01 3.8379163770E+00
-2.4325188924E-01 -2.2080167673E+00 -2.9658149108E+00 -3.0609773592E+00 -2.8230257705E+00
-2.4441681352E+00 -2.0323287289E+00 -1.6395744650E+00 -1.3072739600E+00 -1.0543843891E+00
-8.3242856009E-01 -6.3357950683E-01 -4.8763791599E-01 -2.9654544117E-01 -1.7128603576E-01
-1.0286247955E-01 -6.9440158515E-02 -3.5074296240E-02 -1.8469179107E-02 -1.0194357318E-02
-5.8674268277E-03 -3.5010242023E-03 -2.1554459775E-03 -1.3644222249E-03 -8.8531956185E-04
-5.8733909329E-04 -3.9753421790E-04 -2.7399802226E-04 -1.9200219184E-04 -1.3659630165E-04
-9.8539148537E-05 -7.2001590645E-05 -5.3237635860E-05 -3.9798309393E-05 -3.0056948795E-05
-2.2917056575E-05 -1.3675053942E-05 -8.4197178509E-06 -5.3297749157E-06 -3.4582795912E-06
-2.2942933379E-06 -1.5528680391E-06 -1.0703047745E-06 -7.5000856188E-07 -5.3357930331E-07
-3.8491854897E-07 -1.7956734387E-07 -8.9519752248E-08 -4.7186962445E-08 -2.6082220044E-08
-1.5018922197E-08 -8.9620833511E-09 -5.5179462908E-09 -3.4929212887E-09 -2.2664181129E-09
-1.5035880819E-09 -7.0143493701E-10 -3.4968653222E-10 -1.8432407205E-10 -1.0188367205E-10
-5.8667664833E-11 -3.5008138090E-11 -2.1554477698E-11 -1.3644223784E-11 -8.8531957534E-12
-5.8733909450E-12
4 2 2 T
2.8164497008E+02 1.0657710677E+02 4.2921617599E+01 1.9146258320E+01 9.6862384896E+00
5.3896506072E+00 3.1031281779E+00 1.8140286852E+00 1.0902024826E+00 6.7475345182E-01
3.8736750146E-01 1.4856833791E-01 -6.2118144165E-02 -2.2993030033E-01 -3.3217976279E-01
-3.6083127256E-01 -3.4243030890E-01 -2.8909138231E-01 -2.2982981239E-01 -1.8673322834E-01
-1.5077973805E-01 -1.1952342507E-01 -9.5163165793E-02 -6.1478629538E-02 -4.0737329831E-02
-2.7507363651E-02 -1.8936244869E-02 -9.4397849149E-03 -4.9735231126E-03 -2.7489090325E-03
-1.5828589690E-03 -9.4451193754E-04 -5.8153380711E-04 -3.6811736066E-04 -2.3885675783E-04
-1.5846245331E-04 -1.0725362581E-04 -7.3923903957E-05 -5.1801657077E-05 -3.6853302080E-05
-2.6585588072E-05 -1.9425828798E-05 -1.4363366011E-05 -1.0737473128E-05 -8.1092811458E-06
-6.1829580931E-06 -3.6894915000E-06 -2.2716164467E-06 -1.4379584412E-06 -9.3303421038E-07
-6.1899395826E-07 -4.1895947581E-07 -2.8876524983E-07 -2.0235022296E-07 -1.4395821125E-07
-1.0384995340E-07 -4.8446769698E-08 -2.4152180051E-08 -1.2730911161E-08 -7.0369103892E-09
-4.0520634159E-09 -2.4179451495E-09 -1.4887265545E-09 -9.4238044400E-10 -6.1147330012E-10
-4.0566388049E-10 -1.8924519413E-10 -9.4344453324E-11 -4.9730121723E-11 -2.7487931208E-11
-1.5828372718E-11 -9.4450982401E-12 -5.8153381037E-12 -3.6811736094E-12 -2.3885675786E-12
-1.5846245331E-12
4 2 4 T
-3.4006229297E+02 -1.5169066125E+02 -7.1805605297E+01 -3.6486228937E+01 -1.9628533427E+01
-1.0872745082E+01 -6.0756747614E+00 -3.4250451751E+00 -1.9521938933E+00 -1.1213508504E+00
-6.5739572013E-01 -4.0563986020E-01 -2.6843312325E-01 -1.9014819470E-01 -1.4293686152E-01
-1.1183240241E-01 -8.8132399973E-02 -6.9498679248E-02 -5.4922041151E-02 -4.3867679252E-02
-3.4403137696E-02 -2.6872930651E-02 -2.1281000112E-02 -1.3722718507E-02 -9.0876816078E-03
-6.1450836324E-03 -4.2317577562E-03 -2.1082584557E-03 -1.1110664196E-03 -6.1410374836E-04
-3.5361726562E-04 -2.1100992590E-04 -1.2991854456E-04 -8.2239881706E-05 -5.3362198027E-05
-3.5401572430E-05 -2.3961177698E-05 -1.6515094810E-05 -1.1572836824E-05 -8.2332742903E-06
-5.9393982740E-06 -4.3398601424E-06 -3.2088720801E-06 -2.3988233471E-06 -1.8116676716E-06
-1.3813142116E-06 -8.2425708952E-07 -5.0749431484E-07 -3.2124953793E-07 -2.0844608605E-07
-1.3828739230E-07 -9.3598350384E-08 -6.4512089100E-08 -4.5206393845E-08 -3.2161227697E-08
-2.3200774508E-08 -1.0823332534E-08 -5.3957586389E-09 -2.8441707429E-09 -1.5720928688E-09
-9.0525808169E-10 -5.4018512619E-10 -3.3259147417E-10 -2.1053409717E-10 -1.3660722695E-10
-9.0628025421E-11 -4.2278642713E-11 -2.1077182183E-11 -1.1110041965E-11 -6.1409877687E-12
-3.5361643816E-12 -2.1100981492E-12 -1.2991854460E-12 -8.2239881709E-13 -5.3362198028E-13
-3.5401572430E-13
4 2 6 T
3.1295589485E+03 1.6083137967E+03 8.8879182713E+02 5.2240367374E+02 3.2276035458E+02
2.0738770676E+02 1.3738827677E+02 9.3349302325E+01 6.4921555628E+01 4.6152167954E+01
3.3433319439E+01 2.4609173303E+01 1.8374089827E+01 1.3912973954E+01 1.0698536453E+01
8.3701594721E+00 6.6862180252E+00 5.4139937189E+00 4.4445685225E+00 3.6611317509E+00
3.0422999046E+00 2.4823276088E+00 2.0687669964E+00 1.4724371848E+00 1.0718444551E+00
7.9156994125E-01 5.7152226856E-01 3.1880805829E-01 1.8519317841E-01 1.1107525119E-01
6.9228572232E-02 4.4431720120E-02 2.9288728889E-02 1.9765066876E-02 1.3619552466E-02
9.5627603619E-03 6.8293298784E-03 4.9530491548E-03 3.6431799847E-03 2.7144971737E-03
2.0466712202E-03 1.5601203800E-03 1.2013384954E-03 9.3380022081E-04 7.3221855277E-04
5.7885660660E-04 3.6996793797E-04 2.4290612631E-04 1.6333164076E-04 1.1218860620E-04
7.8547511319E-05 5.5952150351E-05 4.0486359386E-05 2.9717138063E-05 2.2099708764E-05
1.6633603092E-05 8.5657107995E-06 4.6720873781E-06 2.6745197543E-06 1.5953931835E-06
9.8608955386E-07 6.2864635739E-07 4.1182501582E-07 2.7636825652E-07 1.8949752512E-07
1.3246558738E-07 6.8093144428E-08 3.7085722248E-08 2.1203067152E-08 1.2634464719E-08
7.8019779979E-09 4.9698696875E-09 3.2534444426E-09 2.1819543382E-09 1.4952611669E-09
1.0447138202E-09
4 4 8 T
1.1642856147E+03 4.8991889064E+02 2.2424030644E+02 1.1025086212E+02 5.7596447374E+01
3.1643390773E+01 1.8021434091E+01 1.0484216651E+01 6.2449083799E+00 3.9267127881E+00
2.6504794902E+00 1.8885539838E+00 1.3964946795E+00 1.0499399119E+00 7.8674198692E-01
5.7960196971E-01 4.2002563631E-01 3.0922760101E-01 2.2271698231E-01 1.6974105833E-01
1.3083703576E-01 1.0542801944E-01 8.3448431447E-02 5.0467590234E-02 3.1188629392E-02
1.9731159111E-02 1.2900771190E-02 5.8588705709E-03 2.8485118078E-03 1.4606390804E-03
7.8488823663E-04 4.3905434417E-04 2.5441860695E-04 1.5210259338E-04 9.3498954912E-05
5.8927661149E-05 3.7985295789E-05 2.4991080750E-05 1.6750919094E-05 1.1420575515E-05
7.9091367958E-06 5.5568546026E-06 3.9565375130E-06 2.8521140175E-06 2.0797310897E-06
1.5328436980E-06 8.5751032965E-07 4.9691134448E-07 2.9707537792E-07 1.8261514633E-07
1.1509308818E-07 7.4190030837E-08 4.8810704589E-08 3.2716638856E-08 2.2305811552E-08
1.5447532804E-08 6.5512618721E-09 2.9938353477E-09 1.4566960930E-09 7.4766457701E-10
4.0182577838E-10 2.2479118786E-10 1.3026232749E-10 7.7876527869E-11 4.7871464920E-11
3.0170962508E-11 1.2795433344E-11 5.8473346635E-12 2.8451095565E-12 1.4602823770E-12
7.8481597340E-13 4.3904528878E-13 2.5441860837E-13 1.5210259349E-13 9.3498954922E-14
5.8927661149E-14
5 0 5 T
9.8654998478E+02 4.8535549944E+02 2.4677879021E+02 1.2860852239E+02 6.7913801936E+01
3.5833440117E+01 1.8536923410E+01 9.1628726541E+00 4.1638395880E+00 1.5915990005E+00
3.3431655358E-01 -2.2914049597E-01 -4.3075143706E-01 -4.5021041799E-01 -3.8866053292E-01
-3.0580203083E-01 -2.3277453120E-01 -1.7943479054E-01 -1.3716189237E-01 -1.1158396859E-01
-8.7414742797E-02 -6.6659872290E-02 -5.1979987922E-02 -3.2283835425E-02 -2.0222191422E-02
-1.2959448219E-02 -8.4988668721E-03 -3.8758858439E-03 -1.8849179748E-03 -9.6743504846E-04
-5.1991719830E-04 -2.9085530760E-04 -1.6854489200E-04 -1.0076352308E-04 -6.1940325225E-05
-3.9037853415E-05 -2.5164148381E-05 -1.6555860660E-05 -1.1096994373E-05 -7.5657975247E-06
-5.2395719914E-06 -3.6812537813E-06 -2.6210904769E-06 -1.8894421867E-06 -1.3777610691E-06
-1.0154641543E-06 -5.6807553360E-07 -3.2918924403E-07 -1.9680375617E-07 -1.2097719772E-07
-7.6245807452E-08 -4.9148727307E-08 -3.2335665351E-08 -2.1673817134E-08 -1.4776948290E-08
-1.0233539046E-08 -4.3400195368E-09 -1.9833284263E-09 -9.6501859123E-10 -4.9530593259E-10
-2.6619783526E-10 -1.4891759268E-10 -8.6294985187E-11 -5.1590923857E-11 -3.1713446518E-11
-1.9987380949E-11 -8.4766006578E-12 -3.8736883327E-12 -1.8848019360E-12 -9.6739439959E-13
-5.1991764699E-13 -2.9085467320E-13 -1.6854489294E-13 -1.0076352316E-13 -6.1940325231E-14
-3.9037853415E-14
5 2 3 T
2.6484063582E+02 1.0467171792E+02 4.3167329856E+01 1.8749886189E+01 8.7696157228E+00
4.4246164308E+00 2.2279167541E+00 1.0276232029E+00 4.3126857329E-01 1.8650550350E-01
1.0178797967E-01 7.2911123960E-02 5.3860668783E-02 3.7767119219E-02 2.5224442576E-02
1.7177410177E-02 1.2826531370E-02 1.0102664750E-02 7.8423262608E-03 5.8402447387E-03
4.5363317954E-03 3.4691123595E-03 2.6958737380E-03 1.6456874490E-03 1.0397042084E-03
6.6929070965E-04 4.4130944446E-04 2.0150087476E-04 9.8060235542E-05 5.0333950505E-05
2.7051803875E-05 1.5133266170E-05 8.7694877802E-06 5.2427841017E-06 3.2227907700E-06
2.0311619805E-06 1.3093051229E-06 8.6141095844E-07 5.7738300381E-07 3.9365279952E-07
2.7261794622E-07 1.9153775289E-07 1.3637684602E-07 9.8308764396E-08 7.1685701359E-08
5.2835184372E-08 2.9557296955E-08 1.7127905824E-08 1.0239812699E-08 6.2945132227E-09
3.9671132431E-09 2.5572365681E-09 1.6824432782E-09 1.1277011793E-09 7.6885312406E-10
5.3245692621E-10 2.2581371429E-10 1.0319371948E-10 5.0210472694E-11 2.5771052734E-11
1.3850426572E-11 7.7482680529E-12 4.4899777442E-12 2.6843054601E-12 1.6500688742E-12
1.0399549340E-12 4.4104241072E-13 2.0155023335E-13 9.8067329481E-14 5.0334087371E-14
2.7051614398E-14 1.5133336041E-14 8.7694877817E-15 5.2427841018E-15 3.2227907700E-15
2.0311619805E-15
5 2 5 T
-2.8890899808E+02 -1.2357780848E+02 -5.4080171682E+01 -2.4345489385E+01 -1.1197227334E+01
-5.0633658504E+00 -2.0321246637E+00 -5.6142910025E-01 5.8522430870E-02 2.5262248459E-01
2.6475075481E-01 2.1490263776E-01 1.5888609287E-01 1.1430376766E-01 8.1770626251E-02
5.7924463714E-02 4.0798666186E-02 2.9336079821E-02 2.1964500192E-02 1.6141252956E-02
1.2579556483E-02 1.0178008221E-02 8.1122670947E-03 5.1620715090E-03 3.2882745615E-03
2.1270856717E-03 1.4011219443E-03 6.4055001937E-04 3.1169711278E-04 1.5998512231E-04
8.5982136388E-05 4.8100744410E-05 2.7873483464E-05 1.6663989920E-05 1.0243517922E-05
6.4559711239E-06 4.1615765493E-06 2.7379619779E-06 1.8351899238E-06 1.2512104554E-06
8.6650577629E-07 6.0879546472E-07 4.3346861960E-07 3.1247066963E-07 2.2785027606E-07
1.6793462457E-07 9.3946744512E-08 5.4440397405E-08 3.2546855315E-08 2.0006870942E-08
1.2609318601E-08 8.1280791979E-09 5.3475819882E-09 3.5843553198E-09 2.4437704207E-09
1.6923940943E-09 7.1774030475E-10 3.2799731362E-10 1.5959207830E-10 8.1912311221E-11
4.4023054224E-11 2.4627575393E-11 1.4271223537E-11 8.5319628396E-12 5.2446811761E-12
3.3054572155E-12 1.4018365327E-12 6.4061975316E-13 3.1170327794E-13 1.5998498285E-13
8.5982527781E-14 4.8100733190E-14 2.7873483471E-14 1.6663989921E-14 1.0243517922E-14
6.4559711239E-15
5 2 7 T
2.4964035035E+03 1.1966787021E+03 6.1222731396E+02 3.3275768244E+02 1.9083674127E+02
1.1453314767E+02 7.1232719482E+01 4.5617556588E+01 3.0144264754E+01 2.0654387976E+01
1.4636374793E+01 1.0649031247E+01 7.8961840155E+00 5.9381043856E+00 4.5228238972E+00
3.4989983900E+00 2.7478994029E+00 2.2105686872E+00 1.7769790464E+00 1.4463173546E+00
1.1580695482E+00 9.1142881452E-01 7.2818132362E-01 4.4441069201E-01 2.7177858969E-01
1.8618373624E-01 1.2302615898E-01 6.3835732924E-02 3.3720771314E-02 1.8534030768E-02
1.0610729394E-02 6.3344881010E-03 3.8993710840E-03 2.4687103217E-03 1.6020537414E-03
1.0629573055E-03 7.1952607522E-04 4.9597575563E-04 3.4758148661E-04 2.4729976229E-04
1.7841243651E-04 1.3037296456E-04 9.6403140758E-05 7.2071255774E-05 5.4433426328E-05
4.1505091638E-05 2.4769145532E-05 1.5251561458E-05 9.6550953040E-06 6.2652076086E-06
4.1567050503E-06 2.8135675342E-06 1.9393256152E-06 1.3590273258E-06 9.6689225557E-07
6.9753131965E-07 3.2542928263E-07 1.6224704820E-07 8.5527190440E-08 4.7276740309E-08
2.7224489905E-08 1.6245972877E-08 1.0002950522E-08 6.3321590063E-09 4.1087915096E-09
2.7259187086E-09 1.2717115354E-09 6.3400757890E-10 3.3420252045E-10 1.8473221751E-10
1.0637654006E-10 6.3478104546E-11 3.9084034856E-11 2.4740980165E-11 1.6053645287E-11
1.0650438298E-11
5 4 9 T
1.2684395602E+03 5.1262412263E+02 2.2248977730E+02 1.0248364026E+02 4.9694712383E+01
2.5279225417E+01 1.3299758810E+01 7.0295568696E+00 3.7059176526E+00 2.0394822724E+00
1.2157927690E+00 7.7448883601E-01 5.2644309248E-01 3.7507538793E-01 2.7425478194E-01
2.0073634455E-01 1.4529070631E-01 1.0378557255E-01 7.5569946816E-02 5.5566716880E-02
4.0878629349E-02 3.0967938295E-02 2.3268278845E-02 1.3426524173E-02 7.9665477248E-03
4.8676479242E-03 3.0482086798E-03 1.2738116478E-03 5.7172563424E-04 2.7242034721E-04
1.3664333081E-04 7.1663045991E-05 3.9084410299E-05 2.2068241436E-05 1.2851587226E-05
7.6947200002E-06 4.7238905904E-06 2.9666476601E-06 1.9020171019E-06 1.2427402388E-06
8.2621426882E-07 5.5816075579E-07 3.8269706908E-07 2.6601888225E-07 1.8728922768E-07
1.3343821708E-07 6.9983070718E-08 3.8168369450E-08 2.1551017029E-08 1.2550378151E-08
7.5143750002E-09 4.6131744047E-09 2.8971168556E-09 1.8574385761E-09 1.2136135145E-09
8.0684987190E-10 3.1107555369E-10 1.3031075887E-10 5.8527397266E-11 2.7894101547E-11
1.3992011191E-11 7.3382568361E-12 4.0022436165E-12 2.2597879232E-12 1.3160025320E-12
7.8793932802E-13 3.0378472040E-13 1.2725660045E-13 5.7155661393E-14 2.7240333542E-14
1.3664073429E-14 7.1662664416E-15 3.9084410317E-15 2.2068241438E-15 1.2851587226E-15
7.6947200002E-16
6 0 6 T
6.9520978209E+02 3.0707742360E+02 1.4102132666E+02 6.6673757975E+01 3.2079424789E+01
1.5462739151E+01 7.2412820017E+00 3.1069937881E+00 1.0776727984E+00 1.2446165078E-01
-3.0433466054E-01 -4.7354958975E-01 -5.0693210371E-01 -4.6351748266E-01 -3.8046414967E-01
-2.8926975440E-01 -2.1320545553E-01 -1.5244646047E-01 -1.0902978713E-01 -7.9859360726E-02
-5.9657434909E-02 -4.4133963721E-02 -3.3395774546E-02 -1.9543639918E-02 -1.1755147264E-02
-7.1949597071E-03 -4.5147259958E-03 -1.8874914184E-03 -8.4778994857E-04 -4.0404498458E-04
-2.0268547067E-04 -1.0629910860E-04 -5.7975092571E-05 -3.2734492694E-05 -1.9063149618E-05
-1.1413811855E-05 -7.0070903714E-06 -4.4005185676E-06 -2.8213197292E-06 -1.8433943367E-06
-1.2255487160E-06 -8.2793679970E-07 -5.6766618459E-07 -3.9459388670E-07 -2.7781179915E-07
-1.9793295974E-07 -1.0380801409E-07 -5.6616301531E-08 -3.1967278036E-08 -1.8616357050E-08
-1.1146300640E-08 -6.8428616908E-09 -4.2973814137E-09 -2.7551950480E-09 -1.8001897819E-09
-1.1968249180E-09 -4.6142781576E-10 -1.9329390600E-10 -8.6815465768E-11 -4.1376167934E-11
-2.0754775119E-11 -1.0885059219E-11 -5.9366494994E-12 -3.3520120534E-12 -1.9520665210E-12
-1.1687743340E-12 -4.5061310132E-13 -1.8876358008E-13 -8.4780728289E-14 -4.0406413998E-14
-2.0268335078E-14 -1.0629940643E-14 -5.7975092768E-15 -3.2734492709E-15 -1.9063149619E-15
-1.1413811855E-15
6 2 8 T
1.8583357662E+03 8.2987718657E+02 3.9518803787E+02 1.9973933324E+02 1.0676281348E+02
6.0047052314E+01 3.5105911650E+01 2.1094734039E+01 1.3109762061E+01 8.5114762500E+00
5.7386582721E+00 3.9623923999E+00 2.7845112412E+00 1.9877531330E+00 1.4441193764E+00
1.0731318771E+00 8.2534501288E-01 6.4224773776E-01 5.0199592917E-01 3.9037292687E-01
3.0449747405E-01 2.3138216593E-01 1.7974598800E-01 1.1004871566E-01 6.9314715381E-02
4.4802752825E-02 2.9543024110E-02 1.3518890119E-02 6.5796176995E-03 3.3774069640E-03
1.8151452161E-03 1.0154437196E-03 5.8843165385E-04 3.5179023126E-04 2.1624890306E-04
1.3629074352E-04 8.7854228473E-05 5.7800579735E-05 3.8742335493E-05 2.6414059170E-05
1.8292633943E-05 1.2852161967E-05 9.1508712362E-06 6.5965071832E-06 4.8101026074E-06
3.5452350091E-06 1.9832913462E-06 1.1492805804E-06 6.8709029595E-07 4.2236113884E-07
2.6619285845E-07 1.7159028999E-07 1.1289175729E-07 7.5668624010E-08 5.1589959317E-08
3.5727800670E-08 1.5152075174E-08 6.9242871272E-09 3.3691171468E-09 1.7292347790E-09
9.2936208623E-10 5.1990792665E-10 3.0127700846E-10 1.8011659854E-10 1.1071943838E-10
6.9780860684E-11 2.9593896824E-11 1.3523998295E-11 6.5803069273E-12 3.3774116778E-12
1.8151603247E-12 1.0154451692E-12 5.8843165714E-13 3.5179023153E-13 2.1624890309E-13
1.3629074352E-13
6 4 10 T
8.4875291269E+02 3.3621001411E+02 1.4236046697E+02 6.3398227871E+01 2.9390634616E+01
1.4167138617E+01 7.0286350638E+00 3.4584996444E+00 1.6715024430E+00 8.4625743527E-01
4.6834166664E-01 2.7314725906E-01 1.6701238195E-01 1.0898674773E-01 7.4548035078E-02
5.1916744094E-02 3.6478740129E-02 2.5225731813E-02 1.7531763899E-02 1.2275308051E-02
8.5869282058E-03 6.3969914735E-03 4.5630919032E-03 2.5524310347E-03 1.4610558052E-03
8.5173654887E-04 5.1073250506E-04 1.9606895823E-04 8.1209404644E-05 3.5960733645E-05
1.6838585024E-05 8.2792238787E-06 4.2499500197E-06 2.2663365446E-06 1.2503521565E-06
7.1120042201E-07 4.1582415714E-07 2.4927140922E-07 1.5286771070E-07 9.5719032257E-08
6.1091651069E-08 3.9683971612E-08 2.6201161992E-08 1.7562389842E-08 1.1938341039E-08
8.2222022630E-09 4.0427063483E-09 2.0751709086E-09 1.1066096409E-09 6.1052351393E-10
3.4726583106E-10 2.0303913923E-10 1.2171455529E-10 7.4642436867E-11 4.6737808719E-11
2.9829907749E-11 1.0455200688E-11 4.0147471987E-12 1.6644664087E-12 7.3662001965E-13
3.4486415841E-13 1.6956339407E-13 8.7038976428E-14 4.6414572434E-14 2.5607212166E-14
1.4565384643E-14 5.1050784609E-15 1.9603257806E-15 8.1272773862E-16 3.5967774397E-16
1.6839070235E-16 8.2794626012E-17 4.2499500209E-17 2.2663365446E-17 1.2503521565E-17
7.1120042201E-18
7 0 7 T
4.1029588723E+02 1.7339578600E+02 7.5350386308E+01 3.3435141808E+01 1.5029500909E+01
6.7895707827E+00 2.9868871102E+00 1.1895198480E+00 3.9054839585E-01 8.3494416688E-02
-3.3186457151E-02 -9.4145815638E-02 -1.3746765181E-01 -1.6042839000E-01 -1.5724700518E-01
-1.3443430674E-01 -1.0321305448E-01 -7.3450257015E-02 -4.9322393802E-02 -3.6586548568E-02
-2.6476211843E-02 -1.8927236158E-02 -1.3973108110E-02 -7.6429332578E-03 -4.3810199081E-03
-2.5413904075E-03 -1.5211536216E-03 -5.8073333003E-04 -2.4067603743E-04 -1.0647845073E-04
-4.9851958101E-05 -2.4510463632E-05 -1.2581730098E-05 -6.7093576770E-06 -3.7015949214E-06
-2.1054675330E-06 -1.2310232604E-06 -7.3795352587E-07 -4.5255597686E-07 -2.8337063431E-07
-1.8085828394E-07 -1.1748209256E-07 -7.7567017951E-08 -5.1992434861E-08 -3.5342765100E-08
-2.4341352140E-08 -1.1968197288E-08 -6.1434229203E-09 -3.2760535547E-09 -1.8074193953E-09
-1.0280603188E-09 -6.0108557636E-10 -3.6032887005E-10 -2.2097459808E-10 -1.3836456753E-10
-8.8309708955E-11 -3.0952014254E-11 -1.1885425850E-11 -4.9275561076E-12 -2.1807207751E-12
-1.0209503065E-12 -5.0198257756E-13 -2.5767383328E-13 -1.3740764529E-13 -7.5808663995E-14
-4.3119975075E-14 -1.5113288210E-14 -5.8034305906E-15 -2.4060332557E-15 -1.0648050659E-15
-4.9851089183E-16 -2.4510868045E-16 -1.2581730141E-16 -6.7093576801E-17 -3.7015949216E-17
-2.1054675330E-17
7 2 9 T
1.0640108379E+03 4.5600936885E+02 2.0685272013E+02 9.8998511108E+01 4.9861967428E+01
2.6388507699E+01 1.4483341048E+01 8.1123040034E+00 4.7282246314E+00 2.9657936228E+00
1.9786146224E+00 1.3459095630E+00 9.1285203318E-01 6.1434161519E-01 4.1397518692E-01
2.8377957045E-01 1.9902335796E-01 1.4308437498E-01 1.0396292378E-01 7.7782987217E-02
5.7586829864E-02 4.3012175692E-02 3.2264748013E-02 1.8845320420E-02 1.1273909134E-02
6.9332555240E-03 4.3576510999E-03 1.8260424327E-03 8.2022249745E-04 3.9093367945E-04
1.9609613802E-04 1.0284486539E-04 5.6090949557E-05 3.1670648426E-05 1.8443612825E-05
1.1042872291E-05 6.7793656569E-06 4.2575053080E-06 2.7296291421E-06 1.7834855262E-06
1.1857193836E-06 8.0102952987E-07 5.4921749720E-07 3.8176990764E-07 2.6878314256E-07
1.9150030020E-07 1.0043433841E-07 5.4776317969E-08 3.0928367607E-08 1.8011340650E-08
1.0784054972E-08 6.6204742743E-09 4.1577200273E-09 2.6656534591E-09 1.7416850842E-09
1.1579290856E-09 4.4643178858E-10 1.8701201191E-10 8.3994034031E-11 4.0031476267E-11
2.0080261878E-11 1.0531303684E-11 5.7437132390E-12 3.2430743992E-12 1.8886259533E-12
1.1307901226E-12 4.3596854354E-13 1.8262891788E-13 8.2025423858E-14 3.9093238542E-14
1.9609630740E-14 1.0284476254E-14 5.6090949600E-15 3.1670648430E-15 1.8443612825E-15
1.1042872291E-15
8 2 10 T
6.6981721637E+02 2.7340263110E+02 1.1785806307E+02 5.3426169102E+01 2.5516171050E+01
1.2916634108E+01 6.7825830155E+00 3.5518867975E+00 1.9148751577E+00 1.1411484636E+00
7.5204775369E-01 5.1473377880E-01 3.4951447904E-01 2.3079734170E-01 1.4846517349E-01
9.5541442939E-02 6.3373811363E-02 4.3814122740E-02 3.1508890001E-02 2.3456297671E-02
1.7198614866E-02 1.2371617089E-02 9.1556163457E-03 5.0170478873E-03 2.8651415385E-03
1.6744774193E-03 1.0065255540E-03 3.8628840761E-04 1.6018223278E-04 7.0888862935E-05
3.3190789826E-05 1.6318697031E-05 8.3765776748E-06 4.4669099678E-06 2.4644223846E-06
1.4017636798E-06 8.1958219175E-07 4.9130961827E-07 3.0129960281E-07 1.8866055015E-07
1.2041058323E-07 7.8216418822E-08 5.1642035229E-08 3.4615165358E-08 2.3530262844E-08
1.6205817858E-08 7.9681039993E-09 4.0901258197E-09 2.1811083829E-09 1.2033312425E-09
6.8445492176E-10 4.0018661707E-10 2.3989727455E-10 1.4711894669E-10 9.2119409251E-11
5.8794230091E-11 2.0607018972E-11 7.9129970012E-12 3.2806343833E-12 1.4518652652E-12
6.7972126667E-13 3.3420650477E-13 1.7155231086E-13 9.1482316146E-14 5.0471370436E-14
2.8708120162E-14 1.0062020982E-14 3.8637680670E-15 1.6018722575E-15 7.0891858653E-16
3.3189514974E-16 1.6318676990E-16 8.3765776787E-17 4.4669099681E-17 2.4644223846E-17
1.4017636798E-17
2 0 2 F
4.8860644317E+03 3.1314221499E+03 2.0204631320E+03 1.3086711413E+03 8.4822393765E+02
5.4849934837E+02 3.5280847141E+02 2.2502874556E+02 1.4181381206E+02 8.7943414982E+01
5.3372812757E+01 3.1461511609E+01 1.7735230848E+01 9.3191312287E+00 4.2914099368E+00
1.3638141263E+00 -2.7461293310E-01 -1.1380205612E+00 -1.5348755960E+00 -1.6444810372E+00
-1.6508970208E+00 -1.5477430037E+00 -1.3939383620E+00 -1.1188136982E+00 -8.7670584034E-01
-6.9170263491E-01 -5.7449570144E-01 -4.1689663173E-01 -3.0033868204E-01 -2.1699271173E-01
-1.5418160818E-01 -1.1231871776E-01 -8.1891766616E-02 -6.0452176666E-02 -4.5124996900E-02
-3.4061690681E-02 -2.5989228695E-02 -2.0034470318E-02 -1.5594824545E-02 -1.2250685516E-02
-9.7069630408E-03 -7.7540090569E-03 -6.2413580573E-03 -5.0599408221E-03 -4.1299299091E-03
-3.3923555395E-03 -2.3296280199E-03 -1.6344784392E-03 -1.1690044671E-03 -8.5068428465E-04
-6.2880961877E-04 -4.7146121776E-04 -3.5810100486E-04 -2.7524629564E-04 -2.1388193132E-04
-1.6787729282E-04 -9.5291570395E-05 -5.6774551858E-05 -3.5237118866E-05 -2.2647234784E-05
-1.5001670502E-05 -1.0202475525E-05 -7.1013815702E-06 -5.0455979529E-06 -3.6513907094E-06
-2.6863873695E-06 -1.5184628828E-06 -9.0182501557E-07 -5.5834046838E-07 -3.5815259077E-07
-2.3687115118E-07 -1.6088760676E-07 -1.1186658231E-07 -7.9411922603E-08 -5.7425720636E-08
-4.2222086512E-08
2 2 0 F
1.4784333675E+02 8.7236337578E+01 4.8776464658E+01 2.7600639122E+01 1.6325505517E+01
1.0194955365E+01 6.6218410213E+00 4.3723354544E+00 2.9763131772E+00 1.8185767042E+00
1.0421827515E+00 4.7184928030E-01 7.2616293426E-02 -1.7502142852E-01 -2.6537847638E-01
-2.7621512934E-01 -2.5037619146E-01 -2.1048811401E-01 -1.8175750546E-01 -1.5613774678E-01
-1.3170714497E-01 -1.1297874500E-01 -9.7323324019E-02 -7.2741968968E-02 -5.5189068498E-02
-4.2269380404E-02 -3.2678458123E-02 -2.0038121915E-02 -1.2703165266E-02 -8.2981781082E-03
-5.5678006251E-03 -3.8259768811E-03 -2.6856979864E-03 -1.9216623453E-03 -1.3988845537E-03
-1.0343351521E-03 -7.7570684636E-04 -5.8932013482E-04 -4.5305263971E-04 -3.5210506073E-04
-2.7640913552E-04 -2.1900817292E-04 -1.7502601388E-04 -1.4099907752E-04 -1.1443657409E-04
-9.3526555901E-05 -6.3677320303E-05 -4.4363056312E-05 -3.1544583744E-05 -2.2842936695E-05
-1.6815198385E-05 -1.2562877239E-05 -9.5130884079E-06 -7.2926469878E-06 -5.6536740066E-06
-4.4285673552E-06 -2.5033923006E-06 -1.4868592456E-06 -9.2058614417E-07 -5.9053750648E-07
-3.9057360493E-07 -2.6529103583E-07 -1.8446247266E-07 -1.3094827798E-07 -9.4694764735E-08
-6.9624781381E-08 -3.9315364136E-08 -2.3331811688E-08 -1.4436677851E-08 -9.2561781928E-09
-6.1194287198E-09 -4.1551472827E-09 -2.8883676398E-09 -2.0499544840E-09 -1.4821282348E-09
-1.0895607109E-09
2 2 1 F
-2.3565076152E+01 -2.6941065643E+01 -2.1243214399E+01 -1.5179630491E+01 -1.0664257347E+01
-7.5861750512E+00 -5.4917809989E+00 -3.9866969320E+00 -2.9502231550E+00 -2.1257765624E+00
-1.5191631560E+00 -1.0681073738E+00 -7.5812875742E-01 -5.3608244450E-01 -3.6617646164E-01
-2.3262175647E-01 -1.4115186171E-01 -7.2475486418E-02 -3.3914865409E-02 -1.6460543483E-02
-9.4437006238E-03 -4.2435085578E-03 -2.2165926730E-03 -7.7009884696E-04 -2.2278071106E-04
-5.1003006082E-05 -8.3416023668E-06 7.4583086443E-07 1.4018249040E-07 5.1177185962E-09
3.2138623247E-11 -1.7285914201E-10 0.0000000000E+00 0.0000000000E+00 0.0000000000E+00
0.0000000000E+00 0.0000000000E+00 0.0000000000E+00 0.0000000000E+00 0.0000000000E+00
0.0000000000E+00 0.0000000000E+00 0.0000000000E+00 0.0000000000E+00 0.0000000000E+00
0.0000000000E+00 0.0000000000E+00 0.0000000000E+00 0.0000000000E+00 0.0000000000E+00
0.0000000000E+00 0.0000000000E+00 0.0000000000E+00 0.0000000000E+00 0.0000000000E+00
0.0000000000E+00 0.0000000000E+00 0.0000000000E+00 0.0000000000E+00 0.0000000000E+00
0.0000000000E+00 0.0000000000E+00 0.0000000000E+00 0.0000000000E+00 0.0000000000E+00
0.0000000000E+00 0.0000000000E+00 0.0000000000E+00 0.0000000000E+00 0.0000000000E+00
0.0000000000E+00 0.0000000000E+00 0.0000000000E+00 0.0000000000E+00 0.0000000000E+00
0.0000000000E+00
2 2 2 F
-7.4108550227E+02 -4.2630454184E+02 -2.4799811105E+02 -1.4736402407E+02 -8.9725818105E+01
-5.5944609569E+01 -3.5564274799E+01 -2.2968237575E+01 -1.4893619997E+01 -9.6089885745E+00
-6.1806007324E+00 -3.9369090077E+00 -2.4700942206E+00 -1.5685437498E+00 -1.0603639569E+00
-7.6384316256E-01 -5.8077270353E-01 -4.6154278226E-01 -3.6860854668E-01 -2.9722329383E-01
-2.4197704859E-01 -1.9873851885E-01 -1.6362836229E-01 -1.1277817831E-01 -7.9391112225E-02
-5.6999544690E-02 -4.1631772993E-02 -2.3294129492E-02 -1.3741018446E-02 -8.4697932045E-03
-5.4181803684E-03 -3.5782522187E-03 -2.4293245397E-03 -1.6896536982E-03 -1.2005187745E-03
-8.6929242949E-04 -6.4020323357E-04 -4.7872364681E-04 -3.6293848684E-04 -2.7862190260E-04
-2.1634971857E-04 -1.6976215108E-04 -1.3449424383E-04 -1.0750338311E-04 -8.6638241933E-05
-7.0357532850E-05 -4.7376201745E-05 -3.2703838327E-05 -2.3074772269E-05 -1.6599953017E-05
-1.2150931527E-05 -9.0341021830E-06 -6.8121291227E-06 -5.2028680958E-06 -4.0204849879E-06
-3.1402544345E-06 -1.7647475831E-06 -1.0434713011E-06 -6.4381315770E-07 -4.1184961314E-07
-2.7178237510E-07 -1.8426548212E-07 -1.2792880405E-07 -9.0699667754E-08 -6.5518265237E-08
-4.8128155547E-08 -2.7136447784E-08 -1.6086015839E-08 -9.9445524348E-09 -6.3715693034E-09
-4.2099878264E-09 -2.8573011934E-09 -1.9854364075E-09 -1.4086675777E-09 -1.0181980231E-09
-7.4833711795E-10
2 2 3 F
-1.7484796617E+02 -1.0097611394E+02 -5.8928872872E+01 -3.4959974545E+01 -2.1172042505E+01
-1.3132253850E+01 -8.3716492639E+00 -5.5288133527E+00 -3.6642271055E+00 -2.5400687136E+00
-1.7649705648E+00 -1.2621295887E+00 -8.9642846591E-01 -6.0969345715E-01 -4.0012413083E-01
-2.6936437445E-01 -1.5795986335E-01 -9.2302623838E-02 -4.6866855092E-02 -3.2830310662E-02
-1.8158754053E-02 -1.0775606921E-02 -5.5596604889E-03 -1.7162244000E-03 -5.1887632739E-04
-1.5396964893E-04 -3.7831839490E-05 -4.3477885342E-06 -4.5399115403E-07 -7.8721561350E-09
-3.9712974602E-09 5.9509786479E-10 0.0000000000E+00 0.0000000000E+00 0.0000000000E+00
0.0000000000E+00 0.0000000000E+00 0.0000000000E+00 0.0000000000E+00 0.0000000000E+00
0.0000000000E+00 0.0000000000E+00 0.0000000000E+00 0.0000000000E+00 0.0000000000E+00
0.0000000000E+00 0.0000000000E+00 0.0000000000E+00 0.0000000000E+00 0.0000000000E+00
0.0000000000E+00 0.0000000000E+00 0.0000000000E+00 0.0000000000E+00 0.0000000000E+00
0.0000000000E+00 0.0000000000E+00 0.0000000000E+00 0.0000000000E+00 0.0000000000E+00
0.0000000000E+00 0.0000000000E+00 0.0000000000E+00 0.0000000000E+00 0.0000000000E+00
0.0000000000E+00 0.0000000000E+00 0.0000000000E+00 0.0000000000E+00 0.0000000000E+00
0.0000000000E+00 0.0000000000E+00 0.0000000000E+00 0.0000000000E+00 0.0000000000E+00
0.0000000000E+00
2 2 4 F
-8.9438329273E+02 -8.1967446997E+02 -6.8996133043E+02 -5.6158551987E+02 -4.5203813876E+02
-3.6355075382E+02 -2.9344968365E+02 -2.3818714760E+02 -1.9468122780E+02 -1.5995058114E+02
-1.3218593731E+02 -1.0979455574E+02 -9.1630529981E+01 -7.6746273337E+01 -6.4525713182E+01
-5.4462865880E+01 -4.6178132675E+01 -3.9379510774E+01 -3.3715590468E+01 -2.9073819956E+01
-2.5157691755E+01 -2.1853277521E+01 -1.9030971870E+01 -1.4637570189E+01 -1.1434327863E+01
-9.0413331014E+00 -7.2683759226E+00 -4.9159177057E+00 -3.3083295510E+00 -2.2593745695E+00
-1.4995491567E+00 -1.0936427586E+00 -8.0313408115E-01 -6.0515968444E-01 -4.6217601215E-01
-3.5778215437E-01 -2.8042656307E-01 -2.2229130157E-01 -1.7803158649E-01 -1.4393441482E-01
-1.1737961933E-01 -9.6491152855E-02 -7.9907649516E-02 -6.6628934283E-02 -5.5911733061E-02
-4.7197783810E-02 -3.4185020548E-02 -2.5248562193E-02 -1.8973832791E-02 -1.4480348241E-02
-1.1205239451E-02 -8.7800021951E-03 -6.9581600831E-03 -5.5716363768E-03 -4.5037862233E-03
-3.6723516450E-03 -2.2803475250E-03 -1.4759539404E-03 -9.8917499426E-04 -6.8290143529E-04
-4.8366919317E-04 -3.5027571081E-04 -2.5868400493E-04 -1.9438160760E-04 -1.4833807367E-04
-1.1478183415E-04 -7.1271144778E-05 -4.6128993688E-05 -3.0914757638E-05 -2.1342454284E-05
-1.5115754516E-05 -1.0946808988E-05 -8.0843288984E-06 -6.0747306231E-06 -4.6357754118E-06
-3.5870807507E-06
2 4 2 F
8.8653846370E+00 5.3146119801E+00 2.2784109940E+00 5.7482927177E-01 -2.6920263111E-01
-7.1822950295E-01 -9.6311600661E-01 -8.6608795131E-01 -8.1306610229E-01 -6.8904916751E-01
-5.6873086793E-01 -4.0279522551E-01 -2.7565788691E-01 -2.2171741132E-01 -1.6452888783E-01
-1.2382842774E-01 -9.4267487093E-02 -7.0834313481E-02 -5.4981404685E-02 -4.2903531027E-02
-3.3675151222E-02 -2.6948158736E-02 -2.1500219301E-02 -1.3825111144E-02 -9.1469493506E-03
-6.1848905179E-03 -4.2576725874E-03 -2.1223065056E-03 -1.1184494712E-03 -6.1821876907E-04
-3.5598935215E-04 -2.1242480587E-04 -1.3078967381E-04 -8.2791316195E-05 -5.3720002000E-05
-3.5638946896E-05 -2.4121842081E-05 -1.6625831750E-05 -1.1650434958E-05 -8.2884800045E-06
-5.9792231009E-06 -4.3689597533E-06 -3.2303881949E-06 -2.4149079268E-06 -1.8238152576E-06
-1.3905761935E-06 -8.2978389450E-07 -5.1089716346E-07 -3.2340357890E-07 -2.0984375781E-07
-1.3921463631E-07 -9.4225945627E-08 -6.4944655273E-08 -4.5509511556E-08 -3.2376875018E-08
-2.3356340238E-08 -1.0895905096E-08 -5.4319382558E-09 -2.8632414639E-09 -1.5826340589E-09
-9.1132801416E-10 -5.4380717310E-10 -3.3482156505E-10 -2.1194576947E-10 -1.3752320512E-10
-9.1235704054E-11 -4.2562129280E-11 -2.1218508812E-11 -1.1184536969E-11 -6.1821642926E-12
-3.5598750553E-12 -2.1242467699E-12 -1.3078967385E-12 -8.2791316198E-13 -5.3720002001E-13
-3.5638946896E-13
2 4 4 F
-7.3012728522E+01 -3.7935965870E+01 -1.9008641813E+01 -9.4347929477E+00 -4.7267393048E+00
-2.4380494303E+00 -1.3105656909E+00 -7.7611759279E-01 -4.8579934190E-01 -3.1420439722E-01
-2.1310927499E-01 -1.5529944072E-01 -1.1557742892E-01 -8.1466445677E-02 -6.0952270225E-02
-4.6184013814E-02 -3.5668130208E-02 -2.7758031538E-02 -2.1720638685E-02 -1.7082287408E-02
-1.3497227520E-02 -1.0699544897E-02 -8.5455396547E-03 -5.5486006312E-03 -3.6780414505E-03
-2.4911191609E-03 -1.7175434218E-03 -8.5624510990E-04 -4.5134667850E-04 -2.4948094894E-04
-1.4365744259E-04 -8.5723330040E-05 -5.2779773142E-05 -3.3410182616E-05 -2.1678542623E-05
-1.4381988096E-05 -9.7342956479E-06 -6.7093035891E-06 -4.7014974202E-06 -3.3447907737E-06
-2.4128972080E-06 -1.7630803556E-06 -1.3036132830E-06 -9.7452871316E-07 -7.3599507309E-07
-5.6116277285E-07 -3.3485675455E-07 -2.0617098886E-07 -1.3050852585E-07 -8.4681807120E-08
-5.6179641002E-08 -3.8024592375E-08 -2.6208217145E-08 -1.8365224298E-08 -1.3065588960E-08
-9.4253797189E-09 -4.3970092001E-09 -2.1920420815E-09 -1.1554523418E-09 -6.3866713746E-10
-3.6776363482E-10 -2.1945172266E-10 -1.3511621926E-10 -8.5530067498E-11 -5.5497069114E-11
-3.6817889527E-11 -1.7175817188E-11 -8.5626643807E-12 -4.5134857103E-12 -2.4947935057E-12
-1.4365766985E-12 -8.5723329165E-13 -5.2779773148E-13 -3.3410182616E-13 -2.1678542623E-13
-1.4381988096E-13
2 4 6 F
-4.2471912239E+01 -6.3569694977E+01 -6.0661257823E+01 -4.9793736954E+01 -3.8294594672E+01
-2.8598252922E+01 -2.1035239191E+01 -1.5640081457E+01 -1.1245452898E+01 -8.2138598143E+00
-5.9350870759E+00 -4.4798537160E+00 -3.4295624954E+00 -2.5882017420E+00 -2.0977111720E+00
-1.6977264121E+00 -1.3531353451E+00 -1.0825272196E+00 -8.3298683201E-01 -5.9632207301E-01
-4.1943505246E-01 -2.8234985956E-01 -1.8562440842E-01 -5.8465870342E-02 -1.5777752345E-03
2.6494927719E-02 3.6345297743E-02 3.6366163112E-02 2.8711658718E-02 2.1160812425E-02
1.5234281165E-02 1.0909775271E-02 7.8372462711E-03 5.6701133442E-03 4.1391856497E-03
3.0512427763E-03 2.2717877797E-03 1.7082043211E-03 1.2967899528E-03 9.9356149319E-04
7.6795273625E-04 5.9855260134E-04 4.7023296145E-04 3.7220917986E-04 2.9672389989E-04
2.3814778413E-04 1.5632044813E-04 1.0499730069E-04 7.2003904662E-05 5.0314806013E-05
3.5764420662E-05 2.5820725206E-05 1.8909186867E-05 1.4029993779E-05 1.0535941997E-05
8.0005799254E-06 4.1989082950E-06 2.3258863896E-06 1.3486115420E-06 8.1320507942E-07
5.0729220935E-07 3.2599776482E-07 2.1505407006E-07 1.4520744511E-07 1.0010829926E-07
7.0320738376E-08 3.6450289636E-08 1.9988787521E-08 1.1494212463E-08 6.8827937432E-09
4.2681966351E-09 2.7288428048E-09 1.7921580802E-09 1.2053608933E-09 8.2811827832E-10
5.7991282992E-10
3 0 3 F
-1.9879311535E+02 -5.6935758796E+01 3.3784026468E+00 2.6085857408E+01 3.1713922742E+01
2.9970651895E+01 2.5489552215E+01 2.0468389943E+01 1.5825260024E+01 1.1938243915E+01
8.8728212231E+00 6.5021774227E+00 4.7491418522E+00 3.4520853507E+00 2.5063559938E+00
1.7946050654E+00 1.2956598672E+00 9.3843662870E-01 6.8277705557E-01 5.1580495331E-01
4.0885425163E-01 3.0874368449E-01 2.5135433091E-01 1.4923466387E-01 8.0176726493E-02
3.7602700606E-02 1.5775728869E-02 -2.0301477161E-03 -5.7837335994E-03 -5.6460664423E-03
-4.5845688484E-03 -3.4893361835E-03 -2.5923951978E-03 -1.9114885123E-03 -1.4100175400E-03
-1.0447816713E-03 -7.7927204425E-04 -5.8569486174E-04 -4.4378339462E-04 -3.3902962888E-04
-2.6111627504E-04 -2.0270861552E-04 -1.5857563061E-04 -1.2496717998E-04 -9.9177661369E-05
-7.9241423354E-05 -5.1552847088E-05 -3.4329708522E-05 -2.3349116553E-05 -1.6188920679E-05
-1.1422736902E-05 -8.1897329162E-06 -5.9584605337E-06 -4.3938612757E-06 -3.2805524776E-06
-2.4775717053E-06 -1.2843770162E-06 -7.0388358795E-07 -4.0433255891E-07 -2.4181121376E-07
-1.4974940015E-07 -9.5608061891E-08 -6.2703464772E-08 -4.2115870878E-08 -2.8897124439E-08
-2.0210718023E-08 -1.0396667041E-08 -5.6647349996E-09 -3.2394449504E-09 -1.9305172795E-09
-1.1921496129E-09 -7.5937534649E-10 -4.9707803988E-10 -3.3333903400E-10 -2.2840744182E-10
-1.5956554915E-10
3 2 2 F
-6.0515827294E+01 -3.5563116064E+01 -2.0779926863E+01 -1.2094789726E+01 -7.0907670515E+00
-4.2112470373E+00 -2.5473990712E+00 -1.5052137004E+00 -9.8154792207E-01 -6.0625473984E-01
-3.6217108927E-01 -2.0732674596E-01 -1.2027672943E-01 -6.9271170270E-02 -3.7528291308E-02
-2.1030340336E-02 -1.1506439167E-02 -6.2813433468E-03 -2.8146727812E-03 -1.4778003553E-03
-1.1590984135E-03 -4.9970184419E-04 -2.9246307140E-04 -1.3836033094E-04 -5.6443374956E-05
-1.8469759874E-05 -6.5984437377E-06 -8.2456686202E-07 -1.0384267950E-07 -3.7505120968E-09
-9.9802993892E-11 -1.6559710224E-10 0.0000000000E+00 0.0000000000E+00 0.0000000000E+00
0.0000000000E+00 0.0000000000E+00 0.0000000000E+00 0.0000000000E+00 0.0000000000E+00
0.0000000000E+00 0.0000000000E+00 0.0000000000E+00 0.0000000000E+00 0.0000000000E+00
0.0000000000E+00 0.0000000000E+00 0.0000000000E+00 0.0000000000E+00 0.0000000000E+00
0.0000000000E+00 0.0000000000E+00 0.0000000000E+00 0.0000000000E+00 0.0000000000E+00
0.0000000000E+00 0.0000000000E+00 0.0000000000E+00 0.0000000000E+00 0.0000000000E+00
0.0000000000E+00 0.0000000000E+00 0.0000000000E+00 0.0000000000E+00 0.0000000000E+00
0.0000000000E+00 0.0000000000E+00 0.0000000000E+00 0.0000000000E+00 0.0000000000E+00
0.0000000000E+00 0.0000000000E+00 0.0000000000E+00 0.0000000000E+00 0.0000000000E+00
0.0000000000E+00
3 2 5 F
-2.1721895250E+02 -8.7169035449E+01 -3.1843635355E+01 -8.6190470532E+00 8.8282902627E-01
4.3954986840E+00 5.2246215117E+00 4.8651754979E+00 4.1356818725E+00 3.2488098166E+00
2.4764914334E+00 1.8559676193E+00 1.4526004434E+00 1.1232381220E+00 8.5937874471E-01
6.3293194847E-01 4.3243130343E-01 2.9632633851E-01 2.0213105067E-01 1.3872005479E-01
9.4842817037E-02 6.5946225121E-02 4.4735342542E-02 1.8388638102E-02 4.9639618186E-03
-1.1225866987E-03 -3.6270358100E-03 -4.4528332691E-03 -3.6409568599E-03 -2.6867791480E-03
-1.9162247629E-03 -1.3543886576E-03 -9.5904770422E-04 -6.8381923704E-04 -4.9213029764E-04
-3.5784944051E-04 -2.6298716923E-04 -1.9532017526E-04 -1.4655872417E-04 -1.1105928772E-04
-8.4953508875E-05 -6.5567429377E-05 -5.1035647699E-05 -4.0044411305E-05 -3.1659625061E-05
-2.5210871825E-05 -1.6309833368E-05 -1.0812212177E-05 -7.3269712041E-06 -5.0647415589E-06
-3.5645864005E-06 -2.5502190921E-06 -1.8520222889E-06 -1.3635558896E-06 -1.0166662623E-06
-7.6689764108E-07 -3.9660338267E-07 -2.1696046832E-07 -1.2445591142E-07 -7.4349710619E-08
-4.6003237878E-08 -2.9350064938E-08 -1.9237625401E-08 -1.2914964167E-08 -8.8577379028E-09
-6.1929471041E-09 -3.1839447391E-09 -1.7340671982E-09 -9.9131876681E-10 -5.9061263557E-10
-3.6464331543E-10 -2.3223045593E-10 -1.5199361024E-10 -1.0191428986E-10 -6.9825703853E-11
-4.8776069726E-11
4 0 4 F
3.0806236379E+02 1.4195268860E+02 7.6272325094E+01 4.7309371018E+01 3.2338309355E+01
2.3183790101E+01 1.6868506046E+01 1.2263295062E+01 8.7262127997E+00 6.1471753349E+00
4.1938094315E+00 2.7759827797E+00 1.7810556290E+00 1.0760258391E+00 6.2463899588E-01
3.5165991291E-01 2.0160566646E-01 1.2693780636E-01 8.5827395400E-02 6.4912204105E-02
5.2261295350E-02 4.2079261749E-02 3.4242261757E-02 2.2777032187E-02 1.5305337203E-02
1.0417722704E-02 7.2089703721E-03 3.6028873123E-03 1.9003379552E-03 1.0505003273E-03
6.0491008916E-04 3.6096433181E-04 2.2224552719E-04 1.4068388739E-04 9.1284195748E-05
6.0559800515E-05 4.0989256745E-05 2.8251593884E-05 1.9797106212E-05 1.4084274070E-05
1.0160248542E-05 7.4239940897E-06 5.4892661458E-06 4.1035539781E-06 3.0991344526E-06
2.3629490827E-06 1.4100177334E-06 8.6814659236E-07 5.4954643529E-07 3.5657888965E-07
2.3656172076E-07 1.6011428416E-07 1.1035778861E-07 7.7332446141E-08 5.5016695586E-08
3.9688470866E-08 1.8514964568E-08 9.2302698545E-09 4.8653887667E-09 2.6893051351E-09
1.5485823109E-09 9.2406922173E-10 5.6894855077E-10 3.6015075183E-10 2.3368754112E-10
1.5503308932E-10 7.2324080344E-11 3.6055741619E-11 1.9005424870E-11 1.0505098184E-11
6.0491496518E-12 3.6096453974E-12 2.2224552764E-12 1.4068388743E-12 9.1284195751E-13
6.0559800515E-13
4 2 6 F
-1.2708974176E+02 -9.0860187058E+01 -5.3816902117E+01 -2.9712377222E+01 -1.5907642413E+01
-8.4224182914E+00 -4.4482095935E+00 -2.4749206656E+00 -1.4136678526E+00 -8.2987654065E-01
-5.7752630838E-01 -4.2169833926E-01 -3.2115085854E-01 -2.7030754993E-01 -2.3184583020E-01
-2.1034248377E-01 -1.8895959217E-01 -1.6524386114E-01 -1.4052681387E-01 -1.1950886235E-01
-1.0123575165E-01 -8.5580252824E-02 -7.2947833823E-02 -5.3549039372E-02 -3.9778566941E-02
-2.9847253002E-02 -2.2590962166E-02 -1.3279715288E-02 -8.0641845968E-03 -5.0456119727E-03
-3.2441620402E-03 -2.1379863335E-03 -1.4408097628E-03 -9.9082917137E-04 -6.9402735774E-04
-4.9434438898E-04 -3.5754502864E-04 -2.6225613155E-04 -1.9486018762E-04 -1.4651652262E-04
-1.1138505923E-04 -8.5545282393E-05 -6.6325673367E-05 -5.1880318917E-05 -4.0917129251E-05
-3.2520661655E-05 -2.0984884089E-05 -1.3892668099E-05 -9.4096865544E-06 -6.5049287120E-06
-4.5804437052E-06 -3.2795471560E-06 -2.3840047440E-06 -1.7571843126E-06 -1.3117321346E-06
-9.9071963188E-07 -5.1401834885E-07 -2.8209766622E-07 -1.6231982496E-07 -9.7250824666E-08
-6.0335831778E-08 -3.8590881159E-08 -2.5353376874E-08 -1.7057360684E-08 -1.1722150215E-08
-8.2107934391E-09 -4.2353983060E-09 -2.3133801933E-09 -1.3258383051E-09 -7.9167339623E-10
-4.8974342462E-10 -3.1245283996E-10 -2.0482229189E-10 -1.3753284450E-10 -9.4351368904E-11
-6.5985871849E-11
5 0 5 F
4.7251089924E+00 9.3203791375E+00 7.6789890369E+00 5.8760795672E+00 4.5534777127E+00
3.5391957708E+00 2.6856653448E+00 1.9172348555E+00 1.4003911264E+00 9.2278226505E-01
5.5905209435E-01 3.1438727900E-01 8.0749483691E-02 -4.1801849357E-02 -1.2892497707E-01
-1.6393935127E-01 -1.7320287294E-01 -1.5430255243E-01 -1.2378761973E-01 -9.8609133266E-02
-7.5962995237E-02 -5.8809797661E-02 -4.5599199470E-02 -2.7746196573E-02 -1.7508767309E-02
-1.1304536620E-02 -7.4276837644E-03 -3.3967589577E-03 -1.6524396002E-03 -8.4806020658E-04
-4.5580484964E-04 -2.5498634049E-04 -1.4775983264E-04 -8.8337303669E-05 -5.4301806362E-05
-3.4223681410E-05 -2.2060890183E-05 -1.4514181778E-05 -9.7285062266E-06 -6.6327787377E-06
-4.5934247627E-06 -3.2272793091E-06 -2.2978559931E-06 -1.6564350184E-06 -1.2078547297E-06
-8.9023649251E-07 -4.9802011068E-07 -2.8859342473E-07 -1.7253379636E-07 -1.0605821556E-07
-6.6843127754E-08 -4.3087676138E-08 -2.8348011285E-08 -1.9000988724E-08 -1.2954645972E-08
-8.9715327396E-09 -3.8048056680E-09 -1.7387431494E-09 -8.4601190721E-10 -4.3422450147E-10
-2.3337015509E-10 -1.3055298390E-10 -7.5653034733E-11 -4.5228699513E-11 -2.7802524860E-11
-1.7522524882E-11 -7.4312610703E-12 -3.3959827137E-12 -1.6523670063E-12 -8.4809472943E-13
-4.5580108416E-13 -2.5498629667E-13 -1.4775983346E-13 -8.8337303736E-14 -5.4301806368E-14
-3.4223681410E-14
