73
3.00 3.25 3.50 3.75 4.00 4.25 4.50 4.75 5.00 5.25
5.50 5.75 6.00 6.25 6.50 6.75 7.00 7.25 7.50 7.75
8.00 8.50 9.00 9.50 10.00 11.00 12.00 13.00 14.00 15.00
16.00 18.00 20.00 21.00 22.00 23.00 24.00 25.00 26.00 27.00
28.00 29.00 30.00 32.00 34.00 36.00 38.00 40.00 42.00 44.00
46.00 48.00 50.00 55.00 60.00 65.00 70.00 75.00 80.00 85.00
90.00 95.00 100.00 110.00 120.00 130.00 140.00 150.00 160.00 170.00
180.00 190.00 200.00
55
0 0 0 0
3.7339558088E+04 2.5672698549E+04 1.7475964161E+04 1.1762305804E+04 7.8150624723E+03
5.1157965288E+03 3.2912812615E+03 2.0738079570E+03 1.2728500166E+03 7.5421694301E+02
4.2448396036E+02 2.1939277206E+02 9.5317628323E+01 2.3033795602E+01 -1.6772674523E+01
-3.6682573290E+01 -4.4763948953E+01 -4.6100742686E+01 -4.3831306673E+01 -3.9845304573E+01
-3.5243858648E+01 -2.6345642308E+01 -1.9149320594E+01 -1.3822584982E+01 -1.0017363092E+01
-5.4293854799E+00 -3.0986436933E+00 -1.8578179737E+00 -1.1625200682E+00 -7.5439400355E-01
-5.0509135606E-01 -2.4470227386E-01 -1.2889227959E-01 -9.5548879980E-02 -7.2148576066E-02
-5.5067028785E-02 -4.2505639262E-02 -3.3157235418E-02 -2.6117969042E-02 -2.0759270286E-02
-1.6638416504E-02 -1.3439543980E-02 -1.0934551887E-02 -7.3834686637E-03 -5.1057813230E-03
-3.6059799331E-03 -2.5950919949E-03 -1.8993815071E-03 -1.4115168848E-03 -1.0635520033E-03
-8.1151520470E-04 -6.2637515195E-04 -4.8861182648E-04 -2.7359647598E-04 -1.6113366689E-04
-9.9009421157E-05 -6.3073809546E-05 -4.1451290849E-05 -2.7989652453E-05 -1.9355272060E-05
-1.3669743812E-05 -9.8376151278E-06 -7.2002781729E-06 -4.0317704718E-06 -2.3744968127E-06
-1.4590219381E-06 -9.2946783018E-07 -6.1083422170E-07 -4.1246092032E-07 -2.8522302448E-07
-2.0143998296E-07 -1.4496899510E-07 -1.0610468875E-07
0 0 2 2
9.2010214432E+03 5.6146551120E+03 3.3871865926E+03 2.1257344191E+03 1.3688660980E+03
8.9094536940E+02 5.7889992354E+02 3.7195545362E+02 2.3436945638E+02 1.4345326093E+02
8.4126127525E+01 4.6164693406E+01 2.2545096794E+01 8.3886111862E+00 3.1639830694E-01
-3.9529441550E+00 -5.9182896262E+00 -6.5410265961E+00 -6.4233820065E+00 -5.9322549123E+00
-5.2838263280E+00 -3.9461895674E+00 -2.8317799354E+00 -2.0046054444E+00 -1.4189672663E+00
-7.2786342410E-01 -3.9306088566E-01 -2.2590965922E-01 -1.3698077330E-01 -8.6869848154E-02
-5.6949628712E-02 -2.6670940887E-02 -1.3703803126E-02 -1.0042572747E-02 -7.5004053115E-03
-5.6649741140E-03 -4.3290824825E-03 -3.3446334617E-03 -2.6103242518E-03 -2.0563807473E-03
-1.6341064868E-03 -1.3090627760E-03 -1.0565895467E-03 -7.0268182579E-04 -4.7902054449E-04
-3.3378262661E-04 -2.3716911288E-04 -1.7150093884E-04 -1.2599274960E-04 -9.3897880411E-05
-7.0899477931E-05 -5.4178118656E-05 -4.1857596061E-05 -2.2917306318E-05 -1.3223051847E-05
-7.9731085896E-06 -4.9912983103E-06 -3.2273010668E-06 -2.1463072516E-06 -1.4631448126E-06
-1.0195226995E-06 -7.2442144956E-07 -5.2384122539E-07 -2.8680648088E-07 -1.6548441226E-07
-9.9782198856E-08 -6.2465312613E-08 -4.0389164803E-08 -2.6860697377E-08 -1.8311026998E-08
-1.2759166089E-08 -9.0660204013E-09 -6.5557904717E-09
0 0 4 4
1.1129573146E+03 9.3632960859E+02 4.6931094631E+02 2.3673016679E+02 1.2232304105E+02
6.5395318298E+01 3.6137063084E+01 2.0457947892E+01 1.1716592851E+01 6.7197712584E+00
3.8238202637E+00 2.0889044454E+00 1.0147084198E+00 3.6367431614E-01 2.8272058747E-03
-1.6982755190E-01 -2.3308498972E-01 -2.4021667246E-01 -2.2137511951E-01 -1.9290785757E-01
-1.6219336299E-01 -1.0804865543E-01 -6.9158010841E-02 -4.4231568774E-02 -2.8970448358E-02
-1.2161916310E-02 -3.9426273771E-03 -8.1732828775E-04 -2.4925270347E-04 5.3628413612E-05
-2.4562873115E-04 -1.5835985785E-05 -1.0846188871E-04 0.0000000000E+00 0.0000000000E+00
0.0000000000E+00 0.0000000000E+00 0.0000000000E+00 0.0000000000E+00 0.0000000000E+00
0.0000000000E+00 0.0000000000E+00 0.0000000000E+00 0.0000000000E+00 0.0000000000E+00
0.0000000000E+00 0.0000000000E+00 0.0000000000E+00 0.0000000000E+00 0.0000000000E+00
0.0000000000E+00 0.0000000000E+00 0.0000000000E+00 0.0000000000E+00 0.0000000000E+00
0.0000000000E+00 0.0000000000E+00 0.0000000000E+00 0.0000000000E+00 0.0000000000E+00
0.0000000000E+00 0.0000000000E+00 0.0000000000E+00 0.0000000000E+00 0.0000000000E+00
0.0000000000E+00 0.0000000000E+00 0.0000000000E+00 0.0000000000E+00 0.0000000000E+00
0.0000000000E+00 0.0000000000E+00 0.0000000000E+00
2 0 0 2
-3.6906322222E+04 -2.3570886968E+04 -1.5179334828E+04 -9.8194581607E+03 -6.3488904617E+03
-4.0826953242E+03 -2.6004661951E+03 -1.6347956067E+03 -1.0107751301E+03 -6.1210927519E+02
-3.6101011897E+02 -2.0556398172E+02 -1.1135566750E+02 -5.5753667789E+01 -2.4045614745E+01
-6.8004905155E+00 1.9207339247E+00 5.7841065822E+00 7.0026672567E+00 6.8785044127E+00
6.1520678213E+00 4.3083116454E+00 2.7935891800E+00 1.7750274328E+00 1.1366866657E+00
4.9854133594E-01 2.4284692745E-01 1.2799378653E-01 7.1252278510E-02 4.1560952208E-02
2.5438934728E-02 1.0599658719E-02 4.7052609324E-03 3.2223822063E-03 2.2561849463E-03
1.6021107331E-03 1.1540793671E-03 8.4252150236E-04 6.2270853040E-04 4.6552622391E-04
3.5172131558E-04 2.6836500684E-04 2.0665027485E-04 1.2565645629E-04 7.8747345038E-05
5.0686303517E-05 3.3411309126E-05 2.2499996468E-05 1.5447242508E-05 1.0792426505E-05
7.6614502166E-06 5.5187037661E-06 4.0288406663E-06 1.9324877162E-06 9.8817696214E-07
5.3318907682E-07 3.0115846127E-07 1.7694258469E-07 1.0759229899E-07 6.7426761363E-08
4.3399727191E-08 2.8608156455E-08 1.9265435448E-08 9.2409257240E-09 4.7253443490E-09
2.5496465589E-09 1.4401038353E-09 8.4611833172E-10 5.1449353860E-10 3.2242672920E-10
2.0753231808E-10 1.3680079138E-10 9.2125014054E-11
2 0 2 0
-2.3411945876E+03 -1.4039763087E+03 -7.4506442553E+02 -4.1341029393E+02 -2.4677360548E+02
-1.5865961978E+02 -1.0761973779E+02 -7.4958191012E+01 -5.2512804700E+01 -3.6573198819E+01
-2.5185177164E+01 -1.7076751627E+01 -1.1354332462E+01 -7.3643332874E+00 -4.6431019358E+00
-2.8406361021E+00 -1.6827700432E+00 -9.5985806593E-01 -5.2145941441E-01 -2.6573097755E-01
-1.2312502149E-01 -1.3037604007E-02 7.8110664764E-03 9.7152277709E-03 9.9270287122E-03
1.0286301796E-02 7.8313562169E-03 5.2970148956E-03 3.0338416985E-03 1.9473928306E-03
1.2286520349E-03 4.3543431658E-04 4.0622267807E-04 0.0000000000E+00 0.0000000000E+00
0.0000000000E+00 0.0000000000E+00 0.0000000000E+00 0.0000000000E+00 0.0000000000E+00
0.0000000000E+00 0.0000000000E+00 0.0000000000E+00 0.0000000000E+00 0.0000000000E+00
0.0000000000E+00 0.0000000000E+00 0.0000000000E+00 0.0000000000E+00 0.0000000000E+00
0.0000000000E+00 0.0000000000E+00 0.0000000000E+00 0.0000000000E+00 0.0000000000E+00
0.0000000000E+00 0.0000000000E+00 0.0000000000E+00 0.0000000000E+00 0.0000000000E+00
0.0000000000E+00 0.0000000000E+00 0.0000000000E+00 0.0000000000E+00 0.0000000000E+00
0.0000000000E+00 0.0000000000E+00 0.0000000000E+00 0.0000000000E+00 0.0000000000E+00
0.0000000000E+00 0.0000000000E+00 0.0000000000E+00
2 0 2 2
3.2397395181E+03 2.0478930834E+03 1.1281785422E+03 6.4032170982E+02 3.8493694072E+02
2.4487500241E+02 1.6196630078E+02 1.0917264894E+02 7.3759668511E+01 4.9434789283E+01
3.2684984825E+01 2.1255319697E+01 1.3544779824E+01 8.3939816867E+00 5.0122314933E+00
2.8556931758E+00 1.5289692813E+00 7.4333985014E-01 2.9961595116E-01 6.5210236432E-02
-4.5358933976E-02 -9.0723569296E-02 -6.4567240209E-02 -3.7987004339E-02 -2.3123857575E-02
-1.1344792226E-02 -6.9093287705E-03 -4.0667052086E-03 -2.0828731485E-03 -9.1635683268E-04
-2.8551434327E-04 -1.8085796081E-04 -1.0793851555E-04 0.0000000000E+00 0.0000000000E+00
0.0000000000E+00 0.0000000000E+00 0.0000000000E+00 0.0000000000E+00 0.0000000000E+00
0.0000000000E+00 0.0000000000E+00 0.0000000000E+00 0.0000000000E+00 0.0000000000E+00
0.0000000000E+00 0.0000000000E+00 0.0000000000E+00 0.0000000000E+00 0.0000000000E+00
0.0000000000E+00 0.0000000000E+00 0.0000000000E+00 0.0000000000E+00 0.0000000000E+00
0.0000000000E+00 0.0000000000E+00 0.0000000000E+00 0.0000000000E+00 0.0000000000E+00
0.0000000000E+00 0.0000000000E+00 0.0000000000E+00 0.0000000000E+00 0.0000000000E+00
0.0000000000E+00 0.0000000000E+00 0.0000000000E+00 0.0000000000E+00 0.0000000000E+00
0.0000000000E+00 0.0000000000E+00 0.0000000000E+00
2 0 2 4
-2.4117393507E+04 -1.3939588966E+04 -7.9935916135E+03 -4.8065830062E+03 -3.0265902362E+03
-1.9813248433E+03 -1.3374928897E+03 -9.2499792872E+02 -6.5273772410E+02 -4.6908443248E+02
-3.4314169983E+02 -2.5554855749E+02 -1.9379263019E+02 -1.4962507342E+02 -1.1756994674E+02
-9.3945987870E+01 -7.6241887341E+01 -6.2735507416E+01 -5.2246437438E+01 -4.3963089635E+01
-3.7319381890E+01 -2.7467472823E+01 -2.0658383011E+01 -1.5795150916E+01 -1.2242188832E+01
-7.6202450840E+00 -4.9422196574E+00 -3.3185080486E+00 -2.2947376464E+00 -1.6278018299E+00
-1.1799892182E+00 -6.5604990176E-01 -3.8741541075E-01 -3.0280841598E-01 -2.4048757949E-01
-1.9262134614E-01 -1.5570965041E-01 -1.2696518373E-01 -1.0435865835E-01 -8.6414433719E-02
-7.2048416486E-02 -6.0455213237E-02 -5.1030087426E-02 -3.6957239236E-02 -2.7294216627E-02
-2.0510092460E-02 -1.5652230530E-02 -1.2111770573E-02 -9.4901671381E-03 -7.5208869339E-03
-6.0221958254E-03 -4.8679817503E-03 -3.9693166875E-03 -2.4647743970E-03 -1.5953539640E-03
-1.0692207878E-03 -7.3818174114E-04 -5.2283562287E-04 -3.7865036432E-04 -2.7964656676E-04
-2.1013891034E-04 -1.6036703269E-04 -1.2409277411E-04 -7.7056258432E-05 -4.9875561631E-05
-3.3427056629E-05 -2.3077780703E-05 -1.6345413569E-05 -1.1837748868E-05 -8.7425924842E-06
-6.5695741571E-06 -5.0135556138E-06 -3.8795132256E-06
2 0 4 4
2.9078303129E+02 2.7387687810E+02 1.7625987740E+02 9.4130165320E+01 4.6783201325E+01
2.2710420826E+01 1.1215691914E+01 5.8084076920E+00 3.2354523383E+00 1.9219815664E+00
1.1604692971E+00 6.6973815776E-01 3.7456633595E-01 2.2487544318E-01 1.4696013041E-01
9.0647074366E-02 4.4198826232E-02 8.7025327062E-03 -1.4249553061E-02 -2.6490676555E-02
-3.0076775223E-02 -2.3963537843E-02 -1.1838845972E-02 -4.0015946975E-03 1.1894211045E-03
2.6872359318E-03 1.6109213640E-03 -3.0126436908E-05 3.2080565359E-05 -1.1978603815E-04
8.8485849227E-05 -1.7427722873E-04 -1.0978424326E-04 0.0000000000E+00 0.0000000000E+00
0.0000000000E+00 0.0000000000E+00 0.0000000000E+00 0.0000000000E+00 0.0000000000E+00
0.0000000000E+00 0.0000000000E+00 0.0000000000E+00 0.0000000000E+00 0.0000000000E+00
0.0000000000E+00 0.0000000000E+00 0.0000000000E+00 0.0000000000E+00 0.0000000000E+00
0.0000000000E+00 0.0000000000E+00 0.0000000000E+00 0.0000000000E+00 0.0000000000E+00
0.0000000000E+00 0.0000000000E+00 0.0000000000E+00 0.0000000000E+00 0.0000000000E+00
0.0000000000E+00 0.0000000000E+00 0.0000000000E+00 0.0000000000E+00 0.0000000000E+00
0.0000000000E+00 0.0000000000E+00 0.0000000000E+00 0.0000000000E+00 0.0000000000E+00
0.0000000000E+00 0.0000000000E+00 0.0000000000E+00
2 0 4 6
-3.6166281555E+03 -2.7753916907E+03 -1.3610058425E+03 -6.8564528896E+02 -3.5967619820E+02
-1.9836268545E+02 -1.1534641750E+02 -7.0476119124E+01 -4.4919915313E+01 -2.9614841431E+01
-2.0041347655E+01 -1.3849445462E+01 -9.7578934284E+00 -7.0104058085E+00 -5.1226233949E+00
-3.7979440077E+00 -2.8574477267E+00 -2.1842640214E+00 -1.6951847808E+00 -1.3366980559E+00
-1.0700532569E+00 -7.1519677551E-01 -4.9627077714E-01 -3.5126791599E-01 -2.5146509830E-01
-1.2974690759E-01 -6.8195882794E-02 -3.7717227651E-02 -2.2108608715E-02 -1.3555349174E-02
-8.8936895197E-03 -3.6043375004E-03 -1.9428735803E-03 -1.4557540357E-03 -1.1105006450E-03
-8.5588309535E-04 -6.6683898225E-04 -5.2485452379E-04 -4.1699783369E-04 -3.3419451115E-04
-2.6999851548E-04 -2.1977311730E-04 -1.8014342337E-04 -1.2337348891E-04 -8.6455974589E-05
-6.1829753826E-05 -4.5027113114E-05 -3.3328564591E-05 -2.5034288117E-05 -1.9056210753E-05
-1.4682710375E-05 -1.1439201640E-05 -9.0035000834E-06 -5.1479143254E-06 -3.0902276825E-06
-1.9324162370E-06 -1.2512042401E-06 -8.3480538508E-07 -5.7172696615E-07 -4.0064695012E-07
-2.8652620498E-07 -2.0866083146E-07 -1.5444840936E-07 -8.8308676818E-08 -5.3010578743E-08
-3.3149176571E-08 -2.1463486742E-08 -1.4320471223E-08 -9.8075548057E-09 -6.8728031976E-09
-4.9151459089E-09 -3.5794228040E-09 -2.6494486515E-09
3 3 0 3
-3.0059096617E+04 -1.8861989967E+04 -1.2123909986E+04 -7.9512072897E+03 -5.2698230497E+03
-3.5018591199E+03 -2.3202800352E+03 -1.5271422585E+03 -9.9570580400E+02 -6.4167647182E+02
-4.0784642842E+02 -2.5505246553E+02 -1.5643772788E+02 -9.3662386839E+01 -5.4314824442E+01
-3.0090765656E+01 -1.5497036612E+01 -6.9442236531E+00 -2.1173719206E+00 4.5677053016E-01
1.7023644454E+00 2.2661315775E+00 1.9147039922E+00 1.4283221107E+00 1.0166343095E+00
4.9622267582E-01 2.4705456091E-01 1.2840356815E-01 7.0027066583E-02 4.0041839122E-02
2.4216161500E-02 9.8048761662E-03 4.6568388167E-03 3.2906315323E-03 2.3737723458E-03
1.7343740744E-03 1.2839395380E-03 9.6219784260E-04 7.2928371268E-04 5.5856237091E-04
4.3197594038E-04 3.3710443859E-04 2.6528993592E-04 1.6813277055E-04 1.0954579260E-04
7.3143680508E-05 4.9916574266E-05 3.4739687152E-05 2.4608725853E-05 1.7714113701E-05
1.2938894932E-05 9.5781567026E-06 7.1779336026E-06 3.6601000872E-06 1.9790440986E-06
1.1240996010E-06 6.6583679322E-07 4.0891119930E-07 2.5915560123E-07 1.6885111481E-07
1.1274181967E-07 7.6940145416E-08 5.3546875371E-08 2.7304086952E-08 1.4763528554E-08
8.3857032643E-09 4.9670952336E-09 3.0504485328E-09 1.9332823970E-09 1.2596173358E-09
8.4104597526E-10 5.7396802558E-10 3.9945589090E-10
3 3 2 1
-1.1381767375E+03 -8.1991359157E+02 -3.7459886033E+02 -1.6044277581E+02 -7.1750197699E+01
-3.8522188502E+01 -2.6327207902E+01 -2.0989436665E+01 -1.7453232918E+01 -1.4326507667E+01
-1.1376223330E+01 -8.6557064472E+00 -6.2947291618E+00 -4.3956799973E+00 -2.9676474464E+00
-1.9465228117E+00 -1.2386675275E+00 -7.5835951041E-01 -4.3919248666E-01 -2.3257461556E-01
-1.0372142184E-01 1.4302090072E-02 3.8241396912E-02 3.2371942383E-02 2.4155590927E-02
1.3274985807E-02 6.5018938608E-03 3.3728197595E-03 1.9400522433E-03 8.6464907055E-04
3.8334829270E-04 3.8043267983E-04 5.7018299917E-05 0.0000000000E+00 0.0000000000E+00
0.0000000000E+00 0.0000000000E+00 0.0000000000E+00 0.0000000000E+00 0.0000000000E+00
0.0000000000E+00 0.0000000000E+00 0.0000000000E+00 0.0000000000E+00 0.0000000000E+00
0.0000000000E+00 0.0000000000E+00 0.0000000000E+00 0.0000000000E+00 0.0000000000E+00
0.0000000000E+00 0.0000000000E+00 0.0000000000E+00 0.0000000000E+00 0.0000000000E+00
0.0000000000E+00 0.0000000000E+00 0.0000000000E+00 0.0000000000E+00 0.0000000000E+00
0.0000000000E+00 0.0000000000E+00 0.0000000000E+00 0.0000000000E+00 0.0000000000E+00
0.0000000000E+00 0.0000000000E+00 0.0000000000E+00 0.0000000000E+00 0.0000000000E+00
0.0000000000E+00 0.0000000000E+00 0.0000000000E+00
3 3 2 3
4.5548815856E+03 2.6216461849E+03 1.2428886666E+03 6.1489075918E+02 3.2931178731E+02
1.9392617670E+02 1.2402736315E+02 8.3719566167E+01 5.8037550942E+01 4.0549830975E+01
2.8192236629E+01 1.9304953088E+01 1.2936677642E+01 8.4684724417E+00 5.4193127994E+00
3.3893858924E+00 2.0621983648E+00 1.2091077484E+00 6.7233124675E-01 3.4415112162E-01
1.5077590114E-01 -1.0863861819E-02 -3.7652265609E-02 -2.8229132363E-02 -1.7194541470E-02
-6.4980648673E-03 -1.5741688147E-03 -6.2635430300E-05 1.8693461855E-04 1.8723149339E-04
5.4000602680E-04 -7.6373947438E-06 1.5260650017E-04 0.0000000000E+00 0.0000000000E+00
0.0000000000E+00 0.0000000000E+00 0.0000000000E+00 0.0000000000E+00 0.0000000000E+00
0.0000000000E+00 0.0000000000E+00 0.0000000000E+00 0.0000000000E+00 0.0000000000E+00
0.0000000000E+00 0.0000000000E+00 0.0000000000E+00 0.0000000000E+00 0.0000000000E+00
0.0000000000E+00 0.0000000000E+00 0.0000000000E+00 0.0000000000E+00 0.0000000000E+00
0.0000000000E+00 0.0000000000E+00 0.0000000000E+00 0.0000000000E+00 0.0000000000E+00
0.0000000000E+00 0.0000000000E+00 0.0000000000E+00 0.0000000000E+00 0.0000000000E+00
0.0000000000E+00 0.0000000000E+00 0.0000000000E+00 0.0000000000E+00 0.0000000000E+00
0.0000000000E+00 0.0000000000E+00 0.0000000000E+00
3 3 2 5
-2.9385732345E+04 -1.5596192904E+04 -8.1149035616E+03 -4.4798808057E+03 -2.6285421439E+03
-1.6266139301E+03 -1.0493416700E+03 -6.9802135264E+02 -4.7490751728E+02 -3.2879039209E+02
-2.3095299256E+02 -1.6436587313E+02 -1.1853942312E+02 -8.6752984853E+01 -6.4527874942E+01
-4.8821424382E+01 -3.7568441260E+01 -2.9381282540E+01 -2.3329145885E+01 -1.8783301170E+01
-1.5314482337E+01 -1.0513783082E+01 -7.4704857621E+00 -5.4401204578E+00 -4.0320214760E+00
-2.3101982561E+00 -1.3881543255E+00 -8.6675924288E-01 -5.5952901548E-01 -3.7202733743E-01
-2.5377107952E-01 -1.2559491607E-01 -6.7114935409E-02 -5.0085950122E-02 -3.8061095288E-02
-2.9227085704E-02 -2.2691770483E-02 -1.7800200441E-02 -1.4096640343E-02 -1.1262375543E-02
-9.0717293073E-03 -7.3628674550E-03 -6.0183456648E-03 -4.0998695752E-03 -2.8587277948E-03
-2.0348340765E-03 -1.4752646832E-03 -1.0873669245E-03 -8.1348216356E-04 -6.1685613577E-04
-4.7354599890E-04 -3.6764443167E-04 -2.8839132728E-04 -1.6360251147E-04 -9.7506612745E-05
-6.0572944778E-05 -3.8981011382E-05 -2.5860692316E-05 -1.7617044869E-05 -1.2283887305E-05
-8.7436350278E-06 -6.3391782694E-06 -4.6723905594E-06 -2.6506165677E-06 -1.5797596313E-06
-9.8137644429E-07 -6.3155335250E-07 -4.1898366283E-07 -2.8542368075E-07 -1.9901818692E-07
-1.4166056290E-07 -1.0270460273E-07 -7.5700034898E-08
3 3 4 5
-3.3603924266E+02 7.5485429717E+02 3.4383109435E+02 1.5709037747E+02 7.1749355869E+01
3.3240462918E+01 1.5900243057E+01 8.0560125776E+00 4.3507207567E+00 2.4485144160E+00
1.4323726640E+00 9.0405395856E-01 6.1730094655E-01 4.1986775789E-01 2.6457077206E-01
1.5225207717E-01 8.2671181210E-02 4.1440331556E-02 1.6701190740E-02 1.0857377758E-03
-7.7502067896E-03 -1.3512119747E-02 -1.1938589742E-02 -7.9481632575E-03 -3.9682691830E-03
-8.0180426411E-04 -1.3568899591E-04 8.5646811531E-05 2.2515220397E-04 -1.8028227726E-04
9.0220946097E-05 -2.0266928180E-04 1.2172230864E-05 0.0000000000E+00 0.0000000000E+00
0.0000000000E+00 0.0000000000E+00 0.0000000000E+00 0.0000000000E+00 0.0000000000E+00
0.0000000000E+00 0.0000000000E+00 0.0000000000E+00 0.0000000000E+00 0.0000000000E+00
0.0000000000E+00 0.0000000000E+00 0.0000000000E+00 0.0000000000E+00 0.0000000000E+00
0.0000000000E+00 0.0000000000E+00 0.0000000000E+00 0.0000000000E+00 0.0000000000E+00
0.0000000000E+00 0.0000000000E+00 0.0000000000E+00 0.0000000000E+00 0.0000000000E+00
0.0000000000E+00 0.0000000000E+00 0.0000000000E+00 0.0000000000E+00 0.0000000000E+00
0.0000000000E+00 0.0000000000E+00 0.0000000000E+00 0.0000000000E+00 0.0000000000E+00
0.0000000000E+00 0.0000000000E+00 0.0000000000E+00
3 3 4 7
-7.4183792666E+03 -4.5759950603E+03 -2.0666597376E+03 -9.5604387405E+02 -4.5944218347E+02
-2.3187906959E+02 -1.2369492057E+02 -6.9679626966E+01 -4.1172343088E+01 -2.5306976645E+01
-1.6119234047E+01 -1.0600423155E+01 -7.1242748727E+00 -4.8339548965E+00 -3.2999025719E+00
-2.2851164592E+00 -1.6205535418E+00 -1.1799705198E+00 -8.8015079500E-01 -6.6990471139E-01
-5.1959680575E-01 -3.2757814576E-01 -2.1658772957E-01 -1.4893312205E-01 -1.0569399990E-01
-5.3724975656E-02 -2.7870603701E-02 -1.4672849099E-02 -7.9052419797E-03 -4.5385090523E-03
-2.8337411760E-03 -1.4724449660E-03 -4.0924206598E-04 0.0000000000E+00 0.0000000000E+00
0.0000000000E+00 0.0000000000E+00 0.0000000000E+00 0.0000000000E+00 0.0000000000E+00
0.0000000000E+00 0.0000000000E+00 0.0000000000E+00 0.0000000000E+00 0.0000000000E+00
0.0000000000E+00 0.0000000000E+00 0.0000000000E+00 0.0000000000E+00 0.0000000000E+00
0.0000000000E+00 0.0000000000E+00 0.0000000000E+00 0.0000000000E+00 0.0000000000E+00
0.0000000000E+00 0.0000000000E+00 0.0000000000E+00 0.0000000000E+00 0.0000000000E+00
0.0000000000E+00 0.0000000000E+00 0.0000000000E+00 0.0000000000E+00 0.0000000000E+00
0.0000000000E+00 0.0000000000E+00 0.0000000000E+00 0.0000000000E+00 0.0000000000E+00
0.0000000000E+00 0.0000000000E+00 0.0000000000E+00
3 3 6 9
9.5220898870E+02 -4.9688321151E+02 -2.3237010694E+02 -1.0625664740E+02 -4.8446509983E+01
-2.2455943252E+01 -1.0624322072E+01 -5.2077170104E+00 -2.6726831155E+00 -1.4368819477E+00
-7.9214569949E-01 -4.3860178708E-01 -2.5414166946E-01 -1.6036859432E-01 -1.0710525650E-01
-7.3309617267E-02 -5.1744798037E-02 -3.8505040994E-02 -2.9378425976E-02 -2.2017563279E-02
-1.5960747211E-02 -7.7729652458E-03 -3.6093822963E-03 -1.8202024707E-03 -1.6007299533E-03
-9.7860507535E-04 -9.7173571857E-05 6.3103443697E-05 9.3508892259E-06 7.6390457397E-05
2.5856058759E-05 -1.6520694044E-04 8.2720108620E-05 0.0000000000E+00 0.0000000000E+00
0.0000000000E+00 0.0000000000E+00 0.0000000000E+00 0.0000000000E+00 0.0000000000E+00
0.0000000000E+00 0.0000000000E+00 0.0000000000E+00 0.0000000000E+00 0.0000000000E+00
0.0000000000E+00 0.0000000000E+00 0.0000000000E+00 0.0000000000E+00 0.0000000000E+00
0.0000000000E+00 0.0000000000E+00 0.0000000000E+00 0.0000000000E+00 0.0000000000E+00
0.0000000000E+00 0.0000000000E+00 0.0000000000E+00 0.0000000000E+00 0.0000000000E+00
0.0000000000E+00 0.0000000000E+00 0.0000000000E+00 0.0000000000E+00 0.0000000000E+00
0.0000000000E+00 0.0000000000E+00 0.0000000000E+00 0.0000000000E+00 0.0000000000E+00
0.0000000000E+00 0.0000000000E+00 0.0000000000E+00
4 0 0 4
1.7024968685E+04 9.1125863886E+03 5.1274313259E+03 3.0197665668E+03 1.8466529753E+03
1.1582587936E+03 7.3661640424E+02 4.7074748349E+02 3.0035403965E+02 1.9040286754E+02
1.1939683772E+02 7.3710314897E+01 4.4561500468E+01 2.6217527613E+01 1.4878501042E+01
8.0209300232E+00 3.9832692393E+00 1.6850674487E+00 4.3623942720E-01 -1.9536900813E-01
-4.7511859146E-01 -5.5409508999E-01 -4.3662443626E-01 -3.0912073281E-01 -2.1248530848E-01
-1.0017154692E-01 -4.8931403852E-02 -2.4511994581E-02 -1.2780399891E-02 -6.7006618352E-03
-3.8285882261E-03 -1.4620376695E-03 -3.3625987897E-04 0.0000000000E+00 0.0000000000E+00
0.0000000000E+00 0.0000000000E+00 0.0000000000E+00 0.0000000000E+00 0.0000000000E+00
0.0000000000E+00 0.0000000000E+00 0.0000000000E+00 0.0000000000E+00 0.0000000000E+00
0.0000000000E+00 0.0000000000E+00 0.0000000000E+00 0.0000000000E+00 0.0000000000E+00
0.0000000000E+00 0.0000000000E+00 0.0000000000E+00 0.0000000000E+00 0.0000000000E+00
0.0000000000E+00 0.0000000000E+00 0.0000000000E+00 0.0000000000E+00 0.0000000000E+00
0.0000000000E+00 0.0000000000E+00 0.0000000000E+00 0.0000000000E+00 0.0000000000E+00
0.0000000000E+00 0.0000000000E+00 0.0000000000E+00 0.0000000000E+00 0.0000000000E+00
0.0000000000E+00 0.0000000000E+00 0.0000000000E+00
4 0 2 2
1.0386201574E+03 5.9980636557E+02 2.8927789474E+02 1.2543941429E+02 5.1291765427E+01
2.1232978093E+01 1.0109749388E+01 6.1385508525E+00 4.4526616607E+00 3.3707169726E+00
2.5445355337E+00 1.9713503559E+00 1.5762308224E+00 1.2437063800E+00 9.2738415185E-01
6.4713684119E-01 4.2671388119E-01 2.6844229134E-01 1.5980736769E-01 8.6829837810E-02
3.8454922412E-02 -1.0041303443E-02 -2.0660363331E-02 -1.8747893685E-02 -1.3770406911E-02
-6.3236452059E-03 -2.5837729262E-03 -1.1664749161E-03 -3.2313314938E-04 -2.0381118517E-04
-3.7025499778E-05 1.8472584580E-04 -4.3761993656E-04 0.0000000000E+00 0.0000000000E+00
0.0000000000E+00 0.0000000000E+00 0.0000000000E+00 0.0000000000E+00 0.0000000000E+00
0.0000000000E+00 0.0000000000E+00 0.0000000000E+00 0.0000000000E+00 0.0000000000E+00
0.0000000000E+00 0.0000000000E+00 0.0000000000E+00 0.0000000000E+00 0.0000000000E+00
0.0000000000E+00 0.0000000000E+00 0.0000000000E+00 0.0000000000E+00 0.0000000000E+00
0.0000000000E+00 0.0000000000E+00 0.0000000000E+00 0.0000000000E+00 0.0000000000E+00
0.0000000000E+00 0.0000000000E+00 0.0000000000E+00 0.0000000000E+00 0.0000000000E+00
0.0000000000E+00 0.0000000000E+00 0.0000000000E+00 0.0000000000E+00 0.0000000000E+00
0.0000000000E+00 0.0000000000E+00 0.0000000000E+00
4 0 2 4
-2.5546126878E+03 -1.4727076704E+03 -6.3979508016E+02 -2.6846423175E+02 -1.1476483335E+02
-5.3621683626E+01 -2.9154304917E+01 -1.8434523235E+01 -1.2675277925E+01 -8.8872651834E+00
-6.2236899910E+00 -4.3704147819E+00 -3.0795335314E+00 -2.1248959353E+00 -1.4007261509E+00
-8.7163042152E-01 -5.0852182487E-01 -2.7105332295E-01 -1.2097751366E-01 -2.8771141538E-02
2.4572677468E-02 6.1767676408E-02 5.3917080287E-02 3.6679929025E-02 2.2648329714E-02
8.1975634253E-03 2.6876233753E-03 5.5051731568E-04 1.8080122547E-04 1.4806912706E-04
-9.7220024945E-05 -3.1009241204E-04 5.2883500703E-05 0.0000000000E+00 0.0000000000E+00
0.0000000000E+00 0.0000000000E+00 0.0000000000E+00 0.0000000000E+00 0.0000000000E+00
0.0000000000E+00 0.0000000000E+00 0.0000000000E+00 0.0000000000E+00 0.0000000000E+00
0.0000000000E+00 0.0000000000E+00 0.0000000000E+00 0.0000000000E+00 0.0000000000E+00
0.0000000000E+00 0.0000000000E+00 0.0000000000E+00 0.0000000000E+00 0.0000000000E+00
0.0000000000E+00 0.0000000000E+00 0.0000000000E+00 0.0000000000E+00 0.0000000000E+00
0.0000000000E+00 0.0000000000E+00 0.0000000000E+00 0.0000000000E+00 0.0000000000E+00
0.0000000000E+00 0.0000000000E+00 0.0000000000E+00 0.0000000000E+00 0.0000000000E+00
0.0000000000E+00 0.0000000000E+00 0.0000000000E+00
4 0 2 6
2.2584956509E+04 1.1677326955E+04 5.7828544781E+03 3.0357653099E+03 1.6980941022E+03
1.0081762682E+03 6.2908391501E+02 4.0775225707E+02 2.7170689860E+02 1.8483932846E+02
1.2801307469E+02 9.0216942076E+01 6.4636762163E+01 4.6965548147E+01 3.4550017967E+01
2.5734565686E+01 1.9424383779E+01 1.4863187667E+01 1.1522799294E+01 9.0439425351E+00
7.1792050863E+00 4.6661046769E+00 3.1430224347E+00 2.1758574719E+00 1.5367698900E+00
8.0565070945E-01 4.4613174079E-01 2.5737358853E-01 1.5408101730E-01 9.5564859187E-02
6.1398022185E-02 2.7072609499E-02 1.2904735950E-02 9.1340663643E-03 6.5995927848E-03
4.8292889764E-03 3.5802977645E-03 2.6868734753E-03 2.0392184635E-03 1.5638722013E-03
1.2109634493E-03 9.4614744433E-04 7.4545300573E-04 4.7349294508E-04 3.0914353887E-04
2.0682020453E-04 1.4140557997E-04 9.8585255653E-05 6.9952329791E-05 5.0434259482E-05
3.6894850462E-05 2.7351721142E-05 2.0526288159E-05 1.0500841494E-05 5.6948608198E-06
3.2435836483E-06 1.9261598888E-06 1.1857184266E-06 7.5313843460E-07 4.9172407604E-07
3.2896846026E-07 2.2491988160E-07 1.5680982344E-07 8.0220792372E-08 4.3505679776E-08
2.4779237982E-08 1.4714827627E-08 9.0582523091E-09 5.7535733708E-09 3.7565079934E-09
2.5131424527E-09 1.7182671629E-09 1.1979428787E-09
4 0 4 8
6.4665590770E+03 4.0652066461E+03 1.7660463318E+03 7.9542472402E+02 3.7467490743E+02
1.8593566299E+02 9.7695001574E+01 5.4526215956E+01 3.2276076834E+01 2.0032787691E+01
1.2758419972E+01 8.1990935670E+00 5.3498355217E+00 3.5945307811E+00 2.4905557191E+00
1.7583529759E+00 1.2546402172E+00 9.0366418812E-01 6.5752354314E-01 4.8346170868E-01
3.5768259140E-01 1.9994811846E-01 1.1820132704E-01 7.2815526809E-02 4.7560921393E-02
2.1791283646E-02 1.0777123184E-02 5.6952833480E-03 2.9465202028E-03 1.8266470114E-03
1.2086976268E-03 -9.6174168708E-05 1.4693917589E-04 0.0000000000E+00 0.0000000000E+00
0.0000000000E+00 0.0000000000E+00 0.0000000000E+00 0.0000000000E+00 0.0000000000E+00
0.0000000000E+00 0.0000000000E+00 0.0000000000E+00 0.0000000000E+00 0.0000000000E+00
0.0000000000E+00 0.0000000000E+00 0.0000000000E+00 0.0000000000E+00 0.0000000000E+00
0.0000000000E+00 0.0000000000E+00 0.0000000000E+00 0.0000000000E+00 0.0000000000E+00
0.0000000000E+00 0.0000000000E+00 0.0000000000E+00 0.0000000000E+00 0.0000000000E+00
0.0000000000E+00 0.0000000000E+00 0.0000000000E+00 0.0000000000E+00 0.0000000000E+00
0.0000000000E+00 0.0000000000E+00 0.0000000000E+00 0.0000000000E+00 0.0000000000E+00
0.0000000000E+00 0.0000000000E+00 0.0000000000E+00
5 3 0 5
1.1388184172E+04 5.7612743760E+03 3.0079320264E+03 1.6527614250E+03 9.5326833604E+02
5.7133806490E+02 3.5162732270E+02 2.1990662773E+02 1.3859671531E+02 8.7442547212E+01
5.4891497544E+01 3.4079429166E+01 2.0813628956E+01 1.2442479114E+01 7.2425088205E+00
4.0757408479E+00 2.1913022637E+00 1.0986543210E+00 4.8392840511E-01 1.5105652939E-01
-1.8767411298E-02 -1.2413841688E-01 -1.1569128674E-01 -8.7118143431E-02 -6.1161575457E-02
-3.0057338771E-02 -1.5245004204E-02 -7.6932268140E-03 -3.7820246107E-03 -1.8905026889E-03
-9.0973888336E-04 -2.1651834543E-04 -2.5300186986E-04 0.0000000000E+00 0.0000000000E+00
0.0000000000E+00 0.0000000000E+00 0.0000000000E+00 0.0000000000E+00 0.0000000000E+00
0.0000000000E+00 0.0000000000E+00 0.0000000000E+00 0.0000000000E+00 0.0000000000E+00
0.0000000000E+00 0.0000000000E+00 0.0000000000E+00 0.0000000000E+00 0.0000000000E+00
0.0000000000E+00 0.0000000000E+00 0.0000000000E+00 0.0000000000E+00 0.0000000000E+00
0.0000000000E+00 0.0000000000E+00 0.0000000000E+00 0.0000000000E+00 0.0000000000E+00
0.0000000000E+00 0.0000000000E+00 0.0000000000E+00 0.0000000000E+00 0.0000000000E+00
0.0000000000E+00 0.0000000000E+00 0.0000000000E+00 0.0000000000E+00 0.0000000000E+00
0.0000000000E+00 0.0000000000E+00 0.0000000000E+00
5 3 2 3
6.6382072619E+02 4.1705324635E+02 2.0671005366E+02 9.3960705421E+01 4.0205710353E+01
1.6702282909E+01 6.9729920662E+00 3.0232868395E+00 1.3763719064E+00 6.7699318113E-01
4.2137414182E-01 3.7440879244E-01 3.9631352104E-01 3.9210322502E-01 3.3953368277E-01
2.6124933081E-01 1.8597531018E-01 1.2808866944E-01 8.8206813427E-02 6.1442519367E-02
4.3414570216E-02 2.0007211352E-02 6.3609350234E-03 6.9721836558E-04 -7.1009535005E-04
-1.2409659512E-03 -6.7556621310E-04 -1.0059510529E-05 3.7692756684E-05 -3.0323963501E-06
2.6817990769E-06 -5.5140655229E-05 -1.3612881566E-04 0.0000000000E+00 0.0000000000E+00
0.0000000000E+00 0.0000000000E+00 0.0000000000E+00 0.0000000000E+00 0.0000000000E+00
0.0000000000E+00 0.0000000000E+00 0.0000000000E+00 0.0000000000E+00 0.0000000000E+00
0.0000000000E+00 0.0000000000E+00 0.0000000000E+00 0.0000000000E+00 0.0000000000E+00
0.0000000000E+00 0.0000000000E+00 0.0000000000E+00 0.0000000000E+00 0.0000000000E+00
0.0000000000E+00 0.0000000000E+00 0.0000000000E+00 0.0000000000E+00 0.0000000000E+00
0.0000000000E+00 0.0000000000E+00 0.0000000000E+00 0.0000000000E+00 0.0000000000E+00
0.0000000000E+00 0.0000000000E+00 0.0000000000E+00 0.0000000000E+00 0.0000000000E+00
0.0000000000E+00 0.0000000000E+00 0.0000000000E+00
5 3 2 5
-1.9382489023E+03 -1.2205756433E+03 -5.2603205082E+02 -2.1922924287E+02 -9.0958560349E+01
-3.8994198032E+01 -1.8026974809E+01 -9.2922745814E+00 -5.3596111706E+00 -3.4247873489E+00
-2.4066805682E+00 -1.8027767631E+00 -1.3621116933E+00 -9.8553125117E-01 -6.6495087268E-01
-4.1789107896E-01 -2.4672107324E-01 -1.3816412632E-01 -7.2834106404E-02 -3.4113548309E-02
-1.1251060215E-02 9.2774382570E-03 1.3062599620E-02 1.0214382756E-02 6.4566974781E-03
2.8002992265E-03 1.0515534059E-03 3.5049677684E-04 3.5031283127E-05 5.2341093973E-05
-1.3801303291E-04 6.9600234828E-06 2.3179706350E-04 0.0000000000E+00 0.0000000000E+00
0.0000000000E+00 0.0000000000E+00 0.0000000000E+00 0.0000000000E+00 0.0000000000E+00
0.0000000000E+00 0.0000000000E+00 0.0000000000E+00 0.0000000000E+00 0.0000000000E+00
0.0000000000E+00 0.0000000000E+00 0.0000000000E+00 0.0000000000E+00 0.0000000000E+00
0.0000000000E+00 0.0000000000E+00 0.0000000000E+00 0.0000000000E+00 0.0000000000E+00
0.0000000000E+00 0.0000000000E+00 0.0000000000E+00 0.0000000000E+00 0.0000000000E+00
0.0000000000E+00 0.0000000000E+00 0.0000000000E+00 0.0000000000E+00 0.0000000000E+00
0.0000000000E+00 0.0000000000E+00 0.0000000000E+00 0.0000000000E+00 0.0000000000E+00
0.0000000000E+00 0.0000000000E+00 0.0000000000E+00
5 3 2 7
2.4197845869E+04 1.2002625274E+04 5.6027677941E+03 2.7510734767E+03 1.4313959281E+03
7.8950719462E+02 4.5907638305E+02 2.7899296113E+02 1.7568904763E+02 1.1391671880E+02
7.5763491975E+01 5.1526032960E+01 3.5707515046E+01 2.5106825280E+01 1.7858852582E+01
1.2845415311E+01 9.3528704092E+00 6.9008117738E+00 5.1605452814E+00 3.9081407855E+00
2.9949632875E+00 1.8159311575E+00 1.1435662615E+00 7.4379950713E-01 4.9612205767E-01
2.3438901325E-01 1.1888019768E-01 6.3272131076E-02 3.5104458486E-02 2.0421174697E-02
1.2267103384E-02 5.0251699217E-03 2.2060669159E-03 1.5030664349E-03 1.0472392667E-03
7.4016499145E-04 5.3079045832E-04 3.8583302784E-04 2.8399292053E-04 2.1146520594E-04
1.5915796448E-04 1.2098984696E-04 9.2833955680E-05 5.6066158398E-05 3.4912120831E-05
2.2336439703E-05 1.4640009928E-05 9.8057740168E-06 6.6975590567E-06 4.6564482613E-06
3.2901178551E-06 2.3593315447E-06 1.7149954057E-06 8.1439643229E-07 4.1263879351E-07
2.2077599066E-07 1.2372932864E-07 7.2169074454E-08 4.3585805754E-08 2.7140666678E-08
1.7364337952E-08 1.1381136985E-08 7.6230042110E-09 3.6199207368E-09 1.8341432578E-09
9.8132992126E-10 5.4996601747E-10 3.2078520831E-10 1.9373508506E-10 1.2063788374E-10
7.7182959727E-11 5.0588156023E-11 3.3883585348E-11
5 3 4 9
8.4287484422E+03 4.8513007131E+03 2.0217792384E+03 8.7173870413E+02 3.9191907141E+02
1.8513953689E+02 9.2475023182E+01 4.8964750602E+01 2.7372060056E+01 1.5962802550E+01
9.5787478457E+00 5.8663476709E+00 3.6863685510E+00 2.3988938864E+00 1.6159174651E+00
1.1134227753E+00 7.7535043104E-01 5.4370815021E-01 3.8287140970E-01 2.7057885929E-01
1.9266675388E-01 1.0012571551E-01 5.6547669585E-02 3.4698218018E-02 2.2858274969E-02
9.8503850176E-03 4.3012864547E-03 1.7557234529E-03 1.1561701229E-03 5.5117352092E-04
1.9432640927E-04 1.1056405096E-04 -1.2522335980E-04 0.0000000000E+00 0.0000000000E+00
0.0000000000E+00 0.0000000000E+00 0.0000000000E+00 0.0000000000E+00 0.0000000000E+00
0.0000000000E+00 0.0000000000E+00 0.0000000000E+00 0.0000000000E+00 0.0000000000E+00
0.0000000000E+00 0.0000000000E+00 0.0000000000E+00 0.0000000000E+00 0.0000000000E+00
0.0000000000E+00 0.0000000000E+00 0.0000000000E+00 0.0000000000E+00 0.0000000000E+00
0.0000000000E+00 0.0000000000E+00 0.0000000000E+00 0.0000000000E+00 0.0000000000E+00
0.0000000000E+00 0.0000000000E+00 0.0000000000E+00 0.0000000000E+00 0.0000000000E+00
0.0000000000E+00 0.0000000000E+00 0.0000000000E+00 0.0000000000E+00 0.0000000000E+00
0.0000000000E+00 0.0000000000E+00 0.0000000000E+00
6 0 0 6
-8.1505015885E+03 -3.5477147992E+03 -1.6754249802E+03 -8.3373878716E+02 -4.3870270500E+02
-2.4286185952E+02 -1.4005634728E+02 -8.3190146572E+01 -5.0299911528E+01 -3.0654692889E+01
-1.8697113383E+01 -1.1353451843E+01 -6.8453384319E+00 -4.0918616029E+00 -2.4165033883E+00
-1.4018904941E+00 -7.9432701270E-01 -4.3563010956E-01 -2.2799355051E-01 -1.0945055765E-01
-4.3760923131E-02 7.5848924738E-03 1.4993910856E-02 1.2225618747E-02 8.3513778392E-03
5.2389613960E-03 3.4099571940E-03 2.0046275719E-03 9.0569628937E-04 3.7928275221E-04
2.5777805072E-04 -8.2040845611E-05 3.7459036109E-04 0.0000000000E+00 0.0000000000E+00
0.0000000000E+00 0.0000000000E+00 0.0000000000E+00 0.0000000000E+00 0.0000000000E+00
0.0000000000E+00 0.0000000000E+00 0.0000000000E+00 0.0000000000E+00 0.0000000000E+00
0.0000000000E+00 0.0000000000E+00 0.0000000000E+00 0.0000000000E+00 0.0000000000E+00
0.0000000000E+00 0.0000000000E+00 0.0000000000E+00 0.0000000000E+00 0.0000000000E+00
0.0000000000E+00 0.0000000000E+00 0.0000000000E+00 0.0000000000E+00 0.0000000000E+00
0.0000000000E+00 0.0000000000E+00 0.0000000000E+00 0.0000000000E+00 0.0000000000E+00
0.0000000000E+00 0.0000000000E+00 0.0000000000E+00 0.0000000000E+00 0.0000000000E+00
0.0000000000E+00 0.0000000000E+00 0.0000000000E+00
6 0 2 8
-1.7703318360E+04 -8.7282216849E+03 -3.8869666024E+03 -1.8096520013E+03 -8.8794905714E+02
-4.6075664945E+02 -2.5242384825E+02 -1.4525956958E+02 -8.7212124783E+01 -5.4263015494E+01
-3.4739722557E+01 -2.2726735854E+01 -1.5104621217E+01 -1.0187023384E+01 -6.9697545667E+00
-4.8387193013E+00 -3.4088757767E+00 -2.4375986489E+00 -1.7699799593E+00 -1.3032281902E+00
-9.7121060092E-01 -5.5416697794E-01 -3.2475611294E-01 -1.9692634267E-01 -1.2412112862E-01
-5.3570026568E-02 -2.5475983230E-02 -1.2797456628E-02 -6.3198024122E-03 -3.9726471904E-03
-2.2314018571E-03 -3.4128467489E-04 9.3923394672E-05 0.0000000000E+00 0.0000000000E+00
0.0000000000E+00 0.0000000000E+00 0.0000000000E+00 0.0000000000E+00 0.0000000000E+00
0.0000000000E+00 0.0000000000E+00 0.0000000000E+00 0.0000000000E+00 0.0000000000E+00
0.0000000000E+00 0.0000000000E+00 0.0000000000E+00 0.0000000000E+00 0.0000000000E+00
0.0000000000E+00 0.0000000000E+00 0.0000000000E+00 0.0000000000E+00 0.0000000000E+00
0.0000000000E+00 0.0000000000E+00 0.0000000000E+00 0.0000000000E+00 0.0000000000E+00
0.0000000000E+00 0.0000000000E+00 0.0000000000E+00 0.0000000000E+00 0.0000000000E+00
0.0000000000E+00 0.0000000000E+00 0.0000000000E+00 0.0000000000E+00 0.0000000000E+00
0.0000000000E+00 0.0000000000E+00 0.0000000000E+00
6 0 4 10
-7.5481718495E+03 -4.3777042044E+03 -1.6983870409E+03 -6.8988927222E+02 -2.9421421596E+02
-1.3227602527E+02 -6.2846995220E+01 -3.1574263063E+01 -1.6674448172E+01 -9.1873846868E+00
-5.2900480377E+00 -3.1877499042E+00 -2.0008138160E+00 -1.2985874997E+00 -8.5783260353E-01
-5.6764635186E-01 -3.7378070783E-01 -2.4544964029E-01 -1.5994886524E-01 -1.0303423151E-01
-6.7154949654E-02 -3.0570355782E-02 -1.7966657743E-02 -1.2362262404E-02 -9.2240393638E-03
-4.5165952144E-03 -1.6316757058E-03 -3.6430942728E-04 -3.8252945947E-04 -7.7995159079E-04
-2.7066254074E-04 2.3596885181E-04 -2.7288471857E-05 0.0000000000E+00 0.0000000000E+00
0.0000000000E+00 0.0000000000E+00 0.0000000000E+00 0.0000000000E+00 0.0000000000E+00
0.0000000000E+00 0.0000000000E+00 0.0000000000E+00 0.0000000000E+00 0.0000000000E+00
0.0000000000E+00 0.0000000000E+00 0.0000000000E+00 0.0000000000E+00 0.0000000000E+00
0.0000000000E+00 0.0000000000E+00 0.0000000000E+00 0.0000000000E+00 0.0000000000E+00
0.0000000000E+00 0.0000000000E+00 0.0000000000E+00 0.0000000000E+00 0.0000000000E+00
0.0000000000E+00 0.0000000000E+00 0.0000000000E+00 0.0000000000E+00 0.0000000000E+00
0.0000000000E+00 0.0000000000E+00 0.0000000000E+00 0.0000000000E+00 0.0000000000E+00
0.0000000000E+00 0.0000000000E+00 0.0000000000E+00
6 6 0 6
9.8581169393E+03 4.8717660893E+03 2.3519485190E+03 1.1943183288E+03 6.4116816573E+02
3.6199108078E+02 2.1267284455E+02 1.2846424396E+02 7.8963794071E+01 4.9025606692E+01
3.0577401490E+01 1.9058156936E+01 1.1800704095E+01 7.2073655986E+00 4.3083050237E+00
2.5013993053E+00 1.3981905005E+00 7.4219662992E-01 3.6331920857E-01 1.5206517282E-01
3.9439101189E-02 -3.9082765385E-02 -4.2381357262E-02 -3.1446542215E-02 -2.1867892004E-02
-9.8790306681E-03 -4.3346638153E-03 -2.1516602969E-03 -9.8286759177E-04 -3.7658740141E-04
-2.4583039791E-04 -1.0736319539E-04 2.2575562141E-04 0.0000000000E+00 0.0000000000E+00
0.0000000000E+00 0.0000000000E+00 0.0000000000E+00 0.0000000000E+00 0.0000000000E+00
0.0000000000E+00 0.0000000000E+00 0.0000000000E+00 0.0000000000E+00 0.0000000000E+00
0.0000000000E+00 0.0000000000E+00 0.0000000000E+00 0.0000000000E+00 0.0000000000E+00
0.0000000000E+00 0.0000000000E+00 0.0000000000E+00 0.0000000000E+00 0.0000000000E+00
0.0000000000E+00 0.0000000000E+00 0.0000000000E+00 0.0000000000E+00 0.0000000000E+00
0.0000000000E+00 0.0000000000E+00 0.0000000000E+00 0.0000000000E+00 0.0000000000E+00
0.0000000000E+00 0.0000000000E+00 0.0000000000E+00 0.0000000000E+00 0.0000000000E+00
0.0000000000E+00 0.0000000000E+00 0.0000000000E+00
6 6 2 6
-1.8689996593E+03 -1.3836955902E+03 -5.7780923941E+02 -2.3515006627E+02 -9.4093588296E+01
-3.7595406803E+01 -1.5411032425E+01 -6.7460122232E+00 -3.3270203755E+00 -1.9008714086E+00
-1.2108848269E+00 -8.0775270201E-01 -5.5551500251E-01 -4.0527553856E-01 -3.0951335687E-01
-2.3484477112E-01 -1.7041177315E-01 -1.1992497125E-01 -8.4294718625E-02 -6.0239043465E-02
-4.3029459288E-02 -1.9090315506E-02 -4.3212974967E-03 5.4758721555E-04 8.2676649425E-04
8.0179985859E-05 -1.2599044231E-04 -4.4021992372E-05 6.3316890796E-05 -3.2546633952E-05
1.0181573715E-04 1.0308619029E-04 1.9403666433E-04 0.0000000000E+00 0.0000000000E+00
0.0000000000E+00 0.0000000000E+00 0.0000000000E+00 0.0000000000E+00 0.0000000000E+00
0.0000000000E+00 0.0000000000E+00 0.0000000000E+00 0.0000000000E+00 0.0000000000E+00
0.0000000000E+00 0.0000000000E+00 0.0000000000E+00 0.0000000000E+00 0.0000000000E+00
0.0000000000E+00 0.0000000000E+00 0.0000000000E+00 0.0000000000E+00 0.0000000000E+00
0.0000000000E+00 0.0000000000E+00 0.0000000000E+00 0.0000000000E+00 0.0000000000E+00
0.0000000000E+00 0.0000000000E+00 0.0000000000E+00 0.0000000000E+00 0.0000000000E+00
0.0000000000E+00 0.0000000000E+00 0.0000000000E+00 0.0000000000E+00 0.0000000000E+00
0.0000000000E+00 0.0000000000E+00 0.0000000000E+00
6 6 2 8
3.0673357499E+04 1.4367435881E+04 6.2587786379E+03 2.8587732193E+03 1.3811063131E+03
7.0811134317E+02 3.8446094078E+02 2.1972793324E+02 1.3109526297E+02 8.0956640661E+01
5.1384200764E+01 3.3378461188E+01 2.2162258389E+01 1.5021032661E+01 1.0356000489E+01
7.2317814193E+00 5.1061190792E+00 3.6480635992E+00 2.6415766292E+00 1.9385081507E+00
1.4394343619E+00 8.1499113982E-01 4.7642679680E-01 2.9014985319E-01 1.8344441851E-01
7.8845254772E-02 3.6583817803E-02 1.8227470625E-02 9.1059130703E-03 5.2107408698E-03
2.6022314116E-03 1.1503046452E-03 1.8239363173E-04 0.0000000000E+00 0.0000000000E+00
0.0000000000E+00 0.0000000000E+00 0.0000000000E+00 0.0000000000E+00 0.0000000000E+00
0.0000000000E+00 0.0000000000E+00 0.0000000000E+00 0.0000000000E+00 0.0000000000E+00
0.0000000000E+00 0.0000000000E+00 0.0000000000E+00 0.0000000000E+00 0.0000000000E+00
0.0000000000E+00 0.0000000000E+00 0.0000000000E+00 0.0000000000E+00 0.0000000000E+00
0.0000000000E+00 0.0000000000E+00 0.0000000000E+00 0.0000000000E+00 0.0000000000E+00
0.0000000000E+00 0.0000000000E+00 0.0000000000E+00 0.0000000000E+00 0.0000000000E+00
0.0000000000E+00 0.0000000000E+00 0.0000000000E+00 0.0000000000E+00 0.0000000000E+00
0.0000000000E+00 0.0000000000E+00 0.0000000000E+00
6 6 4 10
1.2698172698E+04 6.8940886359E+03 2.7259660211E+03 1.1138000002E+03 4.7383568636E+02
2.1117667114E+02 9.9019381270E+01 4.8934958780E+01 2.5513290015E+01 1.4043145039E+01
8.1315673033E+00 4.8730831270E+00 2.9633786251E+00 1.8140056864E+00 1.1240442733E+00
7.1258709710E-01 4.6150858374E-01 3.0291295762E-01 2.0184137216E-01 1.3648552614E-01
9.4687411274E-02 4.9318187541E-02 2.7196645244E-02 1.6260413492E-02 1.0337212744E-02
4.8514012585E-03 2.3746664803E-03 5.3779768539E-04 5.4958361869E-04 2.6334143625E-04
-1.8581519120E-04 -2.4440983219E-04 1.1104067576E-04 0.0000000000E+00 0.0000000000E+00
0.0000000000E+00 0.0000000000E+00 0.0000000000E+00 0.0000000000E+00 0.0000000000E+00
0.0000000000E+00 0.0000000000E+00 0.0000000000E+00 0.0000000000E+00 0.0000000000E+00
0.0000000000E+00 0.0000000000E+00 0.0000000000E+00 0.0000000000E+00 0.0000000000E+00
0.0000000000E+00 0.0000000000E+00 0.0000000000E+00 0.0000000000E+00 0.0000000000E+00
0.0000000000E+00 0.0000000000E+00 0.0000000000E+00 0.0000000000E+00 0.0000000000E+00
0.0000000000E+00 0.0000000000E+00 0.0000000000E+00 0.0000000000E+00 0.0000000000E+00
0.0000000000E+00 0.0000000000E+00 0.0000000000E+00 0.0000000000E+00 0.0000000000E+00
0.0000000000E+00 0.0000000000E+00 0.0000000000E+00
6 6 6 12
-4.2601338792E+01 1.2106287147E+03 4.5188384904E+02 1.7403401670E+02 6.9492302322E+01
2.9135413054E+01 1.2874350651E+01 6.0289058004E+00 2.9513764325E+00 1.4622132785E+00
7.2531944871E-01 3.7028518965E-01 1.9853488009E-01 1.1189329296E-01 6.1460894652E-02
3.2905861475E-02 1.7498739670E-02 9.2364900762E-03 5.1529074940E-03 1.9915798132E-03
2.5291811993E-04 -1.9516713695E-03 -1.9422107610E-03 -1.5156939737E-03 -1.6173855539E-03
-1.3880461812E-04 -2.4634352765E-04 4.0113410670E-04 1.5797311861E-04 -2.8628348928E-04
-1.9659133147E-04 6.6400585841E-05 -8.6963671949E-05 0.0000000000E+00 0.0000000000E+00
0.0000000000E+00 0.0000000000E+00 0.0000000000E+00 0.0000000000E+00 0.0000000000E+00
0.0000000000E+00 0.0000000000E+00 0.0000000000E+00 0.0000000000E+00 0.0000000000E+00
0.0000000000E+00 0.0000000000E+00 0.0000000000E+00 0.0000000000E+00 0.0000000000E+00
0.0000000000E+00 0.0000000000E+00 0.0000000000E+00 0.0000000000E+00 0.0000000000E+00
0.0000000000E+00 0.0000000000E+00 0.0000000000E+00 0.0000000000E+00 0.0000000000E+00
0.0000000000E+00 0.0000000000E+00 0.0000000000E+00 0.0000000000E+00 0.0000000000E+00
0.0000000000E+00 0.0000000000E+00 0.0000000000E+00 0.0000000000E+00 0.0000000000E+00
0.0000000000E+00 0.0000000000E+00 0.0000000000E+00
7 3 0 7
-5.4276319472E+03 -2.3461356771E+03 -1.0348652570E+03 -4.7610509139E+02 -2.3064348280E+02
-1.1792997141E+02 -6.3360936031E+01 -3.5457834381E+01 -2.0403169199E+01 -1.1924315134E+01
-7.0307162821E+00 -4.1771078759E+00 -2.5000994589E+00 -1.5043888644E+00 -8.9963856833E-01
-5.2549797439E-01 -2.9471329523E-01 -1.5498632181E-01 -7.2486180673E-02 -2.5488438188E-02
-2.0668516476E-04 1.6671503059E-02 1.3192735178E-02 7.9907995613E-03 3.8847700384E-03
1.3527299574E-03 5.8632925419E-04 4.1455180694E-04 2.1412992937E-04 4.7202969522E-05
-3.8924229018E-05 -9.0036951652E-05 -3.4858292791E-04 0.0000000000E+00 0.0000000000E+00
0.0000000000E+00 0.0000000000E+00 0.0000000000E+00 0.0000000000E+00 0.0000000000E+00
0.0000000000E+00 0.0000000000E+00 0.0000000000E+00 0.0000000000E+00 0.0000000000E+00
0.0000000000E+00 0.0000000000E+00 0.0000000000E+00 0.0000000000E+00 0.0000000000E+00
0.0000000000E+00 0.0000000000E+00 0.0000000000E+00 0.0000000000E+00 0.0000000000E+00
0.0000000000E+00 0.0000000000E+00 0.0000000000E+00 0.0000000000E+00 0.0000000000E+00
0.0000000000E+00 0.0000000000E+00 0.0000000000E+00 0.0000000000E+00 0.0000000000E+00
0.0000000000E+00 0.0000000000E+00 0.0000000000E+00 0.0000000000E+00 0.0000000000E+00
0.0000000000E+00 0.0000000000E+00 0.0000000000E+00
7 3 2 9
-1.6100306508E+04 -7.6508003653E+03 -3.1849024795E+03 -1.3847438461E+03 -6.3344160597E+02
-3.0614201007E+02 -1.5636031964E+02 -8.4189801356E+01 -4.7611765741E+01 -2.8128285790E+01
-1.7191881240E+01 -1.0740246446E+01 -6.8123849858E+00 -4.4083876626E+00 -2.9219936776E+00
-1.9797686314E+00 -1.3627252995E+00 -9.5019197980E-01 -6.7243809813E-01 -4.8352610620E-01
-3.5155196542E-01 -1.8818824948E-01 -9.9705565022E-02 -5.3165584774E-02 -3.0445965396E-02
-1.1868509304E-02 -5.0847734705E-03 -2.6622192811E-03 -1.1630084221E-03 -9.7222008753E-04
-4.4831383841E-04 -1.3045625518E-04 -3.2551099110E-05 0.0000000000E+00 0.0000000000E+00
0.0000000000E+00 0.0000000000E+00 0.0000000000E+00 0.0000000000E+00 0.0000000000E+00
0.0000000000E+00 0.0000000000E+00 0.0000000000E+00 0.0000000000E+00 0.0000000000E+00
0.0000000000E+00 0.0000000000E+00 0.0000000000E+00 0.0000000000E+00 0.0000000000E+00
0.0000000000E+00 0.0000000000E+00 0.0000000000E+00 0.0000000000E+00 0.0000000000E+00
0.0000000000E+00 0.0000000000E+00 0.0000000000E+00 0.0000000000E+00 0.0000000000E+00
0.0000000000E+00 0.0000000000E+00 0.0000000000E+00 0.0000000000E+00 0.0000000000E+00
0.0000000000E+00 0.0000000000E+00 0.0000000000E+00 0.0000000000E+00 0.0000000000E+00
0.0000000000E+00 0.0000000000E+00 0.0000000000E+00
7 3 4 11
-7.8263459164E+03 -4.2133706063E+03 -1.5608230601E+03 -6.0475115633E+02 -2.4566512760E+02
-1.0503871814E+02 -4.7327568838E+01 -2.2407934608E+01 -1.1058544032E+01 -5.6887501309E+00
-3.1081367104E+00 -1.8287587896E+00 -1.1251408208E+00 -6.9955192414E-01 -4.3331145479E-01
-2.6871461374E-01 -1.6873541108E-01 -1.0715706454E-01 -6.7607699283E-02 -4.2165808612E-02
-2.6840795269E-02 -1.3206406685E-02 -6.5509069626E-03 -3.8853894005E-03 -2.7092651795E-03
-1.6033720001E-03 -5.1649606673E-04 -2.8702554219E-04 -5.9697507514E-04 -1.4904153619E-04
1.3398155504E-04 1.0046085302E-04 4.1920300663E-05 0.0000000000E+00 0.0000000000E+00
0.0000000000E+00 0.0000000000E+00 0.0000000000E+00 0.0000000000E+00 0.0000000000E+00
0.0000000000E+00 0.0000000000E+00 0.0000000000E+00 0.0000000000E+00 0.0000000000E+00
0.0000000000E+00 0.0000000000E+00 0.0000000000E+00 0.0000000000E+00 0.0000000000E+00
0.0000000000E+00 0.0000000000E+00 0.0000000000E+00 0.0000000000E+00 0.0000000000E+00
0.0000000000E+00 0.0000000000E+00 0.0000000000E+00 0.0000000000E+00 0.0000000000E+00
0.0000000000E+00 0.0000000000E+00 0.0000000000E+00 0.0000000000E+00 0.0000000000E+00
0.0000000000E+00 0.0000000000E+00 0.0000000000E+00 0.0000000000E+00 0.0000000000E+00
0.0000000000E+00 0.0000000000E+00 0.0000000000E+00
8 0 0 8
4.1013411210E+03 1.5182404679E+03 6.2182667412E+02 2.6593906277E+02 1.1892359605E+02
5.5687629281E+01 2.7251616555E+01 1.3908701377E+01 7.3448669166E+00 3.9768957757E+00
2.1983064054E+00 1.2473473971E+00 7.4203058529E-01 4.6085864266E-01 2.8837369087E-01
1.7222574492E-01 9.3150320747E-02 4.2364148233E-02 1.2139548519E-02 -3.8768848160E-03
-1.0530201915E-02 -1.1741443128E-02 -5.8021136058E-03 -1.5070890675E-03 4.0655699505E-04
1.7332707327E-04 6.0371381143E-05 -1.0102907819E-04 -5.5981668903E-05 3.1120144796E-05
-5.3609630779E-05 -1.1705121421E-04 1.7594489489E-04 0.0000000000E+00 0.0000000000E+00
0.0000000000E+00 0.0000000000E+00 0.0000000000E+00 0.0000000000E+00 0.0000000000E+00
0.0000000000E+00 0.0000000000E+00 0.0000000000E+00 0.0000000000E+00 0.0000000000E+00
0.0000000000E+00 0.0000000000E+00 0.0000000000E+00 0.0000000000E+00 0.0000000000E+00
0.0000000000E+00 0.0000000000E+00 0.0000000000E+00 0.0000000000E+00 0.0000000000E+00
0.0000000000E+00 0.0000000000E+00 0.0000000000E+00 0.0000000000E+00 0.0000000000E+00
0.0000000000E+00 0.0000000000E+00 0.0000000000E+00 0.0000000000E+00 0.0000000000E+00
0.0000000000E+00 0.0000000000E+00 0.0000000000E+00 0.0000000000E+00 0.0000000000E+00
0.0000000000E+00 0.0000000000E+00 0.0000000000E+00
8 0 2 10
1.1158308672E+04 5.4656288946E+03 2.1597243144E+03 8.9048240942E+02 3.8548808264E+02
1.7596316370E+02 8.4746231677E+01 4.2922223809E+01 2.2767168824E+01 1.2652298684E+01
7.3317562321E+00 4.3391118406E+00 2.5900428195E+00 1.5815009751E+00 1.0198729184E+00
6.9638518933E-01 4.8959202380E-01 3.4641234310E-01 2.4606209096E-01 1.7601298731E-01
1.2758679237E-01 6.5491885450E-02 2.9472761041E-02 1.1825582247E-02 5.0194899425E-03
1.4736027215E-03 9.6007774051E-04 5.5234602253E-04 5.4227890513E-04 -2.1463924984E-04
4.3598388093E-04 1.8221275985E-04 1.3597354118E-04 0.0000000000E+00 0.0000000000E+00
0.0000000000E+00 0.0000000000E+00 0.0000000000E+00 0.0000000000E+00 0.0000000000E+00
0.0000000000E+00 0.0000000000E+00 0.0000000000E+00 0.0000000000E+00 0.0000000000E+00
0.0000000000E+00 0.0000000000E+00 0.0000000000E+00 0.0000000000E+00 0.0000000000E+00
0.0000000000E+00 0.0000000000E+00 0.0000000000E+00 0.0000000000E+00 0.0000000000E+00
0.0000000000E+00 0.0000000000E+00 0.0000000000E+00 0.0000000000E+00 0.0000000000E+00
0.0000000000E+00 0.0000000000E+00 0.0000000000E+00 0.0000000000E+00 0.0000000000E+00
0.0000000000E+00 0.0000000000E+00 0.0000000000E+00 0.0000000000E+00 0.0000000000E+00
0.0000000000E+00 0.0000000000E+00 0.0000000000E+00
8 0 4 12
7.2711154966E+03 3.9040113507E+03 1.3431590014E+03 4.8657109173E+02 1.8538855672E+02
7.4503232958E+01 3.1672464550E+01 1.4211511783E+01 6.6203459160E+00 3.1548269013E+00
1.5685028440E+00 8.6146888238E-01 5.0556828387E-01 2.7979852744E-01 1.2844343863E-01
4.3213484028E-02 3.6592926408E-03 -8.8685485635E-03 -1.1688785538E-02 -1.0137181467E-02
-5.7055169005E-03 2.1188375586E-03 2.8590437159E-03 3.1867706323E-03 2.0136865106E-03
8.6204396911E-04 8.3502088519E-05 2.8115864272E-04 2.3736134121E-04 4.8895582111E-05
7.6042186592E-04 -3.7852143826E-04 -1.5780762241E-04 0.0000000000E+00 0.0000000000E+00
0.0000000000E+00 0.0000000000E+00 0.0000000000E+00 0.0000000000E+00 0.0000000000E+00
0.0000000000E+00 0.0000000000E+00 0.0000000000E+00 0.0000000000E+00 0.0000000000E+00
0.0000000000E+00 0.0000000000E+00 0.0000000000E+00 0.0000000000E+00 0.0000000000E+00
0.0000000000E+00 0.0000000000E+00 0.0000000000E+00 0.0000000000E+00 0.0000000000E+00
0.0000000000E+00 0.0000000000E+00 0.0000000000E+00 0.0000000000E+00 0.0000000000E+00
0.0000000000E+00 0.0000000000E+00 0.0000000000E+00 0.0000000000E+00 0.0000000000E+00
0.0000000000E+00 0.0000000000E+00 0.0000000000E+00 0.0000000000E+00 0.0000000000E+00
0.0000000000E+00 0.0000000000E+00 0.0000000000E+00
8 6 0 8
-3.7258896703E+03 -1.7336234949E+03 -7.1674404747E+02 -3.0578476615E+02 -1.3640317920E+02
-6.4136434355E+01 -3.1829128144E+01 -1.6623034788E+01 -9.0824005853E+00 -5.1716547507E+00
-3.0666980535E+00 -1.8760474118E+00 -1.1645916806E+00 -7.1686022992E-01 -4.2668529106E-01
-2.3924524497E-01 -1.2305211653E-01 -5.5704573903E-02 -1.8861111062E-02 -4.1355498005E-04
7.8075195130E-03 1.0761684677E-02 7.7118376148E-03 4.2034543022E-03 2.0796033622E-03
6.5417021959E-04 -7.9268342839E-05 8.9919096654E-05 1.7683635460E-04 5.0968349877E-05
1.2425290736E-04 6.5487080370E-05 -3.7106375040E-05 0.0000000000E+00 0.0000000000E+00
0.0000000000E+00 0.0000000000E+00 0.0000000000E+00 0.0000000000E+00 0.0000000000E+00
0.0000000000E+00 0.0000000000E+00 0.0000000000E+00 0.0000000000E+00 0.0000000000E+00
0.0000000000E+00 0.0000000000E+00 0.0000000000E+00 0.0000000000E+00 0.0000000000E+00
0.0000000000E+00 0.0000000000E+00 0.0000000000E+00 0.0000000000E+00 0.0000000000E+00
0.0000000000E+00 0.0000000000E+00 0.0000000000E+00 0.0000000000E+00 0.0000000000E+00
0.0000000000E+00 0.0000000000E+00 0.0000000000E+00 0.0000000000E+00 0.0000000000E+00
0.0000000000E+00 0.0000000000E+00 0.0000000000E+00 0.0000000000E+00 0.0000000000E+00
0.0000000000E+00 0.0000000000E+00 0.0000000000E+00
8 6 2 10
-1.5540951056E+04 -6.8991289882E+03 -2.7015089823E+03 -1.1017993179E+03 -4.7149078652E+02
-2.1279903912E+02 -1.0152149309E+02 -5.1103366371E+01 -2.7005791322E+01 -1.4872955708E+01
-8.4865519372E+00 -5.0145186791E+00 -3.0894229187E+00 -1.9921665757E+00 -1.3271820328E+00
-8.9195034401E-01 -5.9512577820E-01 -3.9470754980E-01 -2.6336816297E-01 -1.7810449277E-01
-1.2348811635E-01 -6.1440024866E-02 -2.9406084148E-02 -1.3955882847E-02 -6.4945848473E-03
-2.1995611920E-03 -7.2305566734E-04 -6.2882968679E-04 -3.5344466146E-04 1.5740794483E-04
-4.5771627173E-04 1.9056965464E-04 -1.7628126100E-04 0.0000000000E+00 0.0000000000E+00
0.0000000000E+00 0.0000000000E+00 0.0000000000E+00 0.0000000000E+00 0.0000000000E+00
0.0000000000E+00 0.0000000000E+00 0.0000000000E+00 0.0000000000E+00 0.0000000000E+00
0.0000000000E+00 0.0000000000E+00 0.0000000000E+00 0.0000000000E+00 0.0000000000E+00
0.0000000000E+00 0.0000000000E+00 0.0000000000E+00 0.0000000000E+00 0.0000000000E+00
0.0000000000E+00 0.0000000000E+00 0.0000000000E+00 0.0000000000E+00 0.0000000000E+00
0.0000000000E+00 0.0000000000E+00 0.0000000000E+00 0.0000000000E+00 0.0000000000E+00
0.0000000000E+00 0.0000000000E+00 0.0000000000E+00 0.0000000000E+00 0.0000000000E+00
0.0000000000E+00 0.0000000000E+00 0.0000000000E+00
8 6 4 12
-8.6655224758E+03 -4.4573576583E+03 -1.5577606588E+03 -5.6879789226E+02 -2.1735896455E+02
-8.7113777006E+01 -3.6712167037E+01 -1.6324307824E+01 -7.6852959318E+00 -3.8243405963E+00
-1.9959146247E+00 -1.0663387106E+00 -5.6340957987E-01 -2.9102670409E-01 -1.5538800413E-01
-9.3513393174E-02 -6.3716332435E-02 -4.4729605211E-02 -3.0306999065E-02 -1.9678266219E-02
-1.1997584632E-02 -4.7725535542E-03 -2.0183240882E-03 -1.1154264079E-03 -5.2658334945E-04
-3.4260039801E-04 -2.1861946388E-04 3.0541961732E-04 5.8155076358E-04 -2.8206305041E-04
1.2439529382E-04 -3.4552406837E-05 -1.3995190729E-04 0.0000000000E+00 0.0000000000E+00
0.0000000000E+00 0.0000000000E+00 0.0000000000E+00 0.0000000000E+00 0.0000000000E+00
0.0000000000E+00 0.0000000000E+00 0.0000000000E+00 0.0000000000E+00 0.0000000000E+00
0.0000000000E+00 0.0000000000E+00 0.0000000000E+00 0.0000000000E+00 0.0000000000E+00
0.0000000000E+00 0.0000000000E+00 0.0000000000E+00 0.0000000000E+00 0.0000000000E+00
0.0000000000E+00 0.0000000000E+00 0.0000000000E+00 0.0000000000E+00 0.0000000000E+00
0.0000000000E+00 0.0000000000E+00 0.0000000000E+00 0.0000000000E+00 0.0000000000E+00
0.0000000000E+00 0.0000000000E+00 0.0000000000E+00 0.0000000000E+00 0.0000000000E+00
0.0000000000E+00 0.0000000000E+00 0.0000000000E+00
9 3 0 9
2.7362972096E+03 1.0327248671E+03 4.0459717225E+02 1.6392762016E+02 6.8888414265E+01
3.0227576507E+01 1.3904783316E+01 6.7311376570E+00 3.3920679189E+00 1.7463743269E+00
9.1303673810E-01 4.9013858785E-01 2.7735798743E-01 1.6291324923E-01 8.9882075245E-02
3.7916562490E-02 3.2343084071E-03 -1.5923134008E-02 -2.3160424207E-02 -2.3413982471E-02
-2.0560490153E-02 -1.2855010125E-02 -7.0858122000E-03 -2.6967702513E-03 -8.6179674423E-04
7.0744474984E-06 3.7298394499E-06 -1.4197649563E-04 -1.4283127472E-04 5.5839725322E-07
1.1284031277E-04 -5.9962495078E-05 9.3089558721E-05 0.0000000000E+00 0.0000000000E+00
0.0000000000E+00 0.0000000000E+00 0.0000000000E+00 0.0000000000E+00 0.0000000000E+00
0.0000000000E+00 0.0000000000E+00 0.0000000000E+00 0.0000000000E+00 0.0000000000E+00
0.0000000000E+00 0.0000000000E+00 0.0000000000E+00 0.0000000000E+00 0.0000000000E+00
0.0000000000E+00 0.0000000000E+00 0.0000000000E+00 0.0000000000E+00 0.0000000000E+00
0.0000000000E+00 0.0000000000E+00 0.0000000000E+00 0.0000000000E+00 0.0000000000E+00
0.0000000000E+00 0.0000000000E+00 0.0000000000E+00 0.0000000000E+00 0.0000000000E+00
0.0000000000E+00 0.0000000000E+00 0.0000000000E+00 0.0000000000E+00 0.0000000000E+00
0.0000000000E+00 0.0000000000E+00 0.0000000000E+00
9 3 2 11
9.2423103904E+03 4.4844726557E+03 1.6556853029E+03 6.3882670107E+02 2.5822270162E+02
1.0960762870E+02 4.8952151876E+01 2.3099098930E+01 1.1602835521E+01 6.2301332622E+00
3.5254229634E+00 2.0194798416E+00 1.1441524703E+00 6.6563393058E-01 4.2518084712E-01
2.9715344309E-01 2.1208875921E-01 1.4770523830E-01 1.0059560282E-01 6.9143928420E-02
4.8631191341E-02 2.4910727957E-02 1.0349930572E-02 2.7076750733E-03 -4.7486351289E-06
-3.6996296568E-04 -5.5260208070E-04 3.7590923467E-04 -4.8300385149E-06 -1.8850604646E-04
2.7532453709E-04 -7.6893541161E-04 1.7603487340E-04 0.0000000000E+00 0.0000000000E+00
0.0000000000E+00 0.0000000000E+00 0.0000000000E+00 0.0000000000E+00 0.0000000000E+00
0.0000000000E+00 0.0000000000E+00 0.0000000000E+00 0.0000000000E+00 0.0000000000E+00
0.0000000000E+00 0.0000000000E+00 0.0000000000E+00 0.0000000000E+00 0.0000000000E+00
0.0000000000E+00 0.0000000000E+00 0.0000000000E+00 0.0000000000E+00 0.0000000000E+00
0.0000000000E+00 0.0000000000E+00 0.0000000000E+00 0.0000000000E+00 0.0000000000E+00
0.0000000000E+00 0.0000000000E+00 0.0000000000E+00 0.0000000000E+00 0.0000000000E+00
0.0000000000E+00 0.0000000000E+00 0.0000000000E+00 0.0000000000E+00 0.0000000000E+00
0.0000000000E+00 0.0000000000E+00 0.0000000000E+00
9 3 4 13
6.2413604423E+03 3.3271503642E+03 1.0684841980E+03 3.6444820837E+02 1.3175073976E+02
5.0531032307E+01 2.0492310759E+01 8.7014312802E+00 3.7888122626E+00 1.6923476800E+00
8.3210725725E-01 4.8779167306E-01 3.0403064424E-01 1.6565442324E-01 6.5425511482E-02
1.1297344688E-02 -8.4898282390E-03 -1.3923602876E-02 -1.3806906801E-02 -1.3385966053E-02
-1.1601092893E-02 -6.1759678700E-03 -2.3709735124E-03 -1.2844618452E-03 -4.0269906947E-04
1.5803179413E-04 3.5232929413E-04 1.1115396796E-04 2.1557256645E-05 -2.9460562705E-04
-3.2338999640E-04 -2.4993980147E-04 6.8229813418E-04 0.0000000000E+00 0.0000000000E+00
0.0000000000E+00 0.0000000000E+00 0.0000000000E+00 0.0000000000E+00 0.0000000000E+00
0.0000000000E+00 0.0000000000E+00 0.0000000000E+00 0.0000000000E+00 0.0000000000E+00
0.0000000000E+00 0.0000000000E+00 0.0000000000E+00 0.0000000000E+00 0.0000000000E+00
0.0000000000E+00 0.0000000000E+00 0.0000000000E+00 0.0000000000E+00 0.0000000000E+00
0.0000000000E+00 0.0000000000E+00 0.0000000000E+00 0.0000000000E+00 0.0000000000E+00
0.0000000000E+00 0.0000000000E+00 0.0000000000E+00 0.0000000000E+00 0.0000000000E+00
0.0000000000E+00 0.0000000000E+00 0.0000000000E+00 0.0000000000E+00 0.0000000000E+00
0.0000000000E+00 0.0000000000E+00 0.0000000000E+00
9 9 0 9
-2.9187043685E+03 -1.5342971700E+03 -6.0864244457E+02 -2.4573061405E+02 -1.0245712886E+02
-4.4553946638E+01 -2.0354711213E+01 -9.8145544379E+00 -4.9993700116E+00 -2.6769150253E+00
-1.4981074374E+00 -8.6473857470E-01 -5.0501424968E-01 -2.9001173506E-01 -1.5530581042E-01
-7.0605338265E-02 -2.1056670647E-02 3.4076608013E-03 1.2151265418E-02 1.2914540077E-02
1.0996882924E-02 6.7219162011E-03 3.9946893042E-03 1.6554693827E-03 8.2152582248E-04
7.4996995411E-04 -4.6669640334E-05 8.6453606392E-05 1.2591224642E-04 5.0341476864E-05
-1.4311538301E-04 7.5092695125E-05 4.7147607369E-05 0.0000000000E+00 0.0000000000E+00
0.0000000000E+00 0.0000000000E+00 0.0000000000E+00 0.0000000000E+00 0.0000000000E+00
0.0000000000E+00 0.0000000000E+00 0.0000000000E+00 0.0000000000E+00 0.0000000000E+00
0.0000000000E+00 0.0000000000E+00 0.0000000000E+00 0.0000000000E+00 0.0000000000E+00
0.0000000000E+00 0.0000000000E+00 0.0000000000E+00 0.0000000000E+00 0.0000000000E+00
0.0000000000E+00 0.0000000000E+00 0.0000000000E+00 0.0000000000E+00 0.0000000000E+00
0.0000000000E+00 0.0000000000E+00 0.0000000000E+00 0.0000000000E+00 0.0000000000E+00
0.0000000000E+00 0.0000000000E+00 0.0000000000E+00 0.0000000000E+00 0.0000000000E+00
0.0000000000E+00 0.0000000000E+00 0.0000000000E+00
9 9 2 11
-1.7611498462E+04 -7.5961193339E+03 -2.8065097322E+03 -1.0807057161E+03 -4.3606601368E+02
-1.8520732139E+02 -8.2903023485E+01 -3.9107574193E+01 -1.9383579462E+01 -1.0079504804E+01
-5.5002304252E+00 -3.1238941889E+00 -1.8351514509E+00 -1.1268961535E+00 -7.2509198116E-01
-4.7612461944E-01 -3.0637188987E-01 -1.9017652442E-01 -1.1621082244E-01 -7.2032213814E-02
-4.6552250098E-02 -2.2865610770E-02 -1.0807534840E-02 -3.6991723650E-03 -1.6893225132E-03
-4.6559210122E-04 -2.6858796371E-04 -3.2544537090E-04 -2.0683604072E-04 -9.3286466789E-05
-2.0341552723E-05 1.7590488510E-04 -2.9384441806E-04 0.0000000000E+00 0.0000000000E+00
0.0000000000E+00 0.0000000000E+00 0.0000000000E+00 0.0000000000E+00 0.0000000000E+00
0.0000000000E+00 0.0000000000E+00 0.0000000000E+00 0.0000000000E+00 0.0000000000E+00
0.0000000000E+00 0.0000000000E+00 0.0000000000E+00 0.0000000000E+00 0.0000000000E+00
0.0000000000E+00 0.0000000000E+00 0.0000000000E+00 0.0000000000E+00 0.0000000000E+00
0.0000000000E+00 0.0000000000E+00 0.0000000000E+00 0.0000000000E+00 0.0000000000E+00
0.0000000000E+00 0.0000000000E+00 0.0000000000E+00 0.0000000000E+00 0.0000000000E+00
0.0000000000E+00 0.0000000000E+00 0.0000000000E+00 0.0000000000E+00 0.0000000000E+00
0.0000000000E+00 0.0000000000E+00 0.0000000000E+00
9 9 4 13
-1.1261422321E+04 -5.8017344504E+03 -1.9130648692E+03 -6.6234740071E+02 -2.4037995158E+02
-9.1511061427E+01 -3.6613157181E+01 -1.5439595973E+01 -6.8540502514E+00 -3.1498097379E+00
-1.4952136325E+00 -7.4662172546E-01 -3.8576687611E-01 -1.9802982719E-01 -1.0377742661E-01
-6.1749325921E-02 -4.3095475827E-02 -2.9871912917E-02 -1.9587748785E-02 -1.1751606953E-02
-6.6628147240E-03 -2.7243314477E-03 -1.5192125176E-03 -6.8117797687E-04 -4.4037886848E-04
-7.0364005858E-04 -2.2233988330E-04 -2.7140265485E-04 -7.4765498192E-05 -5.1575212063E-05
-2.4672293614E-05 2.5500070349E-04 8.0920744527E-05 0.0000000000E+00 0.0000000000E+00
0.0000000000E+00 0.0000000000E+00 0.0000000000E+00 0.0000000000E+00 0.0000000000E+00
0.0000000000E+00 0.0000000000E+00 0.0000000000E+00 0.0000000000E+00 0.0000000000E+00
0.0000000000E+00 0.0000000000E+00 0.0000000000E+00 0.0000000000E+00 0.0000000000E+00
0.0000000000E+00 0.0000000000E+00 0.0000000000E+00 0.0000000000E+00 0.0000000000E+00
0.0000000000E+00 0.0000000000E+00 0.0000000000E+00 0.0000000000E+00 0.0000000000E+00
0.0000000000E+00 0.0000000000E+00 0.0000000000E+00 0.0000000000E+00 0.0000000000E+00
0.0000000000E+00 0.0000000000E+00 0.0000000000E+00 0.0000000000E+00 0.0000000000E+00
0.0000000000E+00 0.0000000000E+00 0.0000000000E+00
10 0 2 12
-6.0555054590E+03 -3.3205613076E+03 -1.1439008257E+03 -4.1365974524E+02 -1.5714020179E+02
-6.2873790824E+01 -2.6593780424E+01 -1.1896300959E+01 -5.5796749367E+00 -2.6911018781E+00
-1.3128155343E+00 -6.1736238706E-01 -2.8695516809E-01 -1.4753908465E-01 -1.0743619116E-01
-9.3728877687E-02 -7.5801880654E-02 -5.1199760067E-02 -3.0963683765E-02 -1.8011904632E-02
-1.1758452927E-02 -6.5127886943E-03 -3.8040303560E-03 1.8136803516E-04 1.6272718607E-03
6.0541485278E-04 4.1872434661E-04 3.5765778220E-04 2.6059922733E-06 -2.8223079374E-04
-1.3254269455E-04 -6.0476434539E-05 8.2132145300E-05 0.0000000000E+00 0.0000000000E+00
0.0000000000E+00 0.0000000000E+00 0.0000000000E+00 0.0000000000E+00 0.0000000000E+00
0.0000000000E+00 0.0000000000E+00 0.0000000000E+00 0.0000000000E+00 0.0000000000E+00
0.0000000000E+00 0.0000000000E+00 0.0000000000E+00 0.0000000000E+00 0.0000000000E+00
0.0000000000E+00 0.0000000000E+00 0.0000000000E+00 0.0000000000E+00 0.0000000000E+00
0.0000000000E+00 0.0000000000E+00 0.0000000000E+00 0.0000000000E+00 0.0000000000E+00
0.0000000000E+00 0.0000000000E+00 0.0000000000E+00 0.0000000000E+00 0.0000000000E+00
0.0000000000E+00 0.0000000000E+00 0.0000000000E+00 0.0000000000E+00 0.0000000000E+00
0.0000000000E+00 0.0000000000E+00 0.0000000000E+00
10 6 0 10
1.2255184179E+03 6.1006823539E+02 2.3430986379E+02 9.1506689949E+01 3.6709357619E+01
1.5295586675E+01 6.6441643721E+00 3.0234197071E+00 1.4214479245E+00 6.6308746878E-01
2.9101781317E-01 1.1405929335E-01 3.5096101811E-02 2.3704119139E-03 -1.1827652995E-02
-2.0657050780E-02 -2.5336573068E-02 -2.6194095886E-02 -2.3618185420E-02 -1.9411484246E-02
-1.5609516957E-02 -8.9991276698E-03 -5.1793268782E-03 -1.9017633320E-03 -5.3665045532E-04
-4.8206601712E-05 -4.7380239917E-05 -4.1433659274E-05 -1.9247696785E-04 -2.1256781180E-05
1.0885042535E-04 -8.4368517284E-05 -4.0500176344E-04 0.0000000000E+00 0.0000000000E+00
0.0000000000E+00 0.0000000000E+00 0.0000000000E+00 0.0000000000E+00 0.0000000000E+00
0.0000000000E+00 0.0000000000E+00 0.0000000000E+00 0.0000000000E+00 0.0000000000E+00
0.0000000000E+00 0.0000000000E+00 0.0000000000E+00 0.0000000000E+00 0.0000000000E+00
0.0000000000E+00 0.0000000000E+00 0.0000000000E+00 0.0000000000E+00 0.0000000000E+00
0.0000000000E+00 0.0000000000E+00 0.0000000000E+00 0.0000000000E+00 0.0000000000E+00
0.0000000000E+00 0.0000000000E+00 0.0000000000E+00 0.0000000000E+00 0.0000000000E+00
0.0000000000E+00 0.0000000000E+00 0.0000000000E+00 0.0000000000E+00 0.0000000000E+00
0.0000000000E+00 0.0000000000E+00 0.0000000000E+00
10 6 2 12
8.3420333391E+03 3.7385836135E+03 1.2920570540E+03 4.6762841007E+02 1.7757222740E+02
7.0929867788E+01 2.9912499667E+01 1.3384143922E+01 6.3873286964E+00 3.2424925428E+00
1.7338612695E+00 9.4112795180E-01 5.0943247752E-01 2.8441236406E-01 1.7383258616E-01
1.1447638708E-01 7.3852911927E-02 4.4288306619E-02 2.4676073210E-02 1.3710992942E-02
8.1775438816E-03 4.2491628530E-03 9.9281130677E-04 -1.0309451428E-03 -1.6462458933E-03
-2.1833142810E-04 3.6680287157E-05 -6.1537362421E-05 3.3370725476E-06 -2.3768195892E-06
2.5361790660E-04 -2.2528472344E-04 -1.0710924874E-04 0.0000000000E+00 0.0000000000E+00
0.0000000000E+00 0.0000000000E+00 0.0000000000E+00 0.0000000000E+00 0.0000000000E+00
0.0000000000E+00 0.0000000000E+00 0.0000000000E+00 0.0000000000E+00 0.0000000000E+00
0.0000000000E+00 0.0000000000E+00 0.0000000000E+00 0.0000000000E+00 0.0000000000E+00
0.0000000000E+00 0.0000000000E+00 0.0000000000E+00 0.0000000000E+00 0.0000000000E+00
0.0000000000E+00 0.0000000000E+00 0.0000000000E+00 0.0000000000E+00 0.0000000000E+00
0.0000000000E+00 0.0000000000E+00 0.0000000000E+00 0.0000000000E+00 0.0000000000E+00
0.0000000000E+00 0.0000000000E+00 0.0000000000E+00 0.0000000000E+00 0.0000000000E+00
0.0000000000E+00 0.0000000000E+00 0.0000000000E+00
11 3 2 13
-4.3308237831E+03 -2.4138677537E+03 -7.6346490517E+02 -2.5555765507E+02 -9.0337279173E+01
-3.3734869229E+01 -1.3347103390E+01 -5.6186962819E+00 -2.4709033959E+00 -1.0648559968E+00
-4.1106783779E-01 -1.1765793865E-01 -1.9021974889E-02 -1.1823037420E-02 -3.3821641841E-02
-4.7572234436E-02 -4.3417289407E-02 -3.0560400585E-02 -1.7443472378E-02 -1.0033909985E-02
-5.7532887987E-03 -3.7197916727E-03 -1.6638476783E-03 4.6015541022E-04 1.1572327113E-03
4.7200884276E-04 3.4202518631E-04 3.4400082044E-04 2.1076958413E-04 -2.0455353218E-04
7.9711130446E-06 -2.8692027199E-04 -1.5967158719E-04 0.0000000000E+00 0.0000000000E+00
0.0000000000E+00 0.0000000000E+00 0.0000000000E+00 0.0000000000E+00 0.0000000000E+00
0.0000000000E+00 0.0000000000E+00 0.0000000000E+00 0.0000000000E+00 0.0000000000E+00
0.0000000000E+00 0.0000000000E+00 0.0000000000E+00 0.0000000000E+00 0.0000000000E+00
0.0000000000E+00 0.0000000000E+00 0.0000000000E+00 0.0000000000E+00 0.0000000000E+00
0.0000000000E+00 0.0000000000E+00 0.0000000000E+00 0.0000000000E+00 0.0000000000E+00
0.0000000000E+00 0.0000000000E+00 0.0000000000E+00 0.0000000000E+00 0.0000000000E+00
0.0000000000E+00 0.0000000000E+00 0.0000000000E+00 0.0000000000E+00 0.0000000000E+00
0.0000000000E+00 0.0000000000E+00 0.0000000000E+00
11 9 2 13
7.7700492516E+03 3.3100395118E+03 1.0777421052E+03 3.6771091989E+02 1.3180633617E+02
4.9771160962E+01 1.9806822165E+01 8.2625029888E+00 3.5728045739E+00 1.5996239401E+00
7.8351343782E-01 4.4908198393E-01 2.8294010579E-01 1.7681557850E-01 1.0416620799E-01
5.7299051049E-02 2.8373975125E-02 1.0831694188E-02 1.6587803515E-03 -2.1550329964E-03
-3.0169596677E-03 -1.0012920602E-03 -2.0969299495E-04 -4.6025305353E-04 -6.4748481540E-04
7.6148264840E-06 -4.2958069871E-04 1.4094861456E-04 1.8625829401E-04 5.3292210212E-05
-3.5103225018E-04 -1.3897109776E-04 -3.7444398423E-04 0.0000000000E+00 0.0000000000E+00
0.0000000000E+00 0.0000000000E+00 0.0000000000E+00 0.0000000000E+00 0.0000000000E+00
0.0000000000E+00 0.0000000000E+00 0.0000000000E+00 0.0000000000E+00 0.0000000000E+00
0.0000000000E+00 0.0000000000E+00 0.0000000000E+00 0.0000000000E+00 0.0000000000E+00
0.0000000000E+00 0.0000000000E+00 0.0000000000E+00 0.0000000000E+00 0.0000000000E+00
0.0000000000E+00 0.0000000000E+00 0.0000000000E+00 0.0000000000E+00 0.0000000000E+00
0.0000000000E+00 0.0000000000E+00 0.0000000000E+00 0.0000000000E+00 0.0000000000E+00
0.0000000000E+00 0.0000000000E+00 0.0000000000E+00 0.0000000000E+00 0.0000000000E+00
0.0000000000E+00 0.0000000000E+00 0.0000000000E+00
12 12 2 14
7.1231306190E+03 3.1168939990E+03 9.7473391307E+02 3.2006537029E+02 1.1029737682E+02
3.9927377904E+01 1.5128421413E+01 6.0296882697E+00 2.5351910944E+00 1.1111928950E+00
5.1944349644E-01 2.7379423096E-01 1.5729121583E-01 8.9593047966E-02 4.8051244926E-02
2.3693360009E-02 8.3273603144E-03 -1.2410935572E-03 -6.1817609418E-03 -6.8936986586E-03
-5.4778899435E-03 -2.1962418592E-03 -7.0112739312E-04 -5.4418603231E-04 -3.1759963243E-04
-7.8413749893E-05 -2.8408776066E-04 1.4696959478E-04 -9.0180539991E-05 2.6440950508E-04
4.3490902532E-04 -1.0139059739E-04 -1.6476837355E-04 0.0000000000E+00 0.0000000000E+00
0.0000000000E+00 0.0000000000E+00 0.0000000000E+00 0.0000000000E+00 0.0000000000E+00
0.0000000000E+00 0.0000000000E+00 0.0000000000E+00 0.0000000000E+00 0.0000000000E+00
0.0000000000E+00 0.0000000000E+00 0.0000000000E+00 0.0000000000E+00 0.0000000000E+00
0.0000000000E+00 0.0000000000E+00 0.0000000000E+00 0.0000000000E+00 0.0000000000E+00
0.0000000000E+00 0.0000000000E+00 0.0000000000E+00 0.0000000000E+00 0.0000000000E+00
0.0000000000E+00 0.0000000000E+00 0.0000000000E+00 0.0000000000E+00 0.0000000000E+00
0.0000000000E+00 0.0000000000E+00 0.0000000000E+00 0.0000000000E+00 0.0000000000E+00
0.0000000000E+00 0.0000000000E+00 0.0000000000E+00
