 0.2820947918D+00  0.2820947918D+00  0.2820947918D+00  0.2820947918D+00
 0.2820947918D+00  0.2820947918D+00  0.2820947918D+00  0.2820947918D+00
 0.2820947918D+00  0.2820947918D+00  0.2820947918D+00  0.2820947918D+00
 0.2820947918D+00  0.2820947918D+00  0.2820947918D+00  0.2820947918D+00
 0.2820947918D+00  0.2820947918D+00  0.2820947918D+00  0.2820947918D+00
 0.2820947918D+00  0.2820947918D+00  0.2820947918D+00  0.2820947918D+00
 0.2820947918D+00  0.2820947918D+00  0.2820947918D+00  0.2820947918D+00
 0.2820947918D+00  0.2820947918D+00  0.2820947918D+00  0.2820947918D+00
 0.2820947918D+00  0.2820947918D+00  0.2820947918D+00  0.2820947918D+00
 0.2820947918D+00  0.2820947918D+00  0.2820947918D+00  0.2820947918D+00
 0.2820947918D+00  0.2820947918D+00  0.2820947918D+00  0.2820947918D+00
 0.2820947918D+00  0.2820947918D+00  0.2820947918D+00  0.2820947918D+00
 0.2820947918D+00  0.2820947918D+00  0.2820947918D+00  0.2820947918D+00
 0.2820947918D+00  0.2820947918D+00  0.2820947918D+00  0.2820947918D+00
 0.2820947918D+00  0.2820947918D+00  0.2820947918D+00  0.2820947918D+00
 0.2820947918D+00  0.2820947918D+00  0.2820947918D+00  0.2820947918D+00
 0.2820947918D+00  0.2820947918D+00  0.2820947918D+00  0.2820947918D+00
 0.2820947918D+00  0.2820947918D+00  0.2820947918D+00  0.2820947918D+00
 0.2820947918D+00  0.2820947918D+00  0.2820947918D+00  0.2820947918D+00
 0.2820947918D+00  0.2820947918D+00  0.2820947918D+00  0.2820947918D+00
 0.2820947918D+00  0.2820947918D+00  0.2820947918D+00  0.2820947918D+00
 0.2820947918D+00  0.2820947918D+00  0.2820947918D+00  0.2820947918D+00
 0.2820947918D+00  0.2820947918D+00  0.2820947918D+00  0.2820947918D+00
 0.2820947918D+00  0.2820947918D+00  0.2820947918D+00  0.2820947918D+00
 0.2820947918D+00  0.2820947918D+00  0.2820947918D+00  0.2820947918D+00
 0.2820947918D+00  0.2820947918D+00  0.2820947918D+00  0.2820947918D+00
 0.2820947918D+00  0.2820947918D+00  0.2820947918D+00  0.2820947918D+00
 0.2820947918D+00  0.2820947918D+00  0.2820947918D+00  0.2820947918D+00
 0.2820947918D+00  0.2820947918D+00  0.2820947918D+00  0.2820947918D+00
 0.2820947918D+00  0.2820947918D+00  0.2820947918D+00  0.2820947918D+00
 0.2820947918D+00  0.2820947918D+00  0.2820947918D+00  0.2820947918D+00
 0.2820947918D+00  0.2820947918D+00  0.4867432318D+00  0.4719537850D+00
 0.4428242613D+00  0.4002397465D+00  0.3454941495D+00  0.2802508876D+00
 0.2064923443D+00  0.1264596356D+00  0.4258451483D-01 -0.4258451483D-01
-0.1264596356D+00 -0.2064923443D+00 -0.2802508876D+00 -0.3454941495D+00
-0.4002397465D+00 -0.4428242613D+00 -0.4719537850D+00 -0.4867432318D+00
 0.4867432318D+00  0.4719537850D+00  0.4428242613D+00  0.4002397465D+00
 0.3454941495D+00  0.2802508876D+00  0.2064923443D+00  0.1264596356D+00
 0.4258451483D-01 -0.4258451483D-01 -0.1264596356D+00 -0.2064923443D+00
-0.2802508876D+00 -0.3454941495D+00 -0.4002397465D+00 -0.4428242613D+00
-0.4719537850D+00 -0.4867432318D+00  0.4867432318D+00  0.4719537850D+00
 0.4428242613D+00  0.4002397465D+00  0.3454941495D+00  0.2802508876D+00
 0.2064923443D+00  0.1264596356D+00  0.4258451483D-01 -0.4258451483D-01
-0.1264596356D+00 -0.2064923443D+00 -0.2802508876D+00 -0.3454941495D+00
-0.4002397465D+00 -0.4428242613D+00 -0.4719537850D+00 -0.4867432318D+00
 0.4867432318D+00  0.4719537850D+00  0.4428242613D+00  0.4002397465D+00
 0.3454941495D+00  0.2802508876D+00  0.2064923443D+00  0.1264596356D+00
 0.4258451483D-01 -0.4258451483D-01 -0.1264596356D+00 -0.2064923443D+00
-0.2802508876D+00 -0.3454941495D+00 -0.4002397465D+00 -0.4428242613D+00
-0.4719537850D+00 -0.4867432318D+00  0.4867432318D+00  0.4719537850D+00
 0.4428242613D+00  0.4002397465D+00  0.3454941495D+00  0.2802508876D+00
 0.2064923443D+00  0.1264596356D+00  0.4258451483D-01 -0.4258451483D-01
-0.1264596356D+00 -0.2064923443D+00 -0.2802508876D+00 -0.3454941495D+00
-0.4002397465D+00 -0.4428242613D+00 -0.4719537850D+00 -0.4867432318D+00
 0.4867432318D+00  0.4719537850D+00  0.4428242613D+00  0.4002397465D+00
 0.3454941495D+00  0.2802508876D+00  0.2064923443D+00  0.1264596356D+00
 0.4258451483D-01 -0.4258451483D-01 -0.1264596356D+00 -0.2064923443D+00
-0.2802508876D+00 -0.3454941495D+00 -0.4002397465D+00 -0.4428242613D+00
-0.4719537850D+00 -0.4867432318D+00  0.4867432318D+00  0.4719537850D+00
 0.4428242613D+00  0.4002397465D+00  0.3454941495D+00  0.2802508876D+00
 0.2064923443D+00  0.1264596356D+00  0.4258451483D-01 -0.4258451483D-01
-0.1264596356D+00 -0.2064923443D+00 -0.2802508876D+00 -0.3454941495D+00
-0.4002397465D+00 -0.4428242613D+00 -0.4719537850D+00 -0.4867432318D+00
 0.6235958707D+00  0.5674014441D+00  0.4617904681D+00  0.3195011852D+00
 0.1576957826D+00 -0.4109619901D-02 -0.1463989029D+00 -0.2520098788D+00
-0.3082043054D+00 -0.3082043054D+00 -0.2520098788D+00 -0.1463989029D+00
-0.4109619901D-02  0.1576957826D+00  0.3195011852D+00  0.4617904681D+00
 0.5674014441D+00  0.6235958707D+00  0.6235958707D+00  0.5674014441D+00
 0.4617904681D+00  0.3195011852D+00  0.1576957826D+00 -0.4109619901D-02
-0.1463989029D+00 -0.2520098788D+00 -0.3082043054D+00 -0.3082043054D+00
-0.2520098788D+00 -0.1463989029D+00 -0.4109619901D-02  0.1576957826D+00
 0.3195011852D+00  0.4617904681D+00  0.5674014441D+00  0.6235958707D+00
 0.6235958707D+00  0.5674014441D+00  0.4617904681D+00  0.3195011852D+00
 0.1576957826D+00 -0.4109619901D-02 -0.1463989029D+00 -0.2520098788D+00
-0.3082043054D+00 -0.3082043054D+00 -0.2520098788D+00 -0.1463989029D+00
-0.4109619901D-02  0.1576957826D+00  0.3195011852D+00  0.4617904681D+00
 0.5674014441D+00  0.6235958707D+00  0.6235958707D+00  0.5674014441D+00
 0.4617904681D+00  0.3195011852D+00  0.1576957826D+00 -0.4109619901D-02
-0.1463989029D+00 -0.2520098788D+00 -0.3082043054D+00 -0.3082043054D+00
-0.2520098788D+00 -0.1463989029D+00 -0.4109619901D-02  0.1576957826D+00
 0.3195011852D+00  0.4617904681D+00  0.5674014441D+00  0.6235958707D+00
 0.6235958707D+00  0.5674014441D+00  0.4617904681D+00  0.3195011852D+00
 0.1576957826D+00 -0.4109619901D-02 -0.1463989029D+00 -0.2520098788D+00
-0.3082043054D+00 -0.3082043054D+00 -0.2520098788D+00 -0.1463989029D+00
-0.4109619901D-02  0.1576957826D+00  0.3195011852D+00  0.4617904681D+00
 0.5674014441D+00  0.6235958707D+00  0.6235958707D+00  0.5674014441D+00
 0.4617904681D+00  0.3195011852D+00  0.1576957826D+00 -0.4109619901D-02
-0.1463989029D+00 -0.2520098788D+00 -0.3082043054D+00 -0.3082043054D+00
-0.2520098788D+00 -0.1463989029D+00 -0.4109619901D-02  0.1576957826D+00
 0.3195011852D+00  0.4617904681D+00  0.5674014441D+00  0.6235958707D+00
 0.6235958707D+00  0.5674014441D+00  0.4617904681D+00  0.3195011852D+00
 0.1576957826D+00 -0.4109619901D-02 -0.1463989029D+00 -0.2520098788D+00
-0.3082043054D+00 -0.3082043054D+00 -0.2520098788D+00 -0.1463989029D+00
-0.4109619901D-02  0.1576957826D+00  0.3195011852D+00  0.4617904681D+00
 0.5674014441D+00  0.6235958707D+00  0.7293930347D+00  0.6001898872D+00
 0.3743908897D+00  0.1085346892D+00 -0.1319377577D+00 -0.2900419585D+00
-0.3322924720D+00 -0.2574055376D+00 -0.9633808224D-01  0.9633808224D-01
 0.2574055376D+00  0.3322924720D+00  0.2900419585D+00  0.1319377577D+00
-0.1085346892D+00 -0.3743908897D+00 -0.6001898872D+00 -0.7293930347D+00
 0.7293930347D+00  0.6001898872D+00  0.3743908897D+00  0.1085346892D+00
-0.1319377577D+00 -0.2900419585D+00 -0.3322924720D+00 -0.2574055376D+00
-0.9633808224D-01  0.9633808224D-01  0.2574055376D+00  0.3322924720D+00
 0.2900419585D+00  0.1319377577D+00 -0.1085346892D+00 -0.3743908897D+00
-0.6001898872D+00 -0.7293930347D+00  0.7293930347D+00  0.6001898872D+00
 0.3743908897D+00  0.1085346892D+00 -0.1319377577D+00 -0.2900419585D+00
-0.3322924720D+00 -0.2574055376D+00 -0.9633808224D-01  0.9633808224D-01
 0.2574055376D+00  0.3322924720D+00  0.2900419585D+00  0.1319377577D+00
-0.1085346892D+00 -0.3743908897D+00 -0.6001898872D+00 -0.7293930347D+00
 0.7293930347D+00  0.6001898872D+00  0.3743908897D+00  0.1085346892D+00
-0.1319377577D+00 -0.2900419585D+00 -0.3322924720D+00 -0.2574055376D+00
-0.9633808224D-01  0.9633808224D-01  0.2574055376D+00  0.3322924720D+00
 0.2900419585D+00  0.1319377577D+00 -0.1085346892D+00 -0.3743908897D+00
-0.6001898872D+00 -0.7293930347D+00  0.7293930347D+00  0.6001898872D+00
 0.3743908897D+00  0.1085346892D+00 -0.1319377577D+00 -0.2900419585D+00
-0.3322924720D+00 -0.2574055376D+00 -0.9633808224D-01  0.9633808224D-01
 0.2574055376D+00  0.3322924720D+00  0.2900419585D+00  0.1319377577D+00
-0.1085346892D+00 -0.3743908897D+00 -0.6001898872D+00 -0.7293930347D+00
 0.7293930347D+00  0.6001898872D+00  0.3743908897D+00  0.1085346892D+00
-0.1319377577D+00 -0.2900419585D+00 -0.3322924720D+00 -0.2574055376D+00
-0.9633808224D-01  0.9633808224D-01  0.2574055376D+00  0.3322924720D+00
 0.2900419585D+00  0.1319377577D+00 -0.1085346892D+00 -0.3743908897D+00
-0.6001898872D+00 -0.7293930347D+00  0.7293930347D+00  0.6001898872D+00
 0.3743908897D+00  0.1085346892D+00 -0.1319377577D+00 -0.2900419585D+00
-0.3322924720D+00 -0.2574055376D+00 -0.9633808224D-01  0.9633808224D-01
 0.2574055376D+00  0.3322924720D+00  0.2900419585D+00  0.1319377577D+00
-0.1085346892D+00 -0.3743908897D+00 -0.6001898872D+00 -0.7293930347D+00
 0.8143556101D+00  0.5794470516D+00  0.2086364173D+00 -0.1450736728D+00
-0.3438030275D+00 -0.3259776124D+00 -0.1313517769D+00  0.1213821967D+00
 0.2934634764D+00  0.2934634764D+00  0.1213821967D+00 -0.1313517769D+00
-0.3259776124D+00 -0.3438030275D+00 -0.1450736728D+00  0.2086364173D+00
 0.5794470516D+00  0.8143556101D+00  0.8143556101D+00  0.5794470516D+00
 0.2086364173D+00 -0.1450736728D+00 -0.3438030275D+00 -0.3259776124D+00
-0.1313517769D+00  0.1213821967D+00  0.2934634764D+00  0.2934634764D+00
 0.1213821967D+00 -0.1313517769D+00 -0.3259776124D+00 -0.3438030275D+00
-0.1450736728D+00  0.2086364173D+00  0.5794470516D+00  0.8143556101D+00
 0.8143556101D+00  0.5794470516D+00  0.2086364173D+00 -0.1450736728D+00
-0.3438030275D+00 -0.3259776124D+00 -0.1313517769D+00  0.1213821967D+00
 0.2934634764D+00  0.2934634764D+00  0.1213821967D+00 -0.1313517769D+00
-0.3259776124D+00 -0.3438030275D+00 -0.1450736728D+00  0.2086364173D+00
 0.5794470516D+00  0.8143556101D+00  0.8143556101D+00  0.5794470516D+00
 0.2086364173D+00 -0.1450736728D+00 -0.3438030275D+00 -0.3259776124D+00
-0.1313517769D+00  0.1213821967D+00  0.2934634764D+00  0.2934634764D+00
 0.1213821967D+00 -0.1313517769D+00 -0.3259776124D+00 -0.3438030275D+00
-0.1450736728D+00  0.2086364173D+00  0.5794470516D+00  0.8143556101D+00
 0.8143556101D+00  0.5794470516D+00  0.2086364173D+00 -0.1450736728D+00
-0.3438030275D+00 -0.3259776124D+00 -0.1313517769D+00  0.1213821967D+00
 0.2934634764D+00  0.2934634764D+00  0.1213821967D+00 -0.1313517769D+00
-0.3259776124D+00 -0.3438030275D+00 -0.1450736728D+00  0.2086364173D+00
 0.5794470516D+00  0.8143556101D+00  0.8143556101D+00  0.5794470516D+00
 0.2086364173D+00 -0.1450736728D+00 -0.3438030275D+00 -0.3259776124D+00
-0.1313517769D+00  0.1213821967D+00  0.2934634764D+00  0.2934634764D+00
 0.1213821967D+00 -0.1313517769D+00 -0.3259776124D+00 -0.3438030275D+00
-0.1450736728D+00  0.2086364173D+00  0.5794470516D+00  0.8143556101D+00
 0.8143556101D+00  0.5794470516D+00  0.2086364173D+00 -0.1450736728D+00
-0.3438030275D+00 -0.3259776124D+00 -0.1313517769D+00  0.1213821967D+00
 0.2934634764D+00  0.2934634764D+00  0.1213821967D+00 -0.1313517769D+00
-0.3259776124D+00 -0.3438030275D+00 -0.1450736728D+00  0.2086364173D+00
 0.5794470516D+00  0.8143556101D+00  0.8829064853D+00  0.5118923798D+00
 0.8229260574D-03 -0.3453277781D+00 -0.3514595558D+00 -0.8120225653D-01
 0.2227737188D+00  0.3206570333D+00  0.1475105834D+00 -0.1475105834D+00
-0.3206570333D+00 -0.2227737188D+00  0.8120225653D-01  0.3514595558D+00
 0.3453277781D+00 -0.8229260574D-03 -0.5118923798D+00 -0.8829064853D+00
 0.8829064853D+00  0.5118923798D+00  0.8229260574D-03 -0.3453277781D+00
-0.3514595558D+00 -0.8120225653D-01  0.2227737188D+00  0.3206570333D+00
 0.1475105834D+00 -0.1475105834D+00 -0.3206570333D+00 -0.2227737188D+00
 0.8120225653D-01  0.3514595558D+00  0.3453277781D+00 -0.8229260574D-03
-0.5118923798D+00 -0.8829064853D+00  0.8829064853D+00  0.5118923798D+00
 0.8229260574D-03 -0.3453277781D+00 -0.3514595558D+00 -0.8120225653D-01
 0.2227737188D+00  0.3206570333D+00  0.1475105834D+00 -0.1475105834D+00
-0.3206570333D+00 -0.2227737188D+00  0.8120225653D-01  0.3514595558D+00
 0.3453277781D+00 -0.8229260574D-03 -0.5118923798D+00 -0.8829064853D+00
 0.8829064853D+00  0.5118923798D+00  0.8229260574D-03 -0.3453277781D+00
-0.3514595558D+00 -0.8120225653D-01  0.2227737188D+00  0.3206570333D+00
 0.1475105834D+00 -0.1475105834D+00 -0.3206570333D+00 -0.2227737188D+00
 0.8120225653D-01  0.3514595558D+00  0.3453277781D+00 -0.8229260574D-03
-0.5118923798D+00 -0.8829064853D+00  0.8829064853D+00  0.5118923798D+00
 0.8229260574D-03 -0.3453277781D+00 -0.3514595558D+00 -0.8120225653D-01
 0.2227737188D+00  0.3206570333D+00  0.1475105834D+00 -0.1475105834D+00
-0.3206570333D+00 -0.2227737188D+00  0.8120225653D-01  0.3514595558D+00
 0.3453277781D+00 -0.8229260574D-03 -0.5118923798D+00 -0.8829064853D+00
 0.8829064853D+00  0.5118923798D+00  0.8229260574D-03 -0.3453277781D+00
-0.3514595558D+00 -0.8120225653D-01  0.2227737188D+00  0.3206570333D+00
 0.1475105834D+00 -0.1475105834D+00 -0.3206570333D+00 -0.2227737188D+00
 0.8120225653D-01  0.3514595558D+00  0.3453277781D+00 -0.8229260574D-03
-0.5118923798D+00 -0.8829064853D+00  0.8829064853D+00  0.5118923798D+00
 0.8229260574D-03 -0.3453277781D+00 -0.3514595558D+00 -0.8120225653D-01
 0.2227737188D+00  0.3206570333D+00  0.1475105834D+00 -0.1475105834D+00
-0.3206570333D+00 -0.2227737188D+00  0.8120225653D-01  0.3514595558D+00
 0.3453277781D+00 -0.8229260574D-03 -0.5118923798D+00 -0.8829064853D+00
 0.9373635509D+00  0.4051199057D+00 -0.2074716788D+00 -0.4184866926D+00
-0.1509768554D+00  0.2336528807D+00  0.3191958614D+00  0.4383758530D-01
-0.2682926503D+00 -0.2682926503D+00  0.4383758530D-01  0.3191958614D+00
 0.2336528807D+00 -0.1509768554D+00 -0.4184866926D+00 -0.2074716788D+00
 0.4051199057D+00  0.9373635509D+00  0.9373635509D+00  0.4051199057D+00
-0.2074716788D+00 -0.4184866926D+00 -0.1509768554D+00  0.2336528807D+00
 0.3191958614D+00  0.4383758530D-01 -0.2682926503D+00 -0.2682926503D+00
 0.4383758530D-01  0.3191958614D+00  0.2336528807D+00 -0.1509768554D+00
-0.4184866926D+00 -0.2074716788D+00  0.4051199057D+00  0.9373635509D+00
 0.9373635509D+00  0.4051199057D+00 -0.2074716788D+00 -0.4184866926D+00
-0.1509768554D+00  0.2336528807D+00  0.3191958614D+00  0.4383758530D-01
-0.2682926503D+00 -0.2682926503D+00  0.4383758530D-01  0.3191958614D+00
 0.2336528807D+00 -0.1509768554D+00 -0.4184866926D+00 -0.2074716788D+00
 0.4051199057D+00  0.9373635509D+00  0.9373635509D+00  0.4051199057D+00
-0.2074716788D+00 -0.4184866926D+00 -0.1509768554D+00  0.2336528807D+00
 0.3191958614D+00  0.4383758530D-01 -0.2682926503D+00 -0.2682926503D+00
 0.4383758530D-01  0.3191958614D+00  0.2336528807D+00 -0.1509768554D+00
-0.4184866926D+00 -0.2074716788D+00  0.4051199057D+00  0.9373635509D+00
 0.9373635509D+00  0.4051199057D+00 -0.2074716788D+00 -0.4184866926D+00
-0.1509768554D+00  0.2336528807D+00  0.3191958614D+00  0.4383758530D-01
-0.2682926503D+00 -0.2682926503D+00  0.4383758530D-01  0.3191958614D+00
 0.2336528807D+00 -0.1509768554D+00 -0.4184866926D+00 -0.2074716788D+00
 0.4051199057D+00  0.9373635509D+00  0.9373635509D+00  0.4051199057D+00
-0.2074716788D+00 -0.4184866926D+00 -0.1509768554D+00  0.2336528807D+00
 0.3191958614D+00  0.4383758530D-01 -0.2682926503D+00 -0.2682926503D+00
 0.4383758530D-01  0.3191958614D+00  0.2336528807D+00 -0.1509768554D+00
-0.4184866926D+00 -0.2074716788D+00  0.4051199057D+00  0.9373635509D+00
 0.9373635509D+00  0.4051199057D+00 -0.2074716788D+00 -0.4184866926D+00
-0.1509768554D+00  0.2336528807D+00  0.3191958614D+00  0.4383758530D-01
-0.2682926503D+00 -0.2682926503D+00  0.4383758530D-01  0.3191958614D+00
 0.2336528807D+00 -0.1509768554D+00 -0.4184866926D+00 -0.2074716788D+00
 0.4051199057D+00  0.9373635509D+00  0.9790977098D+00  0.2682654836D+00
-0.3759295054D+00 -0.3382092509D+00  0.1388172914D+00  0.3486284831D+00
 0.4612658731D-01 -0.2983203088D+00 -0.1942943929D+00  0.1942943929D+00
 0.2983203088D+00 -0.4612658731D-01 -0.3486284831D+00 -0.1388172914D+00
 0.3382092509D+00  0.3759295054D+00 -0.2682654836D+00 -0.9790977098D+00
 0.9790977098D+00  0.2682654836D+00 -0.3759295054D+00 -0.3382092509D+00
 0.1388172914D+00  0.3486284831D+00  0.4612658731D-01 -0.2983203088D+00
-0.1942943929D+00  0.1942943929D+00  0.2983203088D+00 -0.4612658731D-01
-0.3486284831D+00 -0.1388172914D+00  0.3382092509D+00  0.3759295054D+00
-0.2682654836D+00 -0.9790977098D+00  0.9790977098D+00  0.2682654836D+00
-0.3759295054D+00 -0.3382092509D+00  0.1388172914D+00  0.3486284831D+00
 0.4612658731D-01 -0.2983203088D+00 -0.1942943929D+00  0.1942943929D+00
 0.2983203088D+00 -0.4612658731D-01 -0.3486284831D+00 -0.1388172914D+00
 0.3382092509D+00  0.3759295054D+00 -0.2682654836D+00 -0.9790977098D+00
 0.9790977098D+00  0.2682654836D+00 -0.3759295054D+00 -0.3382092509D+00
 0.1388172914D+00  0.3486284831D+00  0.4612658731D-01 -0.2983203088D+00
-0.1942943929D+00  0.1942943929D+00  0.2983203088D+00 -0.4612658731D-01
-0.3486284831D+00 -0.1388172914D+00  0.3382092509D+00  0.3759295054D+00
-0.2682654836D+00 -0.9790977098D+00  0.9790977098D+00  0.2682654836D+00
-0.3759295054D+00 -0.3382092509D+00  0.1388172914D+00  0.3486284831D+00
 0.4612658731D-01 -0.2983203088D+00 -0.1942943929D+00  0.1942943929D+00
 0.2983203088D+00 -0.4612658731D-01 -0.3486284831D+00 -0.1388172914D+00
 0.3382092509D+00  0.3759295054D+00 -0.2682654836D+00 -0.9790977098D+00
 0.9790977098D+00  0.2682654836D+00 -0.3759295054D+00 -0.3382092509D+00
 0.1388172914D+00  0.3486284831D+00  0.4612658731D-01 -0.2983203088D+00
-0.1942943929D+00  0.1942943929D+00  0.2983203088D+00 -0.4612658731D-01
-0.3486284831D+00 -0.1388172914D+00  0.3382092509D+00  0.3759295054D+00
-0.2682654836D+00 -0.9790977098D+00  0.9790977098D+00  0.2682654836D+00
-0.3759295054D+00 -0.3382092509D+00  0.1388172914D+00  0.3486284831D+00
 0.4612658731D-01 -0.2983203088D+00 -0.1942943929D+00  0.1942943929D+00
 0.2983203088D+00 -0.4612658731D-01 -0.3486284831D+00 -0.1388172914D+00
 0.3382092509D+00  0.3759295054D+00 -0.2682654836D+00 -0.9790977098D+00
 0.1009003419D+01  0.1118726280D+00 -0.4724871602D+00 -0.1342682219D+00
 0.3470010481D+00  0.1653550331D+00 -0.2804759746D+00 -0.1979839765D+00
 0.2346523039D+00  0.2346523039D+00 -0.1979839765D+00 -0.2804759746D+00
 0.1653550331D+00  0.3470010481D+00 -0.1342682219D+00 -0.4724871602D+00
 0.1118726280D+00  0.1009003419D+01  0.1009003419D+01  0.1118726280D+00
-0.4724871602D+00 -0.1342682219D+00  0.3470010481D+00  0.1653550331D+00
-0.2804759746D+00 -0.1979839765D+00  0.2346523039D+00  0.2346523039D+00
-0.1979839765D+00 -0.2804759746D+00  0.1653550331D+00  0.3470010481D+00
-0.1342682219D+00 -0.4724871602D+00  0.1118726280D+00  0.1009003419D+01
 0.1009003419D+01  0.1118726280D+00 -0.4724871602D+00 -0.1342682219D+00
 0.3470010481D+00  0.1653550331D+00 -0.2804759746D+00 -0.1979839765D+00
 0.2346523039D+00  0.2346523039D+00 -0.1979839765D+00 -0.2804759746D+00
 0.1653550331D+00  0.3470010481D+00 -0.1342682219D+00 -0.4724871602D+00
 0.1118726280D+00  0.1009003419D+01  0.1009003419D+01  0.1118726280D+00
-0.4724871602D+00 -0.1342682219D+00  0.3470010481D+00  0.1653550331D+00
-0.2804759746D+00 -0.1979839765D+00  0.2346523039D+00  0.2346523039D+00
-0.1979839765D+00 -0.2804759746D+00  0.1653550331D+00  0.3470010481D+00
-0.1342682219D+00 -0.4724871602D+00  0.1118726280D+00  0.1009003419D+01
 0.1009003419D+01  0.1118726280D+00 -0.4724871602D+00 -0.1342682219D+00
 0.3470010481D+00  0.1653550331D+00 -0.2804759746D+00 -0.1979839765D+00
 0.2346523039D+00  0.2346523039D+00 -0.1979839765D+00 -0.2804759746D+00
 0.1653550331D+00  0.3470010481D+00 -0.1342682219D+00 -0.4724871602D+00
 0.1118726280D+00  0.1009003419D+01  0.1009003419D+01  0.1118726280D+00
-0.4724871602D+00 -0.1342682219D+00  0.3470010481D+00  0.1653550331D+00
-0.2804759746D+00 -0.1979839765D+00  0.2346523039D+00  0.2346523039D+00
-0.1979839765D+00 -0.2804759746D+00  0.1653550331D+00  0.3470010481D+00
-0.1342682219D+00 -0.4724871602D+00  0.1118726280D+00  0.1009003419D+01
 0.1009003419D+01  0.1118726280D+00 -0.4724871602D+00 -0.1342682219D+00
 0.3470010481D+00  0.1653550331D+00 -0.2804759746D+00 -0.1979839765D+00
 0.2346523039D+00  0.2346523039D+00 -0.1979839765D+00 -0.2804759746D+00
 0.1653550331D+00  0.3470010481D+00 -0.1342682219D+00 -0.4724871602D+00
 0.1118726280D+00  0.1009003419D+01  0.1027722410D+01 -0.5258831517D-01
-0.4790307237D+00  0.1187159517D+00  0.3511012922D+00 -0.1593773748D+00
-0.2828479740D+00  0.1961172782D+00  0.2352137545D+00 -0.2352137545D+00
-0.1961172782D+00  0.2828479740D+00  0.1593773748D+00 -0.3511012922D+00
-0.1187159517D+00  0.4790307237D+00  0.5258831517D-01 -0.1027722410D+01
 0.1027722410D+01 -0.5258831517D-01 -0.4790307237D+00  0.1187159517D+00
 0.3511012922D+00 -0.1593773748D+00 -0.2828479740D+00  0.1961172782D+00
 0.2352137545D+00 -0.2352137545D+00 -0.1961172782D+00  0.2828479740D+00
 0.1593773748D+00 -0.3511012922D+00 -0.1187159517D+00  0.4790307237D+00
 0.5258831517D-01 -0.1027722410D+01  0.1027722410D+01 -0.5258831517D-01
-0.4790307237D+00  0.1187159517D+00  0.3511012922D+00 -0.1593773748D+00
-0.2828479740D+00  0.1961172782D+00  0.2352137545D+00 -0.2352137545D+00
-0.1961172782D+00  0.2828479740D+00  0.1593773748D+00 -0.3511012922D+00
-0.1187159517D+00  0.4790307237D+00  0.5258831517D-01 -0.1027722410D+01
 0.1027722410D+01 -0.5258831517D-01 -0.4790307237D+00  0.1187159517D+00
 0.3511012922D+00 -0.1593773748D+00 -0.2828479740D+00  0.1961172782D+00
 0.2352137545D+00 -0.2352137545D+00 -0.1961172782D+00  0.2828479740D+00
 0.1593773748D+00 -0.3511012922D+00 -0.1187159517D+00  0.4790307237D+00
 0.5258831517D-01 -0.1027722410D+01  0.1027722410D+01 -0.5258831517D-01
-0.4790307237D+00  0.1187159517D+00  0.3511012922D+00 -0.1593773748D+00
-0.2828479740D+00  0.1961172782D+00  0.2352137545D+00 -0.2352137545D+00
-0.1961172782D+00  0.2828479740D+00  0.1593773748D+00 -0.3511012922D+00
-0.1187159517D+00  0.4790307237D+00  0.5258831517D-01 -0.1027722410D+01
 0.1027722410D+01 -0.5258831517D-01 -0.4790307237D+00  0.1187159517D+00
 0.3511012922D+00 -0.1593773748D+00 -0.2828479740D+00  0.1961172782D+00
 0.2352137545D+00 -0.2352137545D+00 -0.1961172782D+00  0.2828479740D+00
 0.1593773748D+00 -0.3511012922D+00 -0.1187159517D+00  0.4790307237D+00
 0.5258831517D-01 -0.1027722410D+01  0.1027722410D+01 -0.5258831517D-01
-0.4790307237D+00  0.1187159517D+00  0.3511012922D+00 -0.1593773748D+00
-0.2828479740D+00  0.1961172782D+00  0.2352137545D+00 -0.2352137545D+00
-0.1961172782D+00  0.2828479740D+00  0.1593773748D+00 -0.3511012922D+00
-0.1187159517D+00  0.4790307237D+00  0.5258831517D-01 -0.1027722410D+01
-0.5524425478D-03 -0.1446730996D-01 -0.6298597736D-01 -0.1574609976D+00
-0.2950217950D+00 -0.4586618863D+00 -0.6211925363D+00 -0.7520217974D+00
-0.8249578748D+00 -0.8249578748D+00 -0.7520217974D+00 -0.6211925363D+00
-0.4586618863D+00 -0.2950217950D+00 -0.1574609976D+00 -0.6298597736D-01
-0.1446730996D-01 -0.5524425478D-03 -0.4784292805D-03 -0.1252905795D-01
-0.5454745647D-01 -0.1363652240D+00 -0.2554963691D+00 -0.3972128453D+00
-0.5379685170D+00 -0.6512699807D+00 -0.7144344767D+00 -0.7144344767D+00
-0.6512699807D+00 -0.5379685170D+00 -0.3972128453D+00 -0.2554963691D+00
-0.1363652240D+00 -0.5454745647D-01 -0.1252905795D-01 -0.4784292805D-03
-0.2762212739D-03 -0.7233654979D-02 -0.3149298868D-01 -0.7873049879D-01
-0.1475108975D+00 -0.2293309431D+00 -0.3105962681D+00 -0.3760108987D+00
-0.4124789374D+00 -0.4124789374D+00 -0.3760108987D+00 -0.3105962681D+00
-0.2293309431D+00 -0.1475108975D+00 -0.7873049879D-01 -0.3149298868D-01
-0.7233654979D-02 -0.2762212739D-03 -0.3382734989D-19 -0.8858672416D-18
-0.3856778778D-17 -0.9641705334D-17 -0.1806487484D-16 -0.2808494055D-16
-0.3803707256D-16 -0.4604805435D-16 -0.5051410104D-16 -0.5051410104D-16
-0.4604805435D-16 -0.3803707256D-16 -0.2808494055D-16 -0.1806487484D-16
-0.9641705334D-17 -0.3856778778D-17 -0.8858672416D-18 -0.3382734989D-19
 0.2762212739D-03  0.7233654979D-02  0.3149298868D-01  0.7873049879D-01
 0.1475108975D+00  0.2293309431D+00  0.3105962681D+00  0.3760108987D+00
 0.4124789374D+00  0.4124789374D+00  0.3760108987D+00  0.3105962681D+00
 0.2293309431D+00  0.1475108975D+00  0.7873049879D-01  0.3149298868D-01
 0.7233654979D-02  0.2762212739D-03  0.4784292805D-03  0.1252905795D-01
 0.5454745647D-01  0.1363652240D+00  0.2554963691D+00  0.3972128453D+00
 0.5379685170D+00  0.6512699807D+00  0.7144344767D+00  0.7144344767D+00
 0.6512699807D+00  0.5379685170D+00  0.3972128453D+00  0.2554963691D+00
 0.1363652240D+00  0.5454745647D-01  0.1252905795D-01  0.4784292805D-03
 0.5524425478D-03  0.1446730996D-01  0.6298597736D-01  0.1574609976D+00
 0.2950217950D+00  0.4586618863D+00  0.6211925363D+00  0.7520217974D+00
 0.8249578748D+00  0.8249578748D+00  0.7520217974D+00  0.6211925363D+00
 0.4586618863D+00  0.2950217950D+00  0.1574609976D+00  0.6298597736D-01
 0.1446730996D-01  0.5524425478D-03 -0.1651021011D-02 -0.4192304498D-01
-0.1712540453D+00 -0.3869534942D+00 -0.6258357354D+00 -0.7892329506D+00
-0.7875819296D+00 -0.5839126905D+00 -0.2156994489D+00  0.2156994489D+00
 0.5839126905D+00  0.7875819296D+00  0.7892329506D+00  0.6258357354D+00
 0.3869534942D+00  0.1712540453D+00  0.4192304498D-01  0.1651021011D-02
-0.1429826138D-02 -0.3630642195D-01 -0.1483103537D+00 -0.3351115561D+00
-0.5419896455D+00 -0.6834957848D+00 -0.6820659586D+00 -0.5056832235D+00
-0.1868012024D+00  0.1868012024D+00  0.5056832235D+00  0.6820659586D+00
 0.6834957848D+00  0.5419896455D+00  0.3351115561D+00  0.1483103537D+00
 0.3630642195D-01  0.1429826138D-02 -0.8255105056D-03 -0.2096152249D-01
-0.8562702263D-01 -0.1934767471D+00 -0.3129178677D+00 -0.3946164753D+00
-0.3937909648D+00 -0.2919563452D+00 -0.1078497245D+00  0.1078497245D+00
 0.2919563452D+00  0.3937909648D+00  0.3946164753D+00  0.3129178677D+00
 0.1934767471D+00  0.8562702263D-01  0.2096152249D-01  0.8255105056D-03
-0.1010958798D-18 -0.2567046142D-17 -0.1048628592D-16 -0.2369406790D-16
-0.3832138651D-16 -0.4832658034D-16 -0.4822548446D-16 -0.3575434037D-16
-0.1320778199D-16  0.1320778199D-16  0.3575434037D-16  0.4822548446D-16
 0.4832658034D-16  0.3832138651D-16  0.2369406790D-16  0.1048628592D-16
 0.2567046142D-17  0.1010958798D-18  0.8255105056D-03  0.2096152249D-01
 0.8562702263D-01  0.1934767471D+00  0.3129178677D+00  0.3946164753D+00
 0.3937909648D+00  0.2919563452D+00  0.1078497245D+00 -0.1078497245D+00
-0.2919563452D+00 -0.3937909648D+00 -0.3946164753D+00 -0.3129178677D+00
-0.1934767471D+00 -0.8562702263D-01 -0.2096152249D-01 -0.8255105056D-03
 0.1429826138D-02  0.3630642195D-01  0.1483103537D+00  0.3351115561D+00
 0.5419896455D+00  0.6834957848D+00  0.6820659586D+00  0.5056832235D+00
 0.1868012024D+00 -0.1868012024D+00 -0.5056832235D+00 -0.6820659586D+00
-0.6834957848D+00 -0.5419896455D+00 -0.3351115561D+00 -0.1483103537D+00
-0.3630642195D-01 -0.1429826138D-02  0.1651021011D-02  0.4192304498D-01
 0.1712540453D+00  0.3869534942D+00  0.6258357354D+00  0.7892329506D+00
 0.7875819296D+00  0.5839126905D+00  0.2156994489D+00 -0.2156994489D+00
-0.5839126905D+00 -0.7875819296D+00 -0.7892329506D+00 -0.6258357354D+00
-0.3869534942D+00 -0.1712540453D+00 -0.4192304498D-01 -0.1651021011D-02
-0.3633173896D-02 -0.8873326622D-01 -0.3338519878D+00 -0.6579024754D+00
-0.8561670240D+00 -0.7457384272D+00 -0.3128795888D+00  0.2476180646D+00
 0.6372559040D+00  0.6372559040D+00  0.2476180646D+00 -0.3128795888D+00
-0.7457384272D+00 -0.8561670240D+00 -0.6579024754D+00 -0.3338519878D+00
-0.8873326622D-01 -0.3633173896D-02 -0.3146420890D-02 -0.7684526270D-01
-0.2891243026D+00 -0.5697602569D+00 -0.7414623927D+00 -0.6458284226D+00
-0.2709616722D+00  0.2144435344D+00  0.5518798015D+00  0.5518798015D+00
 0.2144435344D+00 -0.2709616722D+00 -0.6458284226D+00 -0.7414623927D+00
-0.5697602569D+00 -0.2891243026D+00 -0.7684526270D-01 -0.3146420890D-02
-0.1816586948D-02 -0.4436663311D-01 -0.1669259939D+00 -0.3289512377D+00
-0.4280835120D+00 -0.3728692136D+00 -0.1564397944D+00  0.1238090323D+00
 0.3186279520D+00  0.3186279520D+00  0.1238090323D+00 -0.1564397944D+00
-0.3728692136D+00 -0.4280835120D+00 -0.3289512377D+00 -0.1669259939D+00
-0.4436663311D-01 -0.1816586948D-02 -0.2224677391D-18 -0.5433345522D-17
-0.2044253841D-16 -0.4028490803D-16 -0.5242511027D-16 -0.4566330890D-16
-0.1915834934D-16  0.1516223351D-16  0.3902067015D-16  0.3902067015D-16
 0.1516223351D-16 -0.1915834934D-16 -0.4566330890D-16 -0.5242511027D-16
-0.4028490803D-16 -0.2044253841D-16 -0.5433345522D-17 -0.2224677391D-18
 0.1816586948D-02  0.4436663311D-01  0.1669259939D+00  0.3289512377D+00
 0.4280835120D+00  0.3728692136D+00  0.1564397944D+00 -0.1238090323D+00
-0.3186279520D+00 -0.3186279520D+00 -0.1238090323D+00  0.1564397944D+00
 0.3728692136D+00  0.4280835120D+00  0.3289512377D+00  0.1669259939D+00
 0.4436663311D-01  0.1816586948D-02  0.3146420890D-02  0.7684526270D-01
 0.2891243026D+00  0.5697602569D+00  0.7414623927D+00  0.6458284226D+00
 0.2709616722D+00 -0.2144435344D+00 -0.5518798015D+00 -0.5518798015D+00
-0.2144435344D+00  0.2709616722D+00  0.6458284226D+00  0.7414623927D+00
 0.5697602569D+00  0.2891243026D+00  0.7684526270D-01  0.3146420890D-02
 0.3633173896D-02  0.8873326622D-01  0.3338519878D+00  0.6579024754D+00
 0.8561670240D+00  0.7457384272D+00  0.3128795888D+00 -0.2476180646D+00
-0.6372559040D+00 -0.6372559040D+00 -0.2476180646D+00  0.3128795888D+00
 0.7457384272D+00  0.8561670240D+00  0.6579024754D+00  0.3338519878D+00
 0.8873326622D-01  0.3633173896D-02 -0.6801954573D-02 -0.1584631465D+00
-0.5378894809D+00 -0.8822548730D+00 -0.8142381073D+00 -0.2541962729D+00
 0.4243521202D+00  0.6877179163D+00  0.3273810464D+00 -0.3273810464D+00
-0.6877179163D+00 -0.4243521202D+00  0.2541962729D+00  0.8142381073D+00
 0.8822548730D+00  0.5378894809D+00  0.1584631465D+00  0.6801954573D-02
-0.5890665455D-02 -0.1372331105D+00 -0.4658259549D+00 -0.7640551326D+00
-0.7051508857D+00 -0.2201404299D+00  0.3674997162D+00  0.5955811861D+00
 0.2835203029D+00 -0.2835203029D+00 -0.5955811861D+00 -0.3674997162D+00
 0.2201404299D+00  0.7051508857D+00  0.7640551326D+00  0.4658259549D+00
 0.1372331105D+00  0.5890665455D-02 -0.3400977286D-02 -0.7923157326D-01
-0.2689447404D+00 -0.4411274365D+00 -0.4071190537D+00 -0.1270981365D+00
 0.2121760601D+00  0.3438589581D+00  0.1636905232D+00 -0.1636905232D+00
-0.3438589581D+00 -0.2121760601D+00  0.1270981365D+00  0.4071190537D+00
 0.4411274365D+00  0.2689447404D+00  0.7923157326D-01  0.3400977286D-02
-0.4164995948D-18 -0.9703069259D-17 -0.3293623155D-16 -0.5402253031D-16
-0.4985770459D-16 -0.1556503260D-16  0.2598407328D-16  0.4211057725D-16
 0.2004630753D-16 -0.2004630753D-16 -0.4211057725D-16 -0.2598407328D-16
 0.1556503260D-16  0.4985770459D-16  0.5402253031D-16  0.3293623155D-16
 0.9703069259D-17  0.4164995948D-18  0.3400977286D-02  0.7923157326D-01
 0.2689447404D+00  0.4411274365D+00  0.4071190537D+00  0.1270981365D+00
-0.2121760601D+00 -0.3438589581D+00 -0.1636905232D+00  0.1636905232D+00
 0.3438589581D+00  0.2121760601D+00 -0.1270981365D+00 -0.4071190537D+00
-0.4411274365D+00 -0.2689447404D+00 -0.7923157326D-01 -0.3400977286D-02
 0.5890665455D-02  0.1372331105D+00  0.4658259549D+00  0.7640551326D+00
 0.7051508857D+00  0.2201404299D+00 -0.3674997162D+00 -0.5955811861D+00
-0.2835203029D+00  0.2835203029D+00  0.5955811861D+00  0.3674997162D+00
-0.2201404299D+00 -0.7051508857D+00 -0.7640551326D+00 -0.4658259549D+00
-0.1372331105D+00 -0.5890665455D-02  0.6801954573D-02  0.1584631465D+00
 0.5378894809D+00  0.8822548730D+00  0.8142381073D+00  0.2541962729D+00
-0.4243521202D+00 -0.6877179163D+00 -0.3273810464D+00  0.3273810464D+00
 0.6877179163D+00  0.4243521202D+00 -0.2541962729D+00 -0.8142381073D+00
-0.8822548730D+00 -0.5378894809D+00 -0.1584631465D+00 -0.6801954573D-02
-0.1147548110D-01 -0.2528243975D+00 -0.7560576653D+00 -0.9644865880D+00
-0.4498194349D+00  0.3935439764D+00  0.6961473781D+00  0.1554356331D+00
-0.5483859050D+00 -0.5483859050D+00  0.1554356331D+00  0.6961473781D+00
 0.3935439764D+00 -0.4498194349D+00 -0.9644865880D+00 -0.7560576653D+00
-0.2528243975D+00 -0.1147548110D-01 -0.9938058157D-02 -0.2189523509D+00
-0.6547651448D+00 -0.8352698868D+00 -0.3895550577D+00  0.3408190810D+00
 0.6028813142D+00  0.1346112069D+00 -0.4749161248D+00 -0.4749161248D+00
 0.1346112069D+00  0.6028813142D+00  0.3408190810D+00 -0.3895550577D+00
-0.8352698868D+00 -0.6547651448D+00 -0.2189523509D+00 -0.9938058157D-02
-0.5737740552D-02 -0.1264121987D+00 -0.3780288326D+00 -0.4822432940D+00
-0.2249097174D+00  0.1967719882D+00  0.3480736890D+00  0.7771781653D-01
-0.2741929525D+00 -0.2741929525D+00  0.7771781653D-01  0.3480736890D+00
 0.1967719882D+00 -0.2249097174D+00 -0.4822432940D+00 -0.3780288326D+00
-0.1264121987D+00 -0.5737740552D-02 -0.7026705602D-18 -0.1548102946D-16
-0.4629517999D-16 -0.5905777064D-16 -0.2754349655D-16  0.2409761855D-16
 0.4262673291D-16  0.9517687525D-17 -0.3357895217D-16 -0.3357895217D-16
 0.9517687525D-17  0.4262673291D-16  0.2409761855D-16 -0.2754349655D-16
-0.5905777064D-16 -0.4629517999D-16 -0.1548102946D-16 -0.7026705602D-18
 0.5737740552D-02  0.1264121987D+00  0.3780288326D+00  0.4822432940D+00
 0.2249097174D+00 -0.1967719882D+00 -0.3480736890D+00 -0.7771781653D-01
 0.2741929525D+00  0.2741929525D+00 -0.7771781653D-01 -0.3480736890D+00
-0.1967719882D+00  0.2249097174D+00  0.4822432940D+00  0.3780288326D+00
 0.1264121987D+00  0.5737740552D-02  0.9938058157D-02  0.2189523509D+00
 0.6547651448D+00  0.8352698868D+00  0.3895550577D+00 -0.3408190810D+00
-0.6028813142D+00 -0.1346112069D+00  0.4749161248D+00  0.4749161248D+00
-0.1346112069D+00 -0.6028813142D+00 -0.3408190810D+00  0.3895550577D+00
 0.8352698868D+00  0.6547651448D+00  0.2189523509D+00  0.9938058157D-02
 0.1147548110D-01  0.2528243975D+00  0.7560576653D+00  0.9644865880D+00
 0.4498194349D+00 -0.3935439764D+00 -0.6961473781D+00 -0.1554356331D+00
 0.5483859050D+00  0.5483859050D+00 -0.1554356331D+00 -0.6961473781D+00
-0.3935439764D+00  0.4498194349D+00  0.9644865880D+00  0.7560576653D+00
 0.2528243975D+00  0.1147548110D-01 -0.1798184425D-01 -0.3713014238D+00
-0.9508734355D+00 -0.8407865333D+00  0.1091831344D+00  0.7339380844D+00
 0.2196521486D+00 -0.5840510019D+00 -0.4221808779D+00  0.4221808779D+00
 0.5840510019D+00 -0.2196521486D+00 -0.7339380844D+00 -0.1091831344D+00
 0.8407865333D+00  0.9508734355D+00  0.3713014238D+00  0.1798184425D-01
-0.1557273393D-01 -0.3215564655D+00 -0.8234805509D+00 -0.7281424970D+00
 0.9455536803D-01  0.6356090259D+00  0.1902243407D+00 -0.5058030048D+00
-0.3656193652D+00  0.3656193652D+00  0.5058030048D+00 -0.1902243407D+00
-0.6356090259D+00 -0.9455536803D-01  0.7281424970D+00  0.8234805509D+00
 0.3215564655D+00  0.1557273393D-01 -0.8990922127D-02 -0.1856507119D+00
-0.4754367177D+00 -0.4203932666D+00  0.5459156719D-01  0.3669690422D+00
 0.1098260743D+00 -0.2920255010D+00 -0.2110904389D+00  0.2110904389D+00
 0.2920255010D+00 -0.1098260743D+00 -0.3669690422D+00 -0.5459156719D-01
 0.4203932666D+00  0.4754367177D+00  0.1856507119D+00  0.8990922127D-02
-0.1101070400D-17 -0.2273565501D-16 -0.5822420546D-16 -0.5148332684D-16
 0.6685538802D-17  0.4494074629D-16  0.1344981504D-16 -0.3576280950D-16
-0.2585112304D-16  0.2585112304D-16  0.3576280950D-16 -0.1344981504D-16
-0.4494074629D-16 -0.6685538802D-17  0.5148332684D-16  0.5822420546D-16
 0.2273565501D-16  0.1101070400D-17  0.8990922127D-02  0.1856507119D+00
 0.4754367177D+00  0.4203932666D+00 -0.5459156719D-01 -0.3669690422D+00
-0.1098260743D+00  0.2920255010D+00  0.2110904389D+00 -0.2110904389D+00
-0.2920255010D+00  0.1098260743D+00  0.3669690422D+00  0.5459156719D-01
-0.4203932666D+00 -0.4754367177D+00 -0.1856507119D+00 -0.8990922127D-02
 0.1557273393D-01  0.3215564655D+00  0.8234805509D+00  0.7281424970D+00
-0.9455536803D-01 -0.6356090259D+00 -0.1902243407D+00  0.5058030048D+00
 0.3656193652D+00 -0.3656193652D+00 -0.5058030048D+00  0.1902243407D+00
 0.6356090259D+00  0.9455536803D-01 -0.7281424970D+00 -0.8234805509D+00
-0.3215564655D+00 -0.1557273393D-01  0.1798184425D-01  0.3713014238D+00
 0.9508734355D+00  0.8407865333D+00 -0.1091831344D+00 -0.7339380844D+00
-0.2196521486D+00  0.5840510019D+00  0.4221808779D+00 -0.4221808779D+00
-0.5840510019D+00  0.2196521486D+00  0.7339380844D+00  0.1091831344D+00
-0.8407865333D+00 -0.9508734355D+00 -0.3713014238D+00 -0.1798184425D-01
-0.2665340600D-01 -0.5109418020D+00 -0.1081590742D+01 -0.5100351930D+00
 0.6059924325D+00  0.5045176009D+00 -0.4881583685D+00 -0.4730672750D+00
 0.4614923706D+00  0.4614923706D+00 -0.4730672750D+00 -0.4881583685D+00
 0.5045176009D+00  0.6059924325D+00 -0.5100351930D+00 -0.1081590742D+01
-0.5109418020D+00 -0.2665340600D-01 -0.2308252669D-01 -0.4424885804D+00
-0.9366850591D+00 -0.4417034340D+00  0.5248048411D+00  0.4369250591D+00
-0.4227575482D+00 -0.4096882778D+00  0.3996641166D+00  0.3996641166D+00
-0.4096882778D+00 -0.4227575482D+00  0.4369250591D+00  0.5248048411D+00
-0.4417034340D+00 -0.9366850591D+00 -0.4424885804D+00 -0.2308252669D-01
-0.1332670300D-01 -0.2554709010D+00 -0.5407953710D+00 -0.2550175965D+00
 0.3029962163D+00  0.2522588005D+00 -0.2440791843D+00 -0.2365336375D+00
 0.2307461853D+00  0.2307461853D+00 -0.2365336375D+00 -0.2440791843D+00
 0.2522588005D+00  0.3029962163D+00 -0.2550175965D+00 -0.5407953710D+00
-0.2554709010D+00 -0.1332670300D-01 -0.1632050417D-17 -0.3128616212D-16
-0.6622833201D-16 -0.3123064833D-16  0.3710633464D-16  0.3089279326D-16
-0.2989107917D-16 -0.2896701620D-16  0.2825825773D-16  0.2825825773D-16
-0.2896701620D-16 -0.2989107917D-16  0.3089279326D-16  0.3710633464D-16
-0.3123064833D-16 -0.6622833201D-16 -0.3128616212D-16 -0.1632050417D-17
 0.1332670300D-01  0.2554709010D+00  0.5407953710D+00  0.2550175965D+00
-0.3029962163D+00 -0.2522588005D+00  0.2440791843D+00  0.2365336375D+00
-0.2307461853D+00 -0.2307461853D+00  0.2365336375D+00  0.2440791843D+00
-0.2522588005D+00 -0.3029962163D+00  0.2550175965D+00  0.5407953710D+00
 0.2554709010D+00  0.1332670300D-01  0.2308252669D-01  0.4424885804D+00
 0.9366850591D+00  0.4417034340D+00 -0.5248048411D+00 -0.4369250591D+00
 0.4227575482D+00  0.4096882778D+00 -0.3996641166D+00 -0.3996641166D+00
 0.4096882778D+00  0.4227575482D+00 -0.4369250591D+00 -0.5248048411D+00
 0.4417034340D+00  0.9366850591D+00  0.4424885804D+00  0.2308252669D-01
 0.2665340600D-01  0.5109418020D+00  0.1081590742D+01  0.5100351930D+00
-0.6059924325D+00 -0.5045176009D+00  0.4881583685D+00  0.4730672750D+00
-0.4614923706D+00 -0.4614923706D+00  0.4730672750D+00  0.4881583685D+00
-0.5045176009D+00 -0.6059924325D+00  0.5100351930D+00  0.1081590742D+01
 0.5109418020D+00  0.2665340600D-01  0.4234759992D-06  0.2904224166D-03
 0.5504809671D-02  0.3440333620D-01  0.1207710284D+00  0.2919038802D+00
 0.5354353253D+00  0.7847212622D+00  0.9443176511D+00  0.9443176511D+00
 0.7847212622D+00  0.5354353253D+00  0.2919038802D+00  0.1207710284D+00
 0.3440333620D-01  0.5504809671D-02  0.2904224166D-03  0.4234759992D-06
 0.2117379996D-06  0.1452112083D-03  0.2752404836D-02  0.1720166810D-01
 0.6038551420D-01  0.1459519401D+00  0.2677176627D+00  0.3923606311D+00
 0.4721588255D+00  0.4721588255D+00  0.3923606311D+00  0.2677176627D+00
 0.1459519401D+00  0.6038551420D-01  0.1720166810D-01  0.2752404836D-02
 0.1452112083D-03  0.2117379996D-06 -0.2117379996D-06 -0.1452112083D-03
-0.2752404836D-02 -0.1720166810D-01 -0.6038551420D-01 -0.1459519401D+00
-0.2677176627D+00 -0.3923606311D+00 -0.4721588255D+00 -0.4721588255D+00
-0.3923606311D+00 -0.2677176627D+00 -0.1459519401D+00 -0.6038551420D-01
-0.1720166810D-01 -0.2752404836D-02 -0.1452112083D-03 -0.2117379996D-06
-0.4234759992D-06 -0.2904224166D-03 -0.5504809671D-02 -0.3440333620D-01
-0.1207710284D+00 -0.2919038802D+00 -0.5354353253D+00 -0.7847212622D+00
-0.9443176511D+00 -0.9443176511D+00 -0.7847212622D+00 -0.5354353253D+00
-0.2919038802D+00 -0.1207710284D+00 -0.3440333620D-01 -0.5504809671D-02
-0.2904224166D-03 -0.4234759992D-06 -0.2117379996D-06 -0.1452112083D-03
-0.2752404836D-02 -0.1720166810D-01 -0.6038551420D-01 -0.1459519401D+00
-0.2677176627D+00 -0.3923606311D+00 -0.4721588255D+00 -0.4721588255D+00
-0.3923606311D+00 -0.2677176627D+00 -0.1459519401D+00 -0.6038551420D-01
-0.1720166810D-01 -0.2752404836D-02 -0.1452112083D-03 -0.2117379996D-06
 0.2117379996D-06  0.1452112083D-03  0.2752404836D-02  0.1720166810D-01
 0.6038551420D-01  0.1459519401D+00  0.2677176627D+00  0.3923606311D+00
 0.4721588255D+00  0.4721588255D+00  0.3923606311D+00  0.2677176627D+00
 0.1459519401D+00  0.6038551420D-01  0.1720166810D-01  0.2752404836D-02
 0.1452112083D-03  0.2117379996D-06  0.4234759992D-06  0.2904224166D-03
 0.5504809671D-02  0.3440333620D-01  0.1207710284D+00  0.2919038802D+00
 0.5354353253D+00  0.7847212622D+00  0.9443176511D+00  0.9443176511D+00
 0.7847212622D+00  0.5354353253D+00  0.2919038802D+00  0.1207710284D+00
 0.3440333620D-01  0.5504809671D-02  0.2904224166D-03  0.4234759992D-06
 0.1633874358D-05  0.1086474512D-02  0.1932251481D-01  0.1091467249D+00
 0.3307450827D+00  0.6484504543D+00  0.8763970545D+00  0.7866060460D+00
 0.3187570107D+00 -0.3187570107D+00 -0.7866060460D+00 -0.8763970545D+00
-0.6484504543D+00 -0.3307450827D+00 -0.1091467249D+00 -0.1932251481D-01
-0.1086474512D-02 -0.1633874358D-05  0.8169371789D-06  0.5432372560D-03
 0.9661257406D-02  0.5457336244D-01  0.1653725414D+00  0.3242252272D+00
 0.4381985273D+00  0.3933030230D+00  0.1593785054D+00 -0.1593785054D+00
-0.3933030230D+00 -0.4381985273D+00 -0.3242252272D+00 -0.1653725414D+00
-0.5457336244D-01 -0.9661257406D-02 -0.5432372560D-03 -0.8169371789D-06
-0.8169371789D-06 -0.5432372560D-03 -0.9661257406D-02 -0.5457336244D-01
-0.1653725414D+00 -0.3242252272D+00 -0.4381985273D+00 -0.3933030230D+00
-0.1593785054D+00  0.1593785054D+00  0.3933030230D+00  0.4381985273D+00
 0.3242252272D+00  0.1653725414D+00  0.5457336244D-01  0.9661257406D-02
 0.5432372560D-03  0.8169371789D-06 -0.1633874358D-05 -0.1086474512D-02
-0.1932251481D-01 -0.1091467249D+00 -0.3307450827D+00 -0.6484504543D+00
-0.8763970545D+00 -0.7866060460D+00 -0.3187570107D+00  0.3187570107D+00
 0.7866060460D+00  0.8763970545D+00  0.6484504543D+00  0.3307450827D+00
 0.1091467249D+00  0.1932251481D-01  0.1086474512D-02  0.1633874358D-05
-0.8169371789D-06 -0.5432372560D-03 -0.9661257406D-02 -0.5457336244D-01
-0.1653725414D+00 -0.3242252272D+00 -0.4381985273D+00 -0.3933030230D+00
-0.1593785054D+00  0.1593785054D+00  0.3933030230D+00  0.4381985273D+00
 0.3242252272D+00  0.1653725414D+00  0.5457336244D-01  0.9661257406D-02
 0.5432372560D-03  0.8169371789D-06  0.8169371789D-06  0.5432372560D-03
 0.9661257406D-02  0.5457336244D-01  0.1653725414D+00  0.3242252272D+00
 0.4381985273D+00  0.3933030230D+00  0.1593785054D+00 -0.1593785054D+00
-0.3933030230D+00 -0.4381985273D+00 -0.3242252272D+00 -0.1653725414D+00
-0.5457336244D-01 -0.9661257406D-02 -0.5432372560D-03 -0.8169371789D-06
 0.1633874358D-05  0.1086474512D-02  0.1932251481D-01  0.1091467249D+00
 0.3307450827D+00  0.6484504543D+00  0.8763970545D+00  0.7866060460D+00
 0.3187570107D+00 -0.3187570107D+00 -0.7866060460D+00 -0.8763970545D+00
-0.6484504543D+00 -0.3307450827D+00 -0.1091467249D+00 -0.1932251481D-01
-0.1086474512D-02 -0.1633874358D-05  0.4581980388D-05  0.2940750849D-02
 0.4855891546D-01  0.2430082684D+00  0.6116761767D+00  0.8949800935D+00
 0.7005307406D+00  0.2940750849D-02 -0.6519672431D+00 -0.6519672431D+00
 0.2940750849D-02  0.7005307406D+00  0.8949800935D+00  0.6116761767D+00
 0.2430082684D+00  0.4855891546D-01  0.2940750849D-02  0.4581980388D-05
 0.2290990194D-05  0.1470375425D-02  0.2427945773D-01  0.1215041342D+00
 0.3058380883D+00  0.4474900467D+00  0.3502653703D+00  0.1470375425D-02
-0.3259836216D+00 -0.3259836216D+00  0.1470375425D-02  0.3502653703D+00
 0.4474900467D+00  0.3058380883D+00  0.1215041342D+00  0.2427945773D-01
 0.1470375425D-02  0.2290990194D-05 -0.2290990194D-05 -0.1470375425D-02
-0.2427945773D-01 -0.1215041342D+00 -0.3058380883D+00 -0.4474900467D+00
-0.3502653703D+00 -0.1470375425D-02  0.3259836216D+00  0.3259836216D+00
-0.1470375425D-02 -0.3502653703D+00 -0.4474900467D+00 -0.3058380883D+00
-0.1215041342D+00 -0.2427945773D-01 -0.1470375425D-02 -0.2290990194D-05
-0.4581980388D-05 -0.2940750849D-02 -0.4855891546D-01 -0.2430082684D+00
-0.6116761767D+00 -0.8949800935D+00 -0.7005307406D+00 -0.2940750849D-02
 0.6519672431D+00  0.6519672431D+00 -0.2940750849D-02 -0.7005307406D+00
-0.8949800935D+00 -0.6116761767D+00 -0.2430082684D+00 -0.4855891546D-01
-0.2940750849D-02 -0.4581980388D-05 -0.2290990194D-05 -0.1470375425D-02
-0.2427945773D-01 -0.1215041342D+00 -0.3058380883D+00 -0.4474900467D+00
-0.3502653703D+00 -0.1470375425D-02  0.3259836216D+00  0.3259836216D+00
-0.1470375425D-02 -0.3502653703D+00 -0.4474900467D+00 -0.3058380883D+00
-0.1215041342D+00 -0.2427945773D-01 -0.1470375425D-02 -0.2290990194D-05
 0.2290990194D-05  0.1470375425D-02  0.2427945773D-01  0.1215041342D+00
 0.3058380883D+00  0.4474900467D+00  0.3502653703D+00  0.1470375425D-02
-0.3259836216D+00 -0.3259836216D+00  0.1470375425D-02  0.3502653703D+00
 0.4474900467D+00  0.3058380883D+00  0.1215041342D+00  0.2427945773D-01
 0.1470375425D-02  0.2290990194D-05  0.4581980388D-05  0.2940750849D-02
 0.4855891546D-01  0.2430082684D+00  0.6116761767D+00  0.8949800935D+00
 0.7005307406D+00  0.2940750849D-02 -0.6519672431D+00 -0.6519672431D+00
 0.2940750849D-02  0.7005307406D+00  0.8949800935D+00  0.6116761767D+00
 0.2430082684D+00  0.4855891546D-01  0.2940750849D-02  0.4581980388D-05
 0.1077852634D-04  0.6645669354D-02  0.1007529426D+00  0.4364130796D+00
 0.8651536474D+00  0.7996276357D+00  0.1513241725D-01 -0.6962916692D+00
-0.4352209672D+00  0.4352209672D+00  0.6962916692D+00 -0.1513241725D-01
-0.7996276357D+00 -0.8651536474D+00 -0.4364130796D+00 -0.1007529426D+00
-0.6645669354D-02 -0.1077852634D-04  0.5389263172D-05  0.3322834677D-02
 0.5037647130D-01  0.2182065398D+00  0.4325768237D+00  0.3998138179D+00
 0.7566208627D-02 -0.3481458346D+00 -0.2176104836D+00  0.2176104836D+00
 0.3481458346D+00 -0.7566208627D-02 -0.3998138179D+00 -0.4325768237D+00
-0.2182065398D+00 -0.5037647130D-01 -0.3322834677D-02 -0.5389263172D-05
-0.5389263172D-05 -0.3322834677D-02 -0.5037647130D-01 -0.2182065398D+00
-0.4325768237D+00 -0.3998138179D+00 -0.7566208627D-02  0.3481458346D+00
 0.2176104836D+00 -0.2176104836D+00 -0.3481458346D+00  0.7566208627D-02
 0.3998138179D+00  0.4325768237D+00  0.2182065398D+00  0.5037647130D-01
 0.3322834677D-02  0.5389263172D-05 -0.1077852634D-04 -0.6645669354D-02
-0.1007529426D+00 -0.4364130796D+00 -0.8651536474D+00 -0.7996276357D+00
-0.1513241725D-01  0.6962916692D+00  0.4352209672D+00 -0.4352209672D+00
-0.6962916692D+00  0.1513241725D-01  0.7996276357D+00  0.8651536474D+00
 0.4364130796D+00  0.1007529426D+00  0.6645669354D-02  0.1077852634D-04
-0.5389263172D-05 -0.3322834677D-02 -0.5037647130D-01 -0.2182065398D+00
-0.4325768237D+00 -0.3998138179D+00 -0.7566208627D-02  0.3481458346D+00
 0.2176104836D+00 -0.2176104836D+00 -0.3481458346D+00  0.7566208627D-02
 0.3998138179D+00  0.4325768237D+00  0.2182065398D+00  0.5037647130D-01
 0.3322834677D-02  0.5389263172D-05  0.5389263172D-05  0.3322834677D-02
 0.5037647130D-01  0.2182065398D+00  0.4325768237D+00  0.3998138179D+00
 0.7566208627D-02 -0.3481458346D+00 -0.2176104836D+00  0.2176104836D+00
 0.3481458346D+00 -0.7566208627D-02 -0.3998138179D+00 -0.4325768237D+00
-0.2182065398D+00 -0.5037647130D-01 -0.3322834677D-02 -0.5389263172D-05
 0.1077852634D-04  0.6645669354D-02  0.1007529426D+00  0.4364130796D+00
 0.8651536474D+00  0.7996276357D+00  0.1513241725D-01 -0.6962916692D+00
-0.4352209672D+00  0.4352209672D+00  0.6962916692D+00 -0.1513241725D-01
-0.7996276357D+00 -0.8651536474D+00 -0.4364130796D+00 -0.1007529426D+00
-0.6645669354D-02 -0.1077852634D-04 -0.3073289381D-09 -0.5519572669D-05
-0.4554846179D-03 -0.7116412152D-02 -0.4680630949D-01 -0.1758814572D+00
-0.4369389732D+00 -0.7752350205D+00 -0.1023381153D+01 -0.1023381153D+01
-0.7752350205D+00 -0.4369389732D+00 -0.1758814572D+00 -0.4680630949D-01
-0.7116412152D-02 -0.4554846179D-03 -0.5519572669D-05 -0.3073289381D-09
-0.1881847002D-25 -0.3379763501D-21 -0.2789038897D-19 -0.4357545682D-18
-0.2866059855D-17 -0.1076963318D-16 -0.2675479575D-16 -0.4746945432D-16
-0.6266402267D-16 -0.6266402267D-16 -0.4746945432D-16 -0.2675479575D-16
-0.1076963318D-16 -0.2866059855D-17 -0.4357545682D-18 -0.2789038897D-19
-0.3379763501D-21 -0.1881847002D-25  0.3073289381D-09  0.5519572669D-05
 0.4554846179D-03  0.7116412152D-02  0.4680630949D-01  0.1758814572D+00
 0.4369389732D+00  0.7752350205D+00  0.1023381153D+01  0.1023381153D+01
 0.7752350205D+00  0.4369389732D+00  0.1758814572D+00  0.4680630949D-01
 0.7116412152D-02  0.4554846179D-03  0.5519572669D-05  0.3073289381D-09
 0.5645541005D-25  0.1013929050D-20  0.8367116690D-19  0.1307263704D-17
 0.8598179565D-17  0.3230889954D-16  0.8026438725D-16  0.1424083630D-15
 0.1879920680D-15  0.1879920680D-15  0.1424083630D-15  0.8026438725D-16
 0.3230889954D-16  0.8598179565D-17  0.1307263704D-17  0.8367116690D-19
 0.1013929050D-20  0.5645541005D-25 -0.3073289381D-09 -0.5519572669D-05
-0.4554846179D-03 -0.7116412152D-02 -0.4680630949D-01 -0.1758814572D+00
-0.4369389732D+00 -0.7752350205D+00 -0.1023381153D+01 -0.1023381153D+01
-0.7752350205D+00 -0.4369389732D+00 -0.1758814572D+00 -0.4680630949D-01
-0.7116412152D-02 -0.4554846179D-03 -0.5519572669D-05 -0.3073289381D-09
-0.9409235009D-25 -0.1689881751D-20 -0.1394519448D-18 -0.2178772841D-17
-0.1433029927D-16 -0.5384816591D-16 -0.1337739787D-15 -0.2373472716D-15
-0.3133201133D-15 -0.3133201133D-15 -0.2373472716D-15 -0.1337739787D-15
-0.5384816591D-16 -0.1433029927D-16 -0.2178772841D-17 -0.1394519448D-18
-0.1689881751D-20 -0.9409235009D-25  0.3073289381D-09  0.5519572669D-05
 0.4554846179D-03  0.7116412152D-02  0.4680630949D-01  0.1758814572D+00
 0.4369389732D+00  0.7752350205D+00  0.1023381153D+01  0.1023381153D+01
 0.7752350205D+00  0.4369389732D+00  0.1758814572D+00  0.4680630949D-01
 0.7116412152D-02  0.4554846179D-03  0.5519572669D-05  0.3073289381D-09
 