42
   4.00   4.25   4.50   4.75   5.00
   5.25   5.50   5.75   6.00   6.25
   6.50   6.75   7.00   7.25   7.50
   7.75   8.00   8.25   8.50   8.75
   9.00   9.50  10.00  11.00  12.00
  14.00  16.00  20.00  21.00  22.00
  25.00  30.00  40.00  50.00  75.00
 100.00 110.00 125.00 150.00 200.00
 250.00 300.00
120
0 0 0 0
  1.4354240000e+05  9.5673300000e+04  6.2848910000e+04  4.0554870000e+04  2.5590370000e+04
  1.5683700000e+04  9.2301310000e+03  5.1055070000e+03  2.5304250000e+03  9.7084510000e+02
  6.5508690000e+01 -4.2667600000e+02 -6.6431650000e+02 -7.5012180000e+02 -7.4941220000e+02
 -7.0285390000e+02 -6.3511290000e+02 -5.6063810000e+02 -4.8747820000e+02 -4.1976430000e+02
 -3.5928610000e+02 -2.6106370000e+02 -1.8961270000e+02 -1.0257710000e+02 -5.8299490000e+01
 -2.1733510720e+01 -9.8676158459e+00 -2.7198908490e+00 -2.0297352717e+00 -1.5353858407e+00
 -7.1303721111e-01 -2.3879471104e-01 -4.2500328210e-02 -1.1141206038e-02 -9.7810313642e-04
 -1.7408134435e-04 -9.8264380593e-05 -4.5634379933e-05 -1.5282861507e-05 -2.7200210054e-06
 -7.1303718645e-07 -2.3879471104e-07
0 0 2 2
  1.1365920000e+04  7.2247800000e+03  4.6362970000e+03  2.9724140000e+03  1.8838090000e+03
  1.1675970000e+03  6.9850900000e+02  3.9502880000e+02  2.0258700000e+02  8.4197960000e+01
  1.4511820000e+01 -2.3892520000e+01 -4.2800830000e+01 -4.9993730000e+01 -5.0502270000e+01
 -4.7490280000e+01 -4.2877310000e+01 -3.7768200000e+01 -3.2755880000e+01 -2.8124270000e+01
 -2.3987450000e+01 -1.7252320000e+01 -1.2337920000e+01 -6.3820320000e+00 -3.4378100000e+00
 -1.1905947643e+00 -5.5315721040e-01 -1.6038117301e-01 -1.1968886687e-01 -9.0538678798e-02
 -4.2046447402e-02 -1.4081269760e-02 -2.5061634900e-03 -6.5697572192e-04 -5.7676880937e-05
 -1.0265245655e-05 -5.7944635579e-06 -2.6909725570e-06 -9.0120126464e-07 -1.6039446336e-07
 -4.2046446203e-08 -1.4081269760e-08
0 0 4 4
  7.5444340000e+02  4.2936690000e+02  2.4020970000e+02  1.3469450000e+02  7.6020210000e+01
  4.2791100000e+01  2.3606840000e+01  1.2517380000e+01  6.1083870000e+00  2.3427110000e+00
  1.4511860000e-01 -1.0353710000e+00 -1.5564920000e+00 -1.6794030000e+00 -1.5829610000e+00
 -1.3764590000e+00 -1.1320480000e+00 -8.9442820000e-01 -6.8898850000e-01 -5.2445990000e-01
 -3.9998910000e-01 -2.4399680000e-01 -1.5824190000e-01 -7.2748620000e-02 -2.8667810000e-02
 -1.1928688450e-03  4.4161500000e-04  8.4963202400e-08  1.1501854201e-08  1.5566678014e-09
  3.8586173471e-12  1.7518270474e-16  0.0000000000e+00  0.0000000000e+00  0.0000000000e+00
  0.0000000000e+00  0.0000000000e+00  0.0000000000e+00  0.0000000000e+00  0.0000000000e+00
  0.0000000000e+00  0.0000000000e+00
1 0 0 1
  4.2123360000e+04  2.8284980000e+04  1.8950380000e+04  1.2599150000e+04  8.2755430000e+03
  5.3486320000e+03  3.3868440000e+03  2.0892700000e+03  1.2448060000e+03  7.0576110000e+02
  3.6961960000e+02  1.6604740000e+02  4.7471180000e+01 -1.7767480000e+01 -5.0389110000e+01
 -6.3698990000e+01 -6.6072430000e+01 -6.2669710000e+01 -5.6578050000e+01 -4.9579950000e+01
 -4.2644900000e+01 -3.0606710000e+01 -2.1596480000e+01 -1.0768590000e+01 -5.5690280000e+00
 -1.7182375867e+00 -8.0419006846e-01 -2.5977784166e-01 -1.9388420588e-01 -1.4666622011e-01
 -6.8112501367e-02 -2.2810738688e-02 -4.0598214120e-03 -1.0642578242e-03 -9.3432785666e-05
 -1.6629028504e-05 -9.3866530724e-06 -4.3592000480e-06 -1.4598872760e-06 -2.5982857037e-07
 -6.8112500751e-08 -2.2810738688e-08
1 0 2 1
 -1.8259960000e+03 -1.0626330000e+03 -6.5538780000e+02 -4.2610470000e+02 -2.8670320000e+02
 -1.9573680000e+02 -1.3350320000e+02 -8.9961800000e+01 -5.9369090000e+01 -3.8064520000e+01
 -2.3504060000e+01 -1.3799220000e+01 -7.5180280000e+00 -3.5866890000e+00 -1.2269750000e+00
  1.1293370000e-01  8.1240870000e-01  1.1177840000e+00  1.1895030000e+00  1.1320770000e+00
  1.0122130000e+00  7.3905860000e-01  5.1533240000e-01  2.4800540000e-01  1.1980350000e-01
  3.1743271698e-02  5.1932300000e-03  5.4832965693e-07  7.4229873524e-08  1.0046315315e-08
  2.4902478560e-11  1.1305820600e-15  0.0000000000e+00  0.0000000000e+00  0.0000000000e+00
  0.0000000000e+00  0.0000000000e+00  0.0000000000e+00  0.0000000000e+00  0.0000000000e+00
  0.0000000000e+00  0.0000000000e+00
1 0 2 3
  7.1375220000e+03  4.5514350000e+03  3.0390630000e+03  2.1123790000e+03  1.5156550000e+03
  1.1149210000e+03  8.3726120000e+02  6.4055810000e+02  4.9890170000e+02  3.9554320000e+02
  3.1922670000e+02  2.6214260000e+02  2.1879670000e+02  1.8531500000e+02  1.5897310000e+02
  1.3785930000e+02  1.2063440000e+02  1.0635520000e+02  9.4350390000e+01  8.4133430000e+01
  7.5342100000e+01  6.1055070000e+01  5.0024000000e+01  3.4489590000e+01  2.4508380000e+01
  1.3320651583e+01  7.7946183047e+00  3.1763004281e+00  2.6131659047e+00  2.1694525585e+00
  1.3010067945e+00  6.2741452800e-01  1.9851787800e-01  8.1312922829e-02  1.6061811917e-02
  5.0820576768e-03  3.4711137742e-03  2.0816108244e-03  1.0038632448e-03  3.1762860480e-04
  1.3010067653e-04  6.2741452800e-05
1 0 4 3
 -2.7686650000e+02 -1.2421840000e+02 -5.7317430000e+01 -2.7546930000e+01 -1.3960600000e+01
 -7.4967870000e+00 -4.2452860000e+00 -2.5159350000e+00 -1.5364060000e+00 -9.3505640000e-01
 -5.4039840000e-01 -2.7618060000e-01 -1.0971370000e-01 -1.2492270000e-02  3.9794690000e-02
  6.2955290000e-02  6.9258640000e-02  6.6896080000e-02  5.9844130000e-02  5.0069360000e-02
  3.9605820000e-02  2.1617830000e-02  9.7525590000e-03  8.0609470000e-04 -1.1897970000e-03
 -4.4407076031e-04 -2.4704525000e-04 -6.1562168480e-08 -8.3339500654e-09 -1.1279217679e-09
 -2.7958556707e-12 -1.2693291778e-16 -0.0000000000e+00 -0.0000000000e+00 -0.0000000000e+00
 -0.0000000000e+00 -0.0000000000e+00 -0.0000000000e+00 -0.0000000000e+00 -0.0000000000e+00
 -0.0000000000e+00 -0.0000000000e+00
1 0 4 5
  5.2539760000e+02  3.1207080000e+02  1.8133380000e+02  1.0745450000e+02  6.6114750000e+01
  4.2370140000e+01  2.8150380000e+01  1.9284770000e+01  1.3552180000e+01  9.7151230000e+00
  7.0795050000e+00  5.2420260000e+00  3.9562680000e+00  3.0502820000e+00  2.4067030000e+00
  1.9404140000e+00  1.5950650000e+00  1.3308610000e+00  1.1237950000e+00  9.5870740000e-01
  8.2699040000e-01  6.1914340000e-01  4.6905610000e-01  2.7098660000e-01  1.6041640000e-01
  6.1999195131e-02  1.4202410000e-02  2.5382507174e-06  3.4361451610e-07  4.6504993365e-08
  1.1527505994e-10  5.2335318519e-15  0.0000000000e+00  0.0000000000e+00  0.0000000000e+00
  0.0000000000e+00  0.0000000000e+00  0.0000000000e+00  0.0000000000e+00  0.0000000000e+00
  0.0000000000e+00  0.0000000000e+00
2 0 0 2
  9.3313760000e+03  6.0401770000e+03  3.9077290000e+03  2.5051010000e+03  1.5793720000e+03
  9.7207110000e+02  5.7892460000e+02  3.2926600000e+02  1.7466710000e+02  8.2007620000e+01
  2.8861580000e+01  2.7408050000e-01 -1.3544680000e+01 -1.8863970000e+01 -1.9579050000e+01
 -1.8032270000e+01 -1.5577600000e+01 -1.2945630000e+01 -1.0500390000e+01 -8.3934220000e+00
 -6.6579120000e+00 -4.1739470000e+00 -2.6604500000e+00 -1.1793740000e+00 -5.9235510000e-01
 -1.8881601407e-01 -3.7773400000e-02 -5.5355877151e-06 -7.4937762491e-07 -1.0142121430e-07
 -2.5139959630e-10 -1.1413637915e-14 -0.0000000000e+00 -0.0000000000e+00 -0.0000000000e+00
 -0.0000000000e+00 -0.0000000000e+00 -0.0000000000e+00 -0.0000000000e+00 -0.0000000000e+00
 -0.0000000000e+00 -0.0000000000e+00
2 0 2 0
  3.1351290000e+02  1.7180630000e+02  1.0113470000e+02  6.4335200000e+01  4.3430060000e+01
  3.0274140000e+01  2.1291900000e+01  1.4873950000e+01  1.0220840000e+01  6.8668740000e+00
  4.4897770000e+00  2.8374250000e+00  1.7186800000e+00  9.8809300000e-01  5.3043310000e-01
  2.5653490000e-01  1.0432010000e-01  2.6350580000e-02 -6.9595340000e-03 -1.5526860000e-02
 -1.3889950000e-02 -2.5304890000e-03  1.5409380000e-03 -4.7207030000e-03 -8.2128440000e-03
 -4.0766397387e-03 -7.6122500000e-04 -8.3588233330e-08 -1.1315718400e-08 -1.5314760712e-09
 -3.7961729082e-12 -1.7234770331e-16 -0.0000000000e+00 -0.0000000000e+00 -0.0000000000e+00
 -0.0000000000e+00 -0.0000000000e+00 -0.0000000000e+00 -0.0000000000e+00 -0.0000000000e+00
 -0.0000000000e+00 -0.0000000000e+00
2 0 2 2
 -1.5884690000e+02 -7.5274780000e+01 -4.1162030000e+01 -2.7436160000e+01 -2.0788420000e+01
 -1.6261230000e+01 -1.2430340000e+01 -9.0936810000e+00 -6.3188480000e+00 -4.1501470000e+00
 -2.5508510000e+00 -1.4307920000e+00 -6.8724980000e-01 -2.2645590000e-01  3.3952820000e-02
  1.6111930000e-01  2.0286740000e-01  1.9877640000e-01  1.7026320000e-01  1.3122710000e-01
  9.3253090000e-02  3.6498770000e-02  7.0269360000e-03 -2.6176350000e-03 -1.3737330000e-03
 -1.6321923542e-03 -9.3714100000e-04 -2.7304519498e-07 -3.6963366898e-08 -5.0026441019e-09
 -1.2400390948e-11 -5.6298249622e-16 -0.0000000000e+00 -0.0000000000e+00 -0.0000000000e+00
 -0.0000000000e+00 -0.0000000000e+00 -0.0000000000e+00 -0.0000000000e+00 -0.0000000000e+00
 -0.0000000000e+00 -0.0000000000e+00
2 0 2 4
  3.3911350000e+03  2.1716840000e+03  1.4575880000e+03  1.0177960000e+03  7.3297490000e+02
  5.4058840000e+02  4.0642390000e+02  3.1065180000e+02  2.4105870000e+02  1.8975080000e+02
  1.5142220000e+02  1.2240980000e+02  1.0015730000e+02  8.2862650000e+01  6.9247750000e+01
  5.8390470000e+01  4.9627110000e+01  4.2471540000e+01  3.6570650000e+01  3.1657530000e+01
  2.7532530000e+01  2.1070040000e+01  1.6339610000e+01  1.0165860000e+01  6.5875410000e+00
  3.0569448808e+00  1.5677196792e+00  5.1224859492e-01  4.0136430015e-01  3.1806642067e-01
  1.6785316393e-01  6.7456419840e-02  1.6007724630e-02  5.2454112068e-03  6.9075373916e-04
  1.6391910021e-04  1.0178086458e-04  5.3713010757e-05  2.1586054349e-05  5.1224718816e-06
  1.6785315862e-06  6.7456419840e-07
2 0 4 6
  3.1112700000e+02  1.7750110000e+02  1.0298610000e+02  6.2260770000e+01  3.9468490000e+01
  2.6154010000e+01  1.7965780000e+01  1.2669510000e+01  9.1062950000e+00  6.6494140000e+00
  4.9305510000e+00  3.7158940000e+00  2.8459160000e+00  2.2139310000e+00  1.7442890000e+00
  1.3892410000e+00  1.1180180000e+00  9.0808410000e-01  7.4471680000e-01  6.1683040000e-01
  5.1359510000e-01  3.6238180000e-01  2.5847070000e-01  1.3423680000e-01  7.0362010000e-02
  2.2585295877e-02  4.7806015000e-03  6.8854491208e-07  9.3211448794e-08  1.2615293023e-08
  3.1270376669e-11  1.4196870719e-15  0.0000000000e+00  0.0000000000e+00  0.0000000000e+00
  0.0000000000e+00  0.0000000000e+00  0.0000000000e+00  0.0000000000e+00  0.0000000000e+00
  0.0000000000e+00  0.0000000000e+00
2 2 0 2
  1.8693550000e+04  1.1473730000e+04  6.9637380000e+03  4.1223280000e+03  2.3410420000e+03
  1.2433480000e+03  5.8625930000e+02  2.0961380000e+02  7.5525820000e+00 -8.9209860000e+01
 -1.2524300000e+02 -1.2850180000e+02 -1.1591920000e+02 -9.7291370000e+01 -7.7917820000e+01
 -6.0372370000e+01 -4.5653550000e+01 -3.3901280000e+01 -2.4842000000e+01 -1.8044690000e+01
 -1.3046610000e+01 -6.8506320000e+00 -3.7188690000e+00 -1.3051330000e+00 -5.7915940000e-01
 -1.5836523946e-01 -2.7693760000e-02 -3.1155043231e-06 -4.2175995580e-07 -5.7081243739e-08
 -1.4149112424e-10 -6.4237512070e-15 -0.0000000000e+00 -0.0000000000e+00 -0.0000000000e+00
 -0.0000000000e+00 -0.0000000000e+00 -0.0000000000e+00 -0.0000000000e+00 -0.0000000000e+00
 -0.0000000000e+00 -0.0000000000e+00
2 2 2 0
  7.6165550000e+02  4.5642480000e+02  2.8911360000e+02  1.9234700000e+02  1.3172610000e+02
  9.1030820000e+01  6.2594660000e+01  4.2474350000e+01  2.8288710000e+01  1.8410130000e+01
  1.1661240000e+01  7.1529360000e+00  4.2151120000e+00  2.3573740000e+00  1.2252530000e+00
  5.6915240000e-01  2.1412880000e-01  4.2675290000e-02 -2.1850590000e-02 -3.1772290000e-02
 -1.8028730000e-02  1.9338330000e-02  3.3276140000e-02  1.6488910000e-02  2.1367080000e-03
 -1.2859048315e-03  1.5306390000e-04  1.8658881259e-07  2.5259374146e-08  3.4186187487e-09
  8.4739605937e-12  3.8472105501e-16  0.0000000000e+00  0.0000000000e+00  0.0000000000e+00
  0.0000000000e+00  0.0000000000e+00  0.0000000000e+00  0.0000000000e+00  0.0000000000e+00
  0.0000000000e+00  0.0000000000e+00
2 2 2 2
 -3.2633410000e+02 -1.4241700000e+02 -7.4729100000e+01 -5.0032620000e+01 -3.8273810000e+01
 -2.9608640000e+01 -2.1877610000e+01 -1.5128800000e+01 -9.6419910000e+00 -5.4998490000e+00
 -2.5957490000e+00 -7.0758080000e-01  4.1322700000e-01  9.9205190000e-01  1.2108450000e+00
  1.2053140000e+00  1.0752120000e+00  8.8991360000e-01  6.9139840000e-01  5.0648830000e-01
  3.5029900000e-01  1.3533220000e-01  3.2693970000e-02 -8.1433470000e-03 -3.2732880000e-03
  7.3583383323e-04 -3.7438375000e-04 -1.9854464837e-07 -2.6877889881e-08 -3.6376696328e-09
 -9.0169367768e-12 -4.0937238159e-16 -0.0000000000e+00 -0.0000000000e+00 -0.0000000000e+00
 -0.0000000000e+00 -0.0000000000e+00 -0.0000000000e+00 -0.0000000000e+00 -0.0000000000e+00
 -0.0000000000e+00 -0.0000000000e+00
2 2 2 4
  1.0504160000e+04  6.9259500000e+03  4.7694530000e+03  3.3997750000e+03  2.4890990000e+03
  1.8615850000e+03  1.4175180000e+03  1.0968210000e+03  8.6129000000e+02  6.8569020000e+02
  5.5291730000e+02  4.5114160000e+02  3.7207760000e+02  3.0985820000e+02  2.6028730000e+02
  2.2033330000e+02  1.8778770000e+02  1.6101710000e+02  1.3880270000e+02  1.2022190000e+02
  1.0457020000e+02  8.0002720000e+01  6.2008280000e+01  3.8540030000e+01  2.4944260000e+01
  1.1544964102e+01  5.9223554121e+00  1.9396666540e+00  1.5197979938e+00  1.2043843024e+00
  6.3558966259e-01  2.5542922240e-01  6.0614551800e-02  1.9862176334e-02  2.6155952374e-03
  6.2069301043e-04  3.8540152525e-04  2.0338868566e-04  8.1737351168e-05  1.9396656576e-05
  6.3558964268e-06  2.5542922240e-06
2 2 4 6
  7.9066840000e+02  4.7353790000e+02  2.9273560000e+02  1.8821470000e+02  1.2567480000e+02
  8.6637490000e+01  6.1233430000e+01  4.4120220000e+01  3.2295750000e+01  2.3985410000e+01
  1.8062910000e+01  1.3780150000e+01  1.0636830000e+01  8.3005390000e+00  6.5414640000e+00
  5.2012980000e+00  4.1693020000e+00  3.3685780000e+00  2.7431760000e+00  2.2512160000e+00
  1.8596300000e+00  1.2942770000e+00  9.1712170000e-01  4.7465410000e-01  2.5295850000e-01
  8.1129167465e-02  1.6203595000e-02  2.2631046545e-06  3.0636674518e-07  4.1463857852e-08
  1.0277925774e-10  4.6662176483e-15  0.0000000000e+00  0.0000000000e+00  0.0000000000e+00
  0.0000000000e+00  0.0000000000e+00  0.0000000000e+00  0.0000000000e+00  0.0000000000e+00
  0.0000000000e+00  0.0000000000e+00
3 0 0 3
 -1.6169900000e+04 -1.0704660000e+04 -7.1132390000e+03 -4.7171770000e+03 -3.1084180000e+03
 -2.0288330000e+03 -1.3082100000e+03 -8.3131930000e+02 -5.1915050000e+02 -3.1742040000e+02
 -1.8897140000e+02 -1.0854750000e+02 -5.9167330000e+01 -2.9556610000e+01 -1.2337400000e+01
 -2.7382530000e+00  2.2699920000e+00  4.5890980000e+00  5.3894750000e+00  5.3777480000e+00
  4.9690840000e+00  3.8013840000e+00  2.7209390000e+00  1.3112210000e+00  6.3479730000e-01
  1.6796383505e-01  2.7932045000e-02  3.0574193331e-06  4.1389672716e-07  5.6017029689e-08
  1.3885318518e-10  6.3039877638e-15  0.0000000000e+00  0.0000000000e+00  0.0000000000e+00
  0.0000000000e+00  0.0000000000e+00  0.0000000000e+00  0.0000000000e+00  0.0000000000e+00
  0.0000000000e+00  0.0000000000e+00
3 0 2 1
 -1.5459810000e+02 -7.9814970000e+01 -4.4206770000e+01 -2.9044470000e+01 -2.2089800000e+01
 -1.7851930000e+01 -1.4426570000e+01 -1.1381420000e+01 -8.7009030000e+00 -6.4261260000e+00
 -4.5814670000e+00 -3.1515740000e+00 -2.0926330000e+00 -1.3408020000e+00 -8.2758170000e-01
 -4.8763280000e-01 -2.6742710000e-01 -1.2801590000e-01 -4.2887690000e-02  5.1744860000e-03
  2.7722570000e-02  3.3962330000e-02  2.4393640000e-02  1.2244950000e-02  4.8030990000e-03
  1.6323455484e-05 -1.8113495000e-04 -9.4434496134e-08 -1.2784026207e-08 -1.7301977247e-09
 -4.2887576581e-12 -1.9471123953e-16 -0.0000000000e+00 -0.0000000000e+00 -0.0000000000e+00
 -0.0000000000e+00 -0.0000000000e+00 -0.0000000000e+00 -0.0000000000e+00 -0.0000000000e+00
 -0.0000000000e+00 -0.0000000000e+00
3 0 2 3
  6.8197990000e+02  3.6667550000e+02  2.0951270000e+02  1.2878380000e+02  8.4111050000e+01
  5.7023000000e+01  3.9278720000e+01  2.7078020000e+01  1.8485910000e+01  1.2409130000e+01
  8.1509710000e+00  5.2154240000e+00  3.2337230000e+00  1.9345180000e+00  1.1083380000e+00
  5.9865190000e-01  2.9325560000e-01  1.1731140000e-01  1.9881250000e-02 -2.8247760000e-02
 -4.6615030000e-02 -4.3976700000e-02 -2.9151980000e-02 -1.3177310000e-02 -5.9909760000e-03
 -3.8917383262e-04  1.1253495000e-04  2.9233369611e-08  3.9574538811e-09  5.3560416646e-10
  1.3276381293e-12  6.0275279328e-17  0.0000000000e+00  0.0000000000e+00  0.0000000000e+00
  0.0000000000e+00  0.0000000000e+00  0.0000000000e+00  0.0000000000e+00  0.0000000000e+00
  0.0000000000e+00  0.0000000000e+00
3 0 2 5
 -3.2884670000e+03 -1.9235630000e+03 -1.1837930000e+03 -7.6048970000e+02 -5.0439390000e+02
 -3.4207750000e+02 -2.3569580000e+02 -1.6443980000e+02 -1.1604630000e+02 -8.2875020000e+01
 -5.9986340000e+01 -4.4093720000e+01 -3.2980090000e+01 -2.5131950000e+01 -1.9519360000e+01
 -1.5440130000e+01 -1.2418680000e+01 -1.0139670000e+01 -8.3859860000e+00 -7.0133980000e+00
 -5.9226170000e+00 -4.3177460000e+00 -3.2138030000e+00 -1.8538840000e+00 -1.1199330000e+00
 -4.5502232252e-01 -2.0300600647e-01 -5.2252450481e-02 -3.8991661922e-02 -2.9494818158e-02
 -1.3697442496e-02 -4.5872455680e-03 -8.1643115700e-04 -2.1402252922e-04 -1.8789357847e-05
 -3.3441020191e-06 -1.8876584092e-06 -8.7663627969e-07 -2.9358371635e-07 -5.2251594048e-08
 -1.3697441870e-08 -4.5872455680e-09
3 0 4 7
 -3.9223870000e+02 -2.0099970000e+02 -1.0452510000e+02 -5.6279970000e+01 -3.1743180000e+01
 -1.8786890000e+01 -1.1578590000e+01 -7.3556930000e+00 -4.7702820000e+00 -3.1389740000e+00
 -2.0934420000e+00 -1.4146650000e+00 -9.6635940000e-01 -6.6814280000e-01 -4.7011440000e-01
 -3.3921940000e-01 -2.5424920000e-01 -1.9752830000e-01 -1.5803540000e-01 -1.2971670000e-01
 -1.0853340000e-01 -7.9016670000e-02 -5.8564930000e-02 -3.1565940000e-02 -1.7078760000e-02
 -5.6775087990e-03 -1.2072080000e-03 -1.5462260099e-07 -2.0931963045e-08 -2.8329443517e-09
 -7.0222100108e-12 -3.1881102278e-16 -0.0000000000e+00 -0.0000000000e+00 -0.0000000000e+00
 -0.0000000000e+00 -0.0000000000e+00 -0.0000000000e+00 -0.0000000000e+00 -0.0000000000e+00
 -0.0000000000e+00 -0.0000000000e+00
3 2 0 3
  4.1187230000e+04  2.7262700000e+04  1.8138140000e+04  1.2046090000e+04  7.9456920000e+03
  5.1858110000e+03  3.3384540000e+03  2.1132990000e+03  1.3104300000e+03  7.9177710000e+02
  4.6231940000e+02  2.5712620000e+02  1.3231050000e+02  5.8606330000e+01  1.6796540000e+01
 -5.5390550000e+00 -1.6296560000e+01 -2.0404020000e+01 -2.0878630000e+01 -1.9527120000e+01
 -1.7393480000e+01 -1.2796860000e+01 -8.9989700000e+00 -4.3194600000e+00 -2.1350660000e+00
 -6.1211018580e-01 -2.4789125404e-01 -5.9760902314e-02 -4.2475931529e-02 -3.0670573991e-02
 -1.2534296961e-02 -3.4980921344e-03 -4.6693893420e-04 -9.7924191974e-05 -5.7312741530e-06
 -7.6503274979e-07 -3.9258276627e-07 -1.6043899613e-07 -4.4775579320e-08 -5.9768183578e-09
 -1.2534296573e-09 -3.4980921344e-10
3 2 2 1
  4.9801700000e+02  2.3493030000e+02  1.2189140000e+02  7.6301300000e+01  5.6512950000e+01
  4.5177920000e+01  3.6346140000e+01  2.8565060000e+01  2.1720930000e+01  1.5938050000e+01
  1.1274630000e+01  7.6781910000e+00  5.0246640000e+00  3.1559150000e+00  1.8907460000e+00
  1.0611970000e+00  5.3124120000e-01  2.0401690000e-01  1.3617160000e-02 -8.6129240000e-02
 -1.2872770000e-01 -1.2621840000e-01 -9.2645690000e-02 -4.8347100000e-02 -2.3017720000e-02
 -5.9981402296e-03 -1.0679240000e-03 -1.4313813335e-07 -1.9377258554e-08 -2.6225297194e-09
 -6.5006410868e-12 -2.9513159396e-16 -0.0000000000e+00 -0.0000000000e+00 -0.0000000000e+00
 -0.0000000000e+00 -0.0000000000e+00 -0.0000000000e+00 -0.0000000000e+00 -0.0000000000e+00
 -0.0000000000e+00 -0.0000000000e+00
3 2 2 3
 -1.3702850000e+03 -7.4333670000e+02 -4.3109160000e+02 -2.7051460000e+02 -1.8068860000e+02
 -1.2493320000e+02 -8.7288530000e+01 -6.0668780000e+01 -4.1537070000e+01 -2.7839780000e+01
 -1.8184640000e+01 -1.1522380000e+01 -7.0439260000e+00 -4.1233050000e+00 -2.2753320000e+00
 -1.1380650000e+00 -4.6177630000e-01 -7.6811700000e-02  1.2133530000e-01  2.0516430000e-01
  2.2275270000e-01  1.7396140000e-01  1.1093830000e-01  4.3765680000e-02  1.4763850000e-02
  1.4419271824e-03 -1.0982675000e-04 -5.5500010637e-08 -7.5132882530e-09 -1.0168529092e-09
 -2.5205418082e-12 -1.1443356303e-16 -0.0000000000e+00 -0.0000000000e+00 -0.0000000000e+00
 -0.0000000000e+00 -0.0000000000e+00 -0.0000000000e+00 -0.0000000000e+00 -0.0000000000e+00
 -0.0000000000e+00 -0.0000000000e+00
3 2 2 5
  9.4929420000e+03  5.4803660000e+03  3.3404090000e+03  2.1343870000e+03  1.4137700000e+03
  9.6081250000e+02  6.6515080000e+02  4.6721000000e+02  3.3247530000e+02  2.3973120000e+02
  1.7534970000e+02  1.3029570000e+02  9.8488910000e+01  7.5794580000e+01  5.9382020000e+01
  4.7316690000e+01  3.8285160000e+01  3.1401870000e+01  2.6066110000e+01  2.1861500000e+01
  1.8496770000e+01  1.3518490000e+01  1.0076720000e+01  5.8287950000e+00  3.5294590000e+00
  1.4350520583e+00  6.4136793689e-01  1.6467365141e-01  1.2288194911e-01  9.2952669429e-02
  4.3167369585e-02  1.4456664064e-02  2.5729756110e-03  6.7449011857e-04  5.9214496006e-05
  1.0538908103e-05  5.9489388752e-06  2.7627115257e-06  9.2522650010e-07  1.6467043910e-07
  4.3167367588e-08  1.4456664064e-08
3 2 4 1
  3.4483860000e+01  2.1307500000e+00 -3.7635180000e+00 -3.4003300000e+00 -2.2875870000e+00
 -1.5668170000e+00 -1.1738380000e+00 -9.2474640000e-01 -7.2309920000e-01 -5.4867020000e-01
 -4.1855150000e-01 -3.2796810000e-01 -2.6129900000e-01 -2.0597260000e-01 -1.5892520000e-01
 -1.2081860000e-01 -9.0216510000e-02 -6.5462440000e-02 -4.6550410000e-02 -3.3440500000e-02
 -2.4708840000e-02 -1.4994950000e-02 -1.1289640000e-02 -6.8830720000e-03 -4.8582940000e-03
 -1.9850308910e-03 -4.7240250000e-04 -1.1777865467e-07 -1.5944230865e-08 -2.1579017062e-09
 -5.3489363301e-12 -2.4284375710e-16 -0.0000000000e+00 -0.0000000000e+00 -0.0000000000e+00
 -0.0000000000e+00 -0.0000000000e+00 -0.0000000000e+00 -0.0000000000e+00 -0.0000000000e+00
 -0.0000000000e+00 -0.0000000000e+00
3 2 4 3
 -9.9981100000e+01 -4.4752720000e+01 -2.4828680000e+01 -1.5781170000e+01 -1.0517360000e+01
 -6.9850510000e+00 -4.5817410000e+00 -3.0021710000e+00 -1.9976280000e+00 -1.3641050000e+00
 -9.5096380000e-01 -6.7382800000e-01 -4.8798640000e-01 -3.6587580000e-01 -2.8601820000e-01
 -2.3159100000e-01 -1.9205480000e-01 -1.6101420000e-01 -1.3577080000e-01 -1.1352740000e-01
 -9.4977050000e-02 -6.3586340000e-02 -4.2792500000e-02 -1.9514450000e-02 -9.5291670000e-03
 -2.5630343877e-03 -5.3731250000e-04 -5.3078179065e-08 -7.1854339248e-09 -9.7248090910e-10
 -2.4105539423e-12 -1.0944007180e-16 -0.0000000000e+00 -0.0000000000e+00 -0.0000000000e+00
 -0.0000000000e+00 -0.0000000000e+00 -0.0000000000e+00 -0.0000000000e+00 -0.0000000000e+00
 -0.0000000000e+00 -0.0000000000e+00
3 2 4 5
 -1.2403190000e+02 -8.6808160000e+01 -4.8945720000e+01 -2.5764070000e+01 -1.3510900000e+01
 -7.3734830000e+00 -4.2454730000e+00 -2.5562490000e+00 -1.5792130000e+00 -9.7957160000e-01
 -6.0221500000e-01 -3.6272960000e-01 -2.0586400000e-01 -1.0053730000e-01 -3.2984190000e-02
  6.5838000000e-03  2.8651860000e-02  3.8351770000e-02  4.1026620000e-02  3.8002110000e-02
  3.3479780000e-02  2.0371150000e-02  1.0433530000e-02  1.5806580000e-03  8.3880390000e-05
 -3.6825163601e-04 -1.0752030000e-04 -7.6407749871e-08 -1.0343663775e-08 -1.3999176190e-09
 -3.4700701101e-12 -1.5754251144e-16 -0.0000000000e+00 -0.0000000000e+00 -0.0000000000e+00
 -0.0000000000e+00 -0.0000000000e+00 -0.0000000000e+00 -0.0000000000e+00 -0.0000000000e+00
 -0.0000000000e+00 -0.0000000000e+00
3 2 4 7
  1.2559800000e+03  6.3008590000e+02  3.2189090000e+02  1.7079130000e+02  9.5213690000e+01
  5.5904960000e+01  3.4335200000e+01  2.1834660000e+01  1.4236060000e+01  9.4516160000e+00
  6.3838080000e+00  4.3912780000e+00  3.0759850000e+00  2.1890160000e+00  1.5866130000e+00
  1.1741410000e+00  8.8978660000e-01  6.8973870000e-01  5.4713440000e-01  4.4316940000e-01
  3.6573470000e-01  2.5761670000e-01  1.8576580000e-01  9.6709610000e-02  4.9967530000e-02
  1.4346543883e-02  2.3476190000e-03  1.6919862795e-07  2.2905185948e-08  3.1000015152e-09
  7.6841825927e-12  3.4886483142e-16  0.0000000000e+00  0.0000000000e+00  0.0000000000e+00
  0.0000000000e+00  0.0000000000e+00  0.0000000000e+00  0.0000000000e+00  0.0000000000e+00
  0.0000000000e+00  0.0000000000e+00
4 0 0 4
 -1.2192220000e+04 -7.7864070000e+03 -5.0925230000e+03 -3.3692330000e+03 -2.2335030000e+03
 -1.4736170000e+03 -9.6311530000e+02 -6.2130180000e+02 -3.9430400000e+02 -2.4531270000e+02
 -1.4894460000e+02 -8.7669370000e+01 -4.9462820000e+01 -2.6174800000e+01 -1.2364160000e+01
 -4.4629220000e+00 -1.6909970000e-01  1.9736700000e+00  2.8745970000e+00  3.0914160000e+00
  2.9587690000e+00  2.3261480000e+00  1.6799900000e+00  8.0506290000e-01  3.8172740000e-01
  9.4455163337e-02  1.4062735000e-02  1.2964260452e-06  1.7550307584e-07  2.3752690865e-08
  5.8877394988e-11  2.6730562723e-15  0.0000000000e+00  0.0000000000e+00  0.0000000000e+00
  0.0000000000e+00  0.0000000000e+00  0.0000000000e+00  0.0000000000e+00  0.0000000000e+00
  0.0000000000e+00  0.0000000000e+00
4 0 2 2
 -1.2673750000e+02 -5.4365050000e+01 -1.8450400000e+01 -5.4899280000e+00 -2.4348270000e+00
 -2.5192020000e+00 -3.0657660000e+00 -3.3078340000e+00 -3.1590150000e+00 -2.7333060000e+00
 -2.1826690000e+00 -1.6235240000e+00 -1.1325960000e+00 -7.4606320000e-01 -4.6826620000e-01
 -2.7615900000e-01 -1.4823180000e-01 -6.4852870000e-02 -1.0785880000e-02  1.9383690000e-02
  3.2161500000e-02  3.1831820000e-02  1.9883550000e-02  9.9594130000e-03  4.7424680000e-03
  7.2894736332e-04  1.9719605000e-04 -3.7619108146e-08 -5.0926693540e-09 -6.8924490503e-10
 -1.7084777783e-12 -7.7565545187e-17 -0.0000000000e+00 -0.0000000000e+00 -0.0000000000e+00
 -0.0000000000e+00 -0.0000000000e+00 -0.0000000000e+00 -0.0000000000e+00 -0.0000000000e+00
 -0.0000000000e+00 -0.0000000000e+00
4 0 2 4
  6.8008820000e+02  3.2013360000e+02  1.5616070000e+02  8.2951360000e+01  4.9190320000e+01
  3.2124100000e+01  2.2281370000e+01  1.5847190000e+01  1.1260230000e+01  7.8655130000e+00
  5.3486530000e+00  3.5138130000e+00  2.2168600000e+00  1.3366210000e+00  7.6877720000e-01
  4.1387610000e-01  2.0001570000e-01  7.3519490000e-02  2.8048430000e-03 -3.0548580000e-02
 -4.0097840000e-02 -3.1154590000e-02 -1.4455740000e-02 -4.2955220000e-03 -2.0234360000e-03
 -4.7224080789e-04 -1.4064560000e-04  8.1497056986e-09  1.1032626370e-09  1.4931622272e-10
  3.7012018020e-13  1.6803597873e-17  0.0000000000e+00  0.0000000000e+00  0.0000000000e+00
  0.0000000000e+00  0.0000000000e+00  0.0000000000e+00  0.0000000000e+00  0.0000000000e+00
  0.0000000000e+00  0.0000000000e+00
4 0 2 6
 -5.5150770000e+03 -3.0223720000e+03 -1.7602610000e+03 -1.0856480000e+03 -7.0182160000e+02
 -4.7007180000e+02 -3.2310680000e+02 -2.2641640000e+02 -1.6108600000e+02 -1.1610220000e+02
 -8.4707330000e+01 -6.2564910000e+01 -4.6807020000e+01 -3.5493450000e+01 -2.7286770000e+01
 -2.1256240000e+01 -1.6764800000e+01 -1.3372590000e+01 -1.0777990000e+01 -8.7716750000e+00
 -7.2033720000e+00 -4.9672950000e+00 -3.5049880000e+00 -1.8279090000e+00 -1.0089830000e+00
 -3.4996410129e-01 -1.3704043624e-01 -2.8245591266e-02 -2.0073683458e-02 -1.4494279281e-02
 -5.9234201357e-03 -1.6531177472e-03 -2.2066458210e-04 -4.6276716968e-05 -2.7084681170e-06
 -3.6153685131e-07 -1.8552557029e-07 -7.5819773080e-08 -2.1159907164e-08 -2.8245066509e-09
 -5.9234197719e-10 -1.6531177472e-10
4 0 4 8
 -1.0269090000e+03 -4.9003290000e+02 -2.4086380000e+02 -1.2372930000e+02 -6.7018760000e+01
 -3.8357410000e+01 -2.3062450000e+01 -1.4440960000e+01 -9.3408650000e+00 -6.1986160000e+00
 -4.2062300000e+00 -2.9124050000e+00 -2.0495390000e+00 -1.4580620000e+00 -1.0475880000e+00
 -7.6131040000e-01 -5.5956340000e-01 -4.1778350000e-01 -3.1652420000e-01 -2.4488080000e-01
 -1.9277040000e-01 -1.2595800000e-01 -8.5423940000e-02 -4.1471970000e-02 -1.9674560000e-02
 -4.7127421172e-03 -5.3054900000e-04 -4.0770896347e-08 -5.5193412230e-09 -7.4699093003e-10
 -1.8516167406e-12 -8.4064108874e-17 -0.0000000000e+00 -0.0000000000e+00 -0.0000000000e+00
 -0.0000000000e+00 -0.0000000000e+00 -0.0000000000e+00 -0.0000000000e+00 -0.0000000000e+00
 -0.0000000000e+00 -0.0000000000e+00
4 2 0 4
  1.8193800000e+04  1.1549500000e+04  7.5132770000e+03  4.9455860000e+03  3.2612980000e+03
  2.1391820000e+03  1.3885580000e+03  8.8829040000e+02  5.5779480000e+02  3.4220820000e+02
  2.0382130000e+02  1.1667470000e+02  6.3019890000e+01  3.0865160000e+01  1.2248420000e+01
  1.9764090000e+00 -3.2775810000e+00 -5.6023620000e+00 -6.2879380000e+00 -6.1179420000e+00
 -5.5502750000e+00 -4.1303120000e+00 -2.9070390000e+00 -1.3793490000e+00 -6.6229280000e-01
 -1.7056528778e-01 -2.7072695000e-02 -2.8244599812e-06 -3.8235996272e-07 -5.1748825197e-08
 -1.2827329917e-10 -5.8236568887e-15 -0.0000000000e+00 -0.0000000000e+00 -0.0000000000e+00
 -0.0000000000e+00 -0.0000000000e+00 -0.0000000000e+00 -0.0000000000e+00 -0.0000000000e+00
 -0.0000000000e+00 -0.0000000000e+00
4 2 2 2
  3.3307270000e+02  1.3477450000e+02  4.8351920000e+01  1.6795140000e+01  7.5655730000e+00
  5.7837700000e+00  5.7091070000e+00  5.5879560000e+00  5.0863140000e+00  4.2934120000e+00
  3.3855970000e+00  2.5037880000e+00  1.7423520000e+00  1.1502060000e+00  7.2564380000e-01
  4.3299100000e-01  2.3339550000e-01  9.9287530000e-02  1.3065210000e-02 -3.6428580000e-02
 -6.0204140000e-02 -5.8501360000e-02 -3.8072540000e-02 -1.7469350000e-02 -9.0273830000e-03
 -2.3367558242e-03 -5.2892650000e-04 -1.0215905164e-07 -1.3829734334e-08 -1.8717244858e-09
 -4.6395695749e-12 -2.1063823485e-16 -0.0000000000e+00 -0.0000000000e+00 -0.0000000000e+00
 -0.0000000000e+00 -0.0000000000e+00 -0.0000000000e+00 -0.0000000000e+00 -0.0000000000e+00
 -0.0000000000e+00 -0.0000000000e+00
4 2 2 4
 -8.5073020000e+02 -4.0744810000e+02 -2.0172930000e+02 -1.0896020000e+02 -6.5819450000e+01
 -4.3715170000e+01 -3.0675380000e+01 -2.1935080000e+01 -1.5595410000e+01 -1.0862470000e+01
 -7.3442230000e+00 -4.7826750000e+00 -2.9801360000e+00 -1.7684400000e+00 -9.8820760000e-01
 -5.0410780000e-01 -2.1055190000e-01 -4.0801920000e-02  4.9104420000e-02  8.6839630000e-02
  9.2973000000e-02  6.3785570000e-02  2.9892460000e-02  7.4695580000e-03  2.7953650000e-03
  5.8600396303e-04  1.5411420000e-04 -5.8524164579e-08 -7.9226816932e-09 -1.0722604614e-09
 -2.6578842404e-12 -1.2066896202e-16 -0.0000000000e+00 -0.0000000000e+00 -0.0000000000e+00
 -0.0000000000e+00 -0.0000000000e+00 -0.0000000000e+00 -0.0000000000e+00 -0.0000000000e+00
 -0.0000000000e+00 -0.0000000000e+00
4 2 2 6
  8.5948550000e+03  4.7519130000e+03  2.7858950000e+03  1.7263890000e+03  1.1199120000e+03
  7.5216030000e+02  5.1824930000e+02  3.6403210000e+02  2.5968450000e+02  1.8775480000e+02
  1.3748470000e+02  1.0195690000e+02  7.6604240000e+01  5.8338340000e+01  4.5032770000e+01
  3.5211930000e+01  2.7861620000e+01  2.2284200000e+01  1.8002090000e+01  1.4677120000e+01
  1.2067260000e+01  8.3348140000e+00  5.8854280000e+00  3.0731590000e+00  1.6951880000e+00
  5.8740381031e-01  2.2997609148e-01  4.7455306206e-02  3.3725710590e-02  2.4351776479e-02
  9.9519127016e-03  2.7773960192e-03  3.7073761560e-04  7.7749313203e-05  4.5504856379e-06
  6.0741650940e-07  3.1170071295e-07  1.2738447475e-07  3.5550669046e-08  4.7454414797e-09
  9.9519120900e-10  2.7773960192e-10
4 2 4 8
  1.3449960000e+03  6.6126920000e+02  3.3291800000e+02  1.7473640000e+02  9.6591900000e+01
  5.6329900000e+01  3.4447630000e+01  2.1902130000e+01  1.4353650000e+01  9.6310130000e+00
  6.5994040000e+00  4.6073070000e+00  3.2660690000e+00  2.3430900000e+00  1.7029610000e+00
  1.2545980000e+00  9.3892760000e-01  7.1315290000e-01  5.5106930000e-01  4.3273550000e-01
  3.4561530000e-01  2.2817380000e-01  1.5588850000e-01  7.3616250000e-02  3.4483360000e-02
  8.3173052407e-03  1.2780710000e-03  1.7630845313e-07  2.3867675242e-08  3.2302653897e-09
  8.0070764341e-12  3.6352433543e-16  0.0000000000e+00  0.0000000000e+00  0.0000000000e+00
  0.0000000000e+00  0.0000000000e+00  0.0000000000e+00  0.0000000000e+00  0.0000000000e+00
  0.0000000000e+00  0.0000000000e+00
4 4 0 4
  6.2278020000e+03  3.8441180000e+03  2.4183320000e+03  1.5322300000e+03  9.6810000000e+02
  6.0507340000e+02  3.7143980000e+02  2.2226130000e+02  1.2833880000e+02  7.0361670000e+01
  3.5494160000e+01  1.5233710000e+01  4.0086940000e+00 -1.7761620000e+00 -4.3961280000e+00
 -5.2515620000e+00 -5.1851490000e+00 -4.6865400000e+00 -4.0298270000e+00 -3.3601530000e+00
 -2.7483400000e+00 -1.7924340000e+00 -1.1642970000e+00 -5.1476110000e-01 -2.4516630000e-01
 -6.4779001206e-02 -1.0396085000e-02 -1.0322452608e-06 -1.3973972443e-07 -1.8912457573e-08
 -4.6879582658e-11 -2.1283509994e-15 -0.0000000000e+00 -0.0000000000e+00 -0.0000000000e+00
 -0.0000000000e+00 -0.0000000000e+00 -0.0000000000e+00 -0.0000000000e+00 -0.0000000000e+00
 -0.0000000000e+00 -0.0000000000e+00
4 4 2 2
  2.2087990000e+02  8.9258510000e+01  3.5918810000e+01  1.5402510000e+01  7.8115520000e+00
  4.9613490000e+00  3.7052670000e+00  2.9380740000e+00  2.3164480000e+00  1.7631420000e+00
  1.2842130000e+00  8.9062670000e-01  5.8891890000e-01  3.7194230000e-01  2.2648710000e-01
  1.3135800000e-01  6.7002980000e-02  2.3873900000e-02 -4.5423200000e-03 -2.1069070000e-02
 -2.8403290000e-02 -2.7026850000e-02 -1.7397670000e-02 -6.1859510000e-03 -2.4870470000e-03
 -1.0561224427e-04  1.0176435000e-04  2.1015869530e-08  2.8450136109e-09  3.8504583741e-10
  9.5443905648e-13  4.3331898549e-17  0.0000000000e+00  0.0000000000e+00  0.0000000000e+00
  0.0000000000e+00  0.0000000000e+00  0.0000000000e+00  0.0000000000e+00  0.0000000000e+00
  0.0000000000e+00  0.0000000000e+00
4 4 2 4
 -2.5557520000e+02 -1.0990330000e+02 -5.1877100000e+01 -2.8440480000e+01 -1.8152930000e+01
 -1.2802900000e+01 -9.3979460000e+00 -6.8941190000e+00 -4.9399710000e+00 -3.4197370000e+00
 -2.2826080000e+00 -1.4704100000e+00 -9.1835760000e-01 -5.6004780000e-01 -3.3428700000e-01
 -1.9265970000e-01 -1.0423010000e-01 -4.8947080000e-02 -1.4509660000e-02  3.5629820000e-03
  1.0165770000e-02  6.8074010000e-03 -8.8560700000e-04 -4.9535010000e-03 -5.1959230000e-03
 -2.6486021593e-03 -7.4898550000e-04 -1.4444059972e-07 -1.9553579336e-08 -2.6463930791e-09
 -6.5597928042e-12 -2.9781710458e-16 -0.0000000000e+00 -0.0000000000e+00 -0.0000000000e+00
 -0.0000000000e+00 -0.0000000000e+00 -0.0000000000e+00 -0.0000000000e+00 -0.0000000000e+00
 -0.0000000000e+00 -0.0000000000e+00
4 4 2 6
  3.1002300000e+03  1.7581450000e+03  1.0527470000e+03  6.6212270000e+02  4.3342840000e+02
  2.9263940000e+02  2.0234850000e+02  1.4258840000e+02  1.0209020000e+02  7.4163930000e+01
  5.4647760000e+01  4.0844340000e+01  3.0967080000e+01  2.3810400000e+01  1.8551860000e+01
  1.4628340000e+01  1.1656710000e+01  9.3762330000e+00  7.6057360000e+00  6.2175800000e+00
  5.1213700000e+00  3.5431280000e+00  2.5034590000e+00  1.3100630000e+00  7.2365540000e-01
  2.4647583756e-01  4.9964775000e-02  7.1598761930e-06  9.6926492584e-07  1.3118089264e-07
  3.2516691581e-10  1.4762702460e-14  0.0000000000e+00  0.0000000000e+00  0.0000000000e+00
  0.0000000000e+00  0.0000000000e+00  0.0000000000e+00  0.0000000000e+00  0.0000000000e+00
  0.0000000000e+00  0.0000000000e+00
4 4 4 8
  2.2395950000e+02  1.3889210000e+02  8.1734600000e+01  4.8142690000e+01  2.9026400000e+01
  1.8042970000e+01  1.1561810000e+01  7.6173920000e+00  5.1332200000e+00  3.5241250000e+00
  2.4615350000e+00  1.7493050000e+00  1.2620920000e+00  9.2140450000e-01  6.8263990000e-01
  5.1282750000e-01  3.9134330000e-01  3.0207260000e-01  2.3579560000e-01  1.8547130000e-01
  1.4657860000e-01  9.2564660000e-02  5.8750030000e-02  2.2985880000e-02  1.0096530000e-02
  1.9602949457e-03  1.0308095000e-04 -1.8562025434e-08 -2.5128256022e-09 -3.4008731436e-10
 -8.4299733669e-13 -3.8272401808e-17 -0.0000000000e+00 -0.0000000000e+00 -0.0000000000e+00
 -0.0000000000e+00 -0.0000000000e+00 -0.0000000000e+00 -0.0000000000e+00 -0.0000000000e+00
 -0.0000000000e+00 -0.0000000000e+00
5 0 0 5
 -4.7251720000e+03 -2.7502830000e+03 -1.6806980000e+03 -1.0629060000e+03 -6.8535840000e+02
 -4.4516200000e+02 -2.8871160000e+02 -1.8575510000e+02 -1.1792480000e+02 -7.3500290000e+01
 -4.4746830000e+01 -2.6443330000e+01 -1.5027580000e+01 -8.0726400000e+00 -3.9499120000e+00
 -1.5854620000e+00 -2.9397290000e-01  3.6155470000e-01  6.4703330000e-01  7.2778360000e-01
  7.0239240000e-01  5.4398510000e-01  3.8209500000e-01  1.7136730000e-01  7.5106840000e-02
  1.4836608045e-02  1.0912700000e-03 -1.5458229190e-07 -2.0926506222e-08 -2.8322058219e-09
 -7.0203793673e-12 -3.1872791086e-16 -0.0000000000e+00 -0.0000000000e+00 -0.0000000000e+00
 -0.0000000000e+00 -0.0000000000e+00 -0.0000000000e+00 -0.0000000000e+00 -0.0000000000e+00
 -0.0000000000e+00 -0.0000000000e+00
5 0 2 5
  3.7306740000e+02  1.6003090000e+02  6.8503730000e+01  3.0576790000e+01  1.5062460000e+01
  8.5320140000e+00  5.5158480000e+00  3.8984790000e+00  2.8673160000e+00  2.1110360000e+00
  1.5157750000e+00  1.0410750000e+00  6.8038790000e-01  4.2363910000e-01  2.5375550000e-01
  1.4647210000e-01  7.9255740000e-02  3.6772360000e-02  1.0652040000e-02 -2.3884300000e-03
 -7.5416380000e-03 -3.8752470000e-03  2.6968970000e-03  4.5274500000e-03  3.6895160000e-03
  1.9433925243e-03  5.4075700000e-04  9.2523671091e-08  1.2525349151e-08  1.6951882178e-09
  4.2019772350e-12  1.9077137510e-16  0.0000000000e+00  0.0000000000e+00  0.0000000000e+00
  0.0000000000e+00  0.0000000000e+00  0.0000000000e+00  0.0000000000e+00  0.0000000000e+00
  0.0000000000e+00  0.0000000000e+00
5 0 2 7
 -3.7171090000e+03 -1.9180980000e+03 -1.0507750000e+03 -6.1144610000e+02 -3.7535070000e+02
 -2.4060190000e+02 -1.5944130000e+02 -1.0838000000e+02 -7.5146280000e+01 -5.2940290000e+01
 -3.7794810000e+01 -2.7301700000e+01 -1.9949870000e+01 -1.4755830000e+01 -1.1052930000e+01
 -8.3829090000e+00 -6.4310400000e+00 -4.9861140000e+00 -3.9046130000e+00 -3.0887870000e+00
 -2.4662740000e+00 -1.6143700000e+00 -1.0854230000e+00 -5.1641340000e-01 -2.6320700000e-01
 -7.8624963560e-02 -1.4361615000e-02 -1.7658283661e-06 -2.3904819778e-07 -3.2352925534e-08
 -8.0195376033e-11 -3.6409007729e-15 -0.0000000000e+00 -0.0000000000e+00 -0.0000000000e+00
 -0.0000000000e+00 -0.0000000000e+00 -0.0000000000e+00 -0.0000000000e+00 -0.0000000000e+00
 -0.0000000000e+00 -0.0000000000e+00
5 0 4 9
 -8.3914110000e+02 -3.8604150000e+02 -1.8321890000e+02 -9.0892930000e+01 -4.7570960000e+01
 -2.6362440000e+01 -1.5403680000e+01 -9.4165820000e+00 -5.9737060000e+00 -3.9066740000e+00
 -2.6291700000e+00 -1.8166700000e+00 -1.2824000000e+00 -9.1746640000e-01 -6.6369120000e-01
 -4.8495360000e-01 -3.5916160000e-01 -2.6995660000e-01 -2.0561670000e-01 -1.5906480000e-01
 -1.2526240000e-01 -8.1667790000e-02 -5.5851240000e-02 -2.7877130000e-02 -1.4286520000e-02
 -4.6725600769e-03 -1.0856655000e-03 -2.4171467309e-07 -3.2722011997e-08 -4.4286166023e-09
 -1.0977510314e-11 -4.9838317073e-16 -0.0000000000e+00 -0.0000000000e+00 -0.0000000000e+00
 -0.0000000000e+00 -0.0000000000e+00 -0.0000000000e+00 -0.0000000000e+00 -0.0000000000e+00
 -0.0000000000e+00 -0.0000000000e+00
5 2 0 5
  4.9292110000e+03  2.8569060000e+03  1.7437930000e+03  1.1036840000e+03  7.1293410000e+02
  4.6405260000e+02  3.0156940000e+02  1.9434860000e+02  1.2351890000e+02  7.7019970000e+01
  4.6861800000e+01  2.7633170000e+01  1.5626760000e+01  8.3113060000e+00  3.9778400000e+00
  1.5000680000e+00  1.5296550000e-01 -5.2073760000e-01 -8.0140590000e-01 -8.6524230000e-01
 -8.1847800000e-01 -6.1909630000e-01 -4.3104730000e-01 -1.9886520000e-01 -9.2177090000e-02
 -2.1019239205e-02 -2.4557505000e-03 -7.1448592142e-08 -9.6723200928e-09 -1.3090575650e-09
 -3.2448491733e-12 -1.4731739468e-16 -0.0000000000e+00 -0.0000000000e+00 -0.0000000000e+00
 -0.0000000000e+00 -0.0000000000e+00 -0.0000000000e+00 -0.0000000000e+00 -0.0000000000e+00
 -0.0000000000e+00 -0.0000000000e+00
5 2 2 3
  1.7304560000e+02  7.8875590000e+01  3.4458920000e+01  1.5274680000e+01  7.4306650000e+00
  4.2615940000e+00  2.9063670000e+00  2.2371270000e+00  1.8210330000e+00  1.4979640000e+00
  1.2124170000e+00  9.4997600000e-01  7.1955130000e-01  5.3467570000e-01  3.9905150000e-01
  3.0196780000e-01  2.3023200000e-01  1.7419560000e-01  1.2975090000e-01  9.4840790000e-02
  7.0269320000e-02  4.1983180000e-02  3.0227670000e-02  1.7036150000e-02  1.0371310000e-02
  4.8112803269e-03  1.2482160000e-03  2.6303834709e-07  3.5608694496e-08  4.8193019318e-09
  1.1945928359e-11  5.4234972073e-16  0.0000000000e+00  0.0000000000e+00  0.0000000000e+00
  0.0000000000e+00  0.0000000000e+00  0.0000000000e+00  0.0000000000e+00  0.0000000000e+00
  0.0000000000e+00  0.0000000000e+00
5 2 2 5
 -2.6521950000e+02 -1.1231800000e+02 -4.6304350000e+01 -1.9246080000e+01 -8.5784510000e+00
 -4.4241010000e+00 -2.7335980000e+00 -1.9459510000e+00 -1.4735020000e+00 -1.1049060000e+00
 -7.8196180000e-01 -5.0339780000e-01 -2.8645640000e-01 -1.3796650000e-01 -4.6348460000e-02
  5.8671880000e-03  3.6017070000e-02  5.2266230000e-02  6.0377650000e-02  6.1203600000e-02
  5.6258990000e-02  4.0297170000e-02  2.4768620000e-02  1.0738180000e-02  5.1626250000e-03
  1.6444557425e-03  2.1607835000e-04  5.3434689789e-08  7.2336963991e-09  9.7901278112e-10
  2.4267449335e-12  1.1017514900e-16  0.0000000000e+00  0.0000000000e+00  0.0000000000e+00
  0.0000000000e+00  0.0000000000e+00  0.0000000000e+00  0.0000000000e+00  0.0000000000e+00
  0.0000000000e+00  0.0000000000e+00
5 2 2 7
  3.9580030000e+03  2.0403310000e+03  1.1160540000e+03  6.4846910000e+02  3.9764580000e+02
  2.5472680000e+02  1.6874150000e+02  1.1467340000e+02  7.9485580000e+01  5.5977670000e+01
  3.9956060000e+01  2.8865160000e+01  2.1100140000e+01  1.5617210000e+01  1.1708630000e+01
  8.8894780000e+00  6.8260040000e+00  5.2951950000e+00  4.1476520000e+00  3.2788430000e+00
  2.6166110000e+00  1.7099270000e+00  1.1498460000e+00  5.4778790000e-01  2.7887870000e-01
  8.2773834341e-02  1.5042680000e-02  1.8371643812e-06  2.4870527781e-07  3.3659920499e-08
  8.3435112503e-11  3.7879860488e-15  0.0000000000e+00  0.0000000000e+00  0.0000000000e+00
  0.0000000000e+00  0.0000000000e+00  0.0000000000e+00  0.0000000000e+00  0.0000000000e+00
  0.0000000000e+00  0.0000000000e+00
5 2 4 3
 -4.2464860000e+01 -2.0663720000e+01 -9.8646890000e+00 -4.8801620000e+00 -2.5879910000e+00
 -1.5164660000e+00 -9.8080090000e-01 -6.8339830000e-01 -4.9566430000e-01 -3.6408300000e-01
 -2.7270880000e-01 -2.1182520000e-01 -1.6943320000e-01 -1.3665210000e-01 -1.1075400000e-01
 -9.1211090000e-02 -7.5406190000e-02 -6.2582940000e-02 -5.1300450000e-02 -4.2436660000e-02
 -3.4102560000e-02 -2.2479400000e-02 -1.5757700000e-02 -7.9930260000e-03 -4.5657620000e-03
 -1.7525626946e-03 -3.5995740000e-04 -4.1460644495e-08 -5.6127155594e-09 -7.5962826835e-10
 -1.8829417625e-12 -8.5486276857e-17 -0.0000000000e+00 -0.0000000000e+00 -0.0000000000e+00
 -0.0000000000e+00 -0.0000000000e+00 -0.0000000000e+00 -0.0000000000e+00 -0.0000000000e+00
 -0.0000000000e+00 -0.0000000000e+00
5 2 4 9
  7.7710700000e+02  3.6166630000e+02  1.7280130000e+02  8.6109720000e+01  4.5239140000e+01
  2.5175520000e+01  1.4789190000e+01  9.1059050000e+00  5.8350100000e+00  3.8644810000e+00
  2.6356260000e+00  1.8428580000e+00  1.3133150000e+00  9.4846060000e-01  6.9121760000e-01
  5.0981880000e-01  3.8120510000e-01  2.8872820000e-01  2.2058410000e-01  1.7097510000e-01
  1.3406530000e-01  8.7078460000e-02  5.9132890000e-02  2.8854190000e-02  1.4764660000e-02
  4.7603324695e-03  1.1502745000e-03  1.9658744441e-07  2.6612934300e-08  3.6018103865e-09
  8.9280500474e-12  4.0533689005e-16  0.0000000000e+00  0.0000000000e+00  0.0000000000e+00
  0.0000000000e+00  0.0000000000e+00  0.0000000000e+00  0.0000000000e+00  0.0000000000e+00
  0.0000000000e+00  0.0000000000e+00
5 4 0 5
  7.0960930000e+03  4.1076760000e+03  2.4909350000e+03  1.5596730000e+03  9.9352210000e+02
  6.3607880000e+02  4.0554970000e+02  2.5568450000e+02  1.5840120000e+02  9.5809030000e+01
  5.6145480000e+01  3.1515730000e+01  1.6598840000e+01  7.8416260000e+00  2.8999220000e+00
  2.5820240000e-01 -1.0320630000e+00 -1.5553950000e+00 -1.6629950000e+00 -1.5614880000e+00
 -1.3711930000e+00 -9.5468800000e-01 -6.3209100000e-01 -2.7548670000e-01 -1.2679330000e-01
 -3.1062235315e-02 -4.5454330000e-03 -3.9931582040e-07 -5.4057194372e-08 -7.3161328984e-09
 -1.8134991479e-11 -8.2333555573e-16 -0.0000000000e+00 -0.0000000000e+00 -0.0000000000e+00
 -0.0000000000e+00 -0.0000000000e+00 -0.0000000000e+00 -0.0000000000e+00 -0.0000000000e+00
 -0.0000000000e+00 -0.0000000000e+00
5 4 2 3
  2.9232870000e+02  1.1779130000e+02  4.2916860000e+01  1.3710240000e+01  3.5685070000e+00
  6.5479990000e-01  1.6148820000e-01  3.3012680000e-01  5.5577480000e-01  6.6725810000e-01
  6.5793080000e-01  5.6397440000e-01  4.3354850000e-01  3.0873720000e-01  2.1576030000e-01
  1.5439640000e-01  1.1264290000e-01  8.0451720000e-02  5.3939130000e-02  3.1161970000e-02
  1.4643490000e-02 -2.5725510000e-03 -4.0383250000e-03 -1.7537610000e-03 -1.9466850000e-04
  1.3628416839e-03  3.9942695000e-04  1.2387847233e-07  1.6769990858e-08  2.2696605557e-09
  5.6259605192e-12  2.5542076134e-16  0.0000000000e+00  0.0000000000e+00  0.0000000000e+00
  0.0000000000e+00  0.0000000000e+00  0.0000000000e+00  0.0000000000e+00  0.0000000000e+00
  0.0000000000e+00  0.0000000000e+00
5 4 2 5
 -5.5288490000e+02 -2.2582620000e+02 -9.0695640000e+01 -3.7828400000e+01 -1.7790460000e+01
 -1.0068230000e+01 -6.7411850000e+00 -4.9679550000e+00 -3.7651720000e+00 -2.8032030000e+00
 -2.0021020000e+00 -1.3547240000e+00 -8.6250350000e-01 -5.1857600000e-01 -2.9792380000e-01
 -1.6485260000e-01 -8.1937350000e-02 -3.1707250000e-02  5.0307140000e-06  2.0382070000e-02
  2.9916970000e-02  3.0162880000e-02  2.0068190000e-02  9.1312790000e-03  4.7118270000e-03
  7.3287777532e-04  2.0623460000e-04  4.0588532946e-08  5.4946538620e-09  7.4364972788e-10
  1.8433346778e-12  8.3688100050e-17  0.0000000000e+00  0.0000000000e+00  0.0000000000e+00
  0.0000000000e+00  0.0000000000e+00  0.0000000000e+00  0.0000000000e+00  0.0000000000e+00
  0.0000000000e+00  0.0000000000e+00
5 4 2 7
  5.6941350000e+03  2.9691470000e+03  1.6366890000e+03  9.5449920000e+02  5.8525830000e+02
  3.7379340000e+02  2.4643500000e+02  1.6652180000e+02  1.1473410000e+02  8.0322310000e+01
  5.7019750000e+01  4.1002890000e+01  2.9864100000e+01  2.2043280000e+01  1.6496320000e+01
  1.2512680000e+01  9.6063850000e+00  7.4556310000e+00  5.8428530000e+00  4.6182650000e+00
  3.6823080000e+00  2.4000640000e+00  1.6096720000e+00  7.6640840000e-01  3.8881340000e-01
  1.1284006217e-01  1.9523460000e-02  2.1461315108e-06  2.9053155999e-07  3.9320714453e-08
  9.7466903825e-11  4.4250347466e-15  0.0000000000e+00  0.0000000000e+00  0.0000000000e+00
  0.0000000000e+00  0.0000000000e+00  0.0000000000e+00  0.0000000000e+00  0.0000000000e+00
  0.0000000000e+00  0.0000000000e+00
5 4 4 9
  1.1029530000e+03  5.2164140000e+02  2.5272810000e+02  1.2764240000e+02  6.7909200000e+01
  3.8139280000e+01  2.2484690000e+01  1.3808480000e+01  8.7712650000e+00  5.7304460000e+00
  3.8423430000e+00  2.6365520000e+00  1.8371880000e+00  1.2923760000e+00  9.1736640000e-01
  6.5849160000e-01  4.8014170000e-01  3.5539120000e-01  2.6720320000e-01  2.0335470000e-01
  1.5615330000e-01  9.2885360000e-02  5.7307710000e-02  2.3437100000e-02  9.7955130000e-03
  2.5780857131e-03  2.3904705000e-04 -2.2720896905e-09 -3.0758309027e-10 -4.1628478722e-11
 -1.0318731459e-13 -4.6847435851e-18 -0.0000000000e+00 -0.0000000000e+00 -0.0000000000e+00
 -0.0000000000e+00 -0.0000000000e+00 -0.0000000000e+00 -0.0000000000e+00 -0.0000000000e+00
 -0.0000000000e+00 -0.0000000000e+00
6 0 0 6
 -3.0650390000e+02 -1.2168080000e+02 -5.1991070000e+01 -2.4971620000e+01 -1.3751510000e+01
 -8.4713890000e+00 -5.5547760000e+00 -3.7106830000e+00 -2.4514280000e+00 -1.5647820000e+00
 -9.4168380000e-01 -5.1626400000e-01 -2.4085790000e-01 -7.4534960000e-02  2.0862210000e-02
  7.1339990000e-02  9.5645290000e-02  1.0686750000e-01  1.0733180000e-01  1.0148510000e-01
  9.2879220000e-02  6.9265870000e-02  4.7844060000e-02  2.2182710000e-02  1.1483060000e-02
  4.5672027635e-03  1.2111365000e-03  2.5363687325e-07  3.4335974326e-08  4.6470512257e-09
  1.1518958930e-11  5.2296514519e-16  0.0000000000e+00  0.0000000000e+00  0.0000000000e+00
  0.0000000000e+00  0.0000000000e+00  0.0000000000e+00  0.0000000000e+00  0.0000000000e+00
  0.0000000000e+00  0.0000000000e+00
6 0 2 8
 -3.4382770000e+02 -1.4949470000e+02 -6.9796280000e+01 -3.5194130000e+01 -1.9171910000e+01
 -1.1211860000e+01 -6.9649440000e+00 -4.5379460000e+00 -3.0639840000e+00 -2.1229440000e+00
 -1.4932390000e+00 -1.0581490000e+00 -7.5237780000e-01 -5.4022040000e-01 -3.9140240000e-01
 -2.8668530000e-01 -2.1219450000e-01 -1.5780820000e-01 -1.1726430000e-01 -8.8179530000e-02
 -6.5640520000e-02 -3.7142210000e-02 -2.1322850000e-02 -6.8982020000e-03 -1.7364310000e-03
  6.9263868006e-04  3.7934585000e-04  1.3166322319e-07  1.7823847902e-08  2.4122901961e-09
  5.9795062173e-12  2.7147187138e-16  0.0000000000e+00  0.0000000000e+00  0.0000000000e+00
  0.0000000000e+00  0.0000000000e+00  0.0000000000e+00  0.0000000000e+00  0.0000000000e+00
  0.0000000000e+00  0.0000000000e+00
6 2 0 6
 -1.1027740000e+03 -6.1334560000e+02 -3.5163910000e+02 -2.0778160000e+02 -1.2570860000e+02
 -7.7226010000e+01 -4.7800970000e+01 -2.9618620000e+01 -1.8254140000e+01 -1.1115930000e+01
 -6.6512360000e+00 -3.8899310000e+00 -2.2051350000e+00 -1.1939520000e+00 -6.0177440000e-01
 -2.6585960000e-01 -8.5170460000e-02  5.7860550000e-03  4.5703480000e-02  5.7338930000e-02
  5.5923490000e-02  3.9184900000e-02  2.2874970000e-02  3.6856860000e-03 -1.9325040000e-03
 -1.7651746977e-03 -5.8745900000e-04 -2.1275933556e-07 -2.8802196581e-08 -3.8981064481e-09
 -9.6624990558e-12 -4.3868115620e-16 -0.0000000000e+00 -0.0000000000e+00 -0.0000000000e+00
 -0.0000000000e+00 -0.0000000000e+00 -0.0000000000e+00 -0.0000000000e+00 -0.0000000000e+00
 -0.0000000000e+00 -0.0000000000e+00
6 2 2 8
 -9.8040020000e+02 -5.0128890000e+02 -2.6702510000e+02 -1.4942020000e+02 -8.7751880000e+01
 -5.3761680000e+01 -3.4099470000e+01 -2.2241010000e+01 -1.4837540000e+01 -1.0084260000e+01
 -6.9641940000e+00 -4.8784470000e+00 -3.4614170000e+00 -2.4868870000e+00 -1.8101860000e+00
 -1.3336970000e+00 -9.9573950000e-01 -7.5128900000e-01 -5.7170830000e-01 -4.3917950000e-01
 -3.3945570000e-01 -2.0812420000e-01 -1.3225760000e-01 -5.7447960000e-02 -2.7300020000e-02
 -7.7418048972e-03 -1.3573500000e-03 -2.1390234295e-07 -2.8956930677e-08 -3.9190482528e-09
 -9.7144089180e-12 -4.4103788381e-16 -0.0000000000e+00 -0.0000000000e+00 -0.0000000000e+00
 -0.0000000000e+00 -0.0000000000e+00 -0.0000000000e+00 -0.0000000000e+00 -0.0000000000e+00
 -0.0000000000e+00 -0.0000000000e+00
6 2 4 10
 -5.4281860000e+00 -2.1849040000e+01 -1.7300420000e+01 -1.1190080000e+01 -6.8798930000e+00
 -4.2057780000e+00 -2.5957120000e+00 -1.6266880000e+00 -1.0264490000e+00 -6.4428230000e-01
 -4.0456300000e-01 -2.5650390000e-01 -1.6461370000e-01 -1.0585740000e-01 -6.7187400000e-02
 -4.1477480000e-02 -2.5213710000e-02 -1.5157030000e-02 -9.6640940000e-03 -6.5217690000e-03
 -5.0481470000e-03 -3.9276870000e-03 -3.4937760000e-03 -2.9205990000e-03 -1.2106320000e-03
 -4.1812929483e-04 -1.3093440000e-04 -2.1789904580e-08 -2.9497982476e-09 -3.9922745257e-10
 -9.8959198136e-13 -4.4927854796e-17 -0.0000000000e+00 -0.0000000000e+00 -0.0000000000e+00
 -0.0000000000e+00 -0.0000000000e+00 -0.0000000000e+00 -0.0000000000e+00 -0.0000000000e+00
 -0.0000000000e+00 -0.0000000000e+00
6 4 0 6
  5.9808870000e+03  3.1364160000e+03  1.7371780000e+03  1.0106380000e+03  6.1013530000e+02
  3.7703400000e+02  2.3557230000e+02  1.4734130000e+02  9.1452650000e+01  5.5869890000e+01
  3.3334180000e+01  1.9251910000e+01  1.0629450000e+01  5.4829650000e+00  2.5063160000e+00
  8.5148230000e-01 -1.9205400000e-02 -4.3213370000e-01 -5.8585310000e-01 -5.9864770000e-01
 -5.4076280000e-01 -3.6584550000e-01 -2.2136210000e-01 -7.5946520000e-02 -2.8232640000e-02
 -5.6336923258e-03 -1.8334935000e-04  1.1985242634e-07  1.6224966745e-08  2.1958966675e-09
  5.4431170003e-12  2.4711959559e-16  0.0000000000e+00  0.0000000000e+00  0.0000000000e+00
  0.0000000000e+00  0.0000000000e+00  0.0000000000e+00  0.0000000000e+00  0.0000000000e+00
  0.0000000000e+00  0.0000000000e+00
6 4 2 6
 -5.5588900000e+02 -2.4141630000e+02 -1.0000130000e+02 -4.0795600000e+01 -1.7111030000e+01
 -7.8532310000e+00 -4.1970610000e+00 -2.6828000000e+00 -1.9643310000e+00 -1.5232380000e+00
 -1.1828300000e+00 -8.8756520000e-01 -6.3522670000e-01 -4.3646150000e-01 -2.9850160000e-01
 -2.1017930000e-01 -1.5362550000e-01 -1.1359330000e-01 -8.2539840000e-02 -5.6099150000e-02
 -3.5522810000e-02 -1.1497760000e-02 -6.3144090000e-03 -5.0597160000e-03 -3.7469980000e-03
 -2.7704199879e-03 -5.9275600000e-04 -1.5443285989e-07 -2.0906276931e-08 -2.8294679777e-09
 -7.0135928884e-12 -3.1841980213e-16 -0.0000000000e+00 -0.0000000000e+00 -0.0000000000e+00
 -0.0000000000e+00 -0.0000000000e+00 -0.0000000000e+00 -0.0000000000e+00 -0.0000000000e+00
 -0.0000000000e+00 -0.0000000000e+00
6 4 2 8
  6.1009210000e+03  3.0104030000e+03  1.5629360000e+03  8.5813260000e+02  4.9717170000e+02
  3.0183690000e+02  1.9040020000e+02  1.2384250000e+02  8.2534960000e+01  5.6090210000e+01
  3.8739710000e+01  2.7120870000e+01  1.9215970000e+01  1.3783080000e+01  1.0018500000e+01
  7.3831530000e+00  5.5100910000e+00  4.1565780000e+00  3.1640500000e+00  2.4267890000e+00
  1.8774350000e+00  1.1557330000e+00  7.4180840000e-01  3.3190880000e-01  1.6139740000e-01
  4.4180633471e-02  7.5695600000e-03  8.7974613036e-07  1.1909522523e-07  1.6118418749e-08
  3.9953810400e-11  1.8139182876e-15  0.0000000000e+00  0.0000000000e+00  0.0000000000e+00
  0.0000000000e+00  0.0000000000e+00  0.0000000000e+00  0.0000000000e+00  0.0000000000e+00
  0.0000000000e+00  0.0000000000e+00
6 4 4 10
  1.2956870000e+03  5.9729340000e+02  2.8008370000e+02  1.3586440000e+02  6.8972740000e+01
  3.6833260000e+01  2.0635980000e+01  1.2070220000e+01  7.3293520000e+00  4.5926640000e+00
  2.9696730000e+00  1.9782900000e+00  1.3463510000e+00  9.2434350000e-01  6.3778620000e-01
  4.4271340000e-01  3.0993390000e-01  2.2025460000e-01  1.5795810000e-01  1.1403210000e-01
  8.2321970000e-02  4.2258190000e-02  2.1853860000e-02  6.4555820000e-03  6.9144560000e-04
 -4.8349105248e-04 -3.2463885000e-04 -1.0315054784e-07 -1.3963957673e-08 -1.8898903524e-09
 -4.6845985323e-12 -2.1268256676e-16 -0.0000000000e+00 -0.0000000000e+00 -0.0000000000e+00
 -0.0000000000e+00 -0.0000000000e+00 -0.0000000000e+00 -0.0000000000e+00 -0.0000000000e+00
 -0.0000000000e+00 -0.0000000000e+00
6 6 0 6
  1.1526820000e+03  6.0406660000e+02  3.3484880000e+02  1.9397660000e+02  1.1569080000e+02
  7.0042970000e+01  4.2507840000e+01  2.5571510000e+01  1.5090170000e+01  8.6359200000e+00
  4.7147830000e+00  2.3858990000e+00  1.0530230000e+00  3.2905010000e-01 -3.5766560000e-02
 -1.9775920000e-01 -2.4934870000e-01 -2.4652050000e-01 -2.1792670000e-01 -1.8132080000e-01
 -1.4433870000e-01 -8.4242610000e-02 -4.8101270000e-02 -1.7879790000e-02 -8.4877980000e-03
 -2.2336649985e-03 -3.3954050000e-04 -3.4155075438e-08 -4.6237275295e-09 -6.2577803906e-10
 -1.5511581821e-12 -7.0423175291e-17 -0.0000000000e+00 -0.0000000000e+00 -0.0000000000e+00
 -0.0000000000e+00 -0.0000000000e+00 -0.0000000000e+00 -0.0000000000e+00 -0.0000000000e+00
 -0.0000000000e+00 -0.0000000000e+00
6 6 2 8
  1.1357580000e+03  5.6662040000e+02  2.9635510000e+02  1.6331330000e+02  9.4668000000e+01
  5.7378500000e+01  3.6104420000e+01  2.3438670000e+01  1.5613880000e+01  1.0621400000e+01
  7.3517970000e+00  5.1638130000e+00  3.6751870000e+00  2.6495750000e+00  1.9360680000e+00
  1.4325480000e+00  1.0717840000e+00  8.0804780000e-01  6.1264400000e-01  4.6763380000e-01
  3.6010070000e-01  2.1888100000e-01  1.3857810000e-01  5.9663340000e-02  2.8096780000e-02
  7.0937484648e-03  9.9025350000e-04  5.0464896103e-08  6.8316619534e-09  9.2460119967e-10
  2.2918712810e-12  1.0405183355e-16  0.0000000000e+00  0.0000000000e+00  0.0000000000e+00
  0.0000000000e+00  0.0000000000e+00  0.0000000000e+00  0.0000000000e+00  0.0000000000e+00
  0.0000000000e+00  0.0000000000e+00
6 6 4 10
  2.8586050000e+02  1.3113940000e+02  6.0964850000e+01  2.9325780000e+01  1.4785610000e+01
  7.8523500000e+00  4.3825420000e+00  2.5681360000e+00  1.5798900000e+00  1.0209050000e+00
  6.9065890000e-01  4.8469150000e-01  3.4914890000e-01  2.5853620000e-01  1.9447430000e-01
  1.4901590000e-01  1.1504390000e-01  9.0548010000e-02  7.0218820000e-02  5.4472160000e-02
  4.1212280000e-02  2.5241170000e-02  1.5464870000e-02  5.9396560000e-03  3.2906850000e-03
  1.0719691992e-03  3.2730395000e-04  7.9057317717e-08  1.0702347796e-08  1.4484621281e-09
  3.5904006552e-12  1.6300556425e-16  0.0000000000e+00  0.0000000000e+00  0.0000000000e+00
  0.0000000000e+00  0.0000000000e+00  0.0000000000e+00  0.0000000000e+00  0.0000000000e+00
  0.0000000000e+00  0.0000000000e+00
7 0 0 7
  1.2973850000e+03  6.3488580000e+02  3.2758120000e+02  1.7908310000e+02  1.0310920000e+02
  6.1762430000e+01  3.7965620000e+01  2.3677280000e+01  1.4831890000e+01  9.2386250000e+00
  5.6707950000e+00  3.4029900000e+00  1.9834570000e+00  1.1125440000e+00  5.9429820000e-01
  2.9303510000e-01  1.2480330000e-01  3.6302240000e-02 -5.3502300000e-03 -2.0421860000e-02
 -2.0689290000e-02 -7.7438070000e-03  2.3755150000e-03  6.3183320000e-03  4.8815530000e-03
  2.8733242310e-03  1.0466250000e-03  2.1839673893e-07  2.9565357453e-08  4.0013930953e-09
  9.9185226262e-12  4.5030472431e-16  0.0000000000e+00  0.0000000000e+00  0.0000000000e+00
  0.0000000000e+00  0.0000000000e+00  0.0000000000e+00  0.0000000000e+00  0.0000000000e+00
  0.0000000000e+00  0.0000000000e+00
7 0 2 9
  1.8482720000e+03  8.5982950000e+02  4.1886770000e+02  2.1552280000e+02  1.1733190000e+02
  6.7314740000e+01  4.0395150000e+01  2.5150950000e+01  1.6129680000e+01  1.0597750000e+01
  7.1105370000e+00  4.8541170000e+00  3.3578400000e+00  2.3483740000e+00  1.6611540000e+00
  1.1910570000e+00  8.6500930000e-01  6.3560630000e-01  4.7156330000e-01  3.5008700000e-01
  2.6074590000e-01  1.4844580000e-01  8.9229650000e-02  3.5703800000e-02  1.5207390000e-02
  3.2227895504e-03  3.9780725000e-04  5.8256454569e-08  7.8864405746e-09  1.0673555668e-09
  2.6457261477e-12  1.2011697996e-16  0.0000000000e+00  0.0000000000e+00  0.0000000000e+00
  0.0000000000e+00  0.0000000000e+00  0.0000000000e+00  0.0000000000e+00  0.0000000000e+00
  0.0000000000e+00  0.0000000000e+00
7 0 4 7
 -1.3597350000e+02 -5.0234040000e+01 -1.8357650000e+01 -6.3815760000e+00 -1.9660660000e+00
 -4.3490350000e-01  3.6750000000e-02  1.4899600000e-01  1.5893130000e-01  1.4630170000e-01
  1.2389990000e-01  9.7373050000e-02  7.5236920000e-02  6.1048640000e-02  5.1074310000e-02
  4.4979350000e-02  4.0678210000e-02  3.7140560000e-02  3.4391080000e-02  3.1099560000e-02
  2.7585090000e-02  2.0769420000e-02  1.5331110000e-02  8.5334600000e-03  5.4304840000e-03
  2.3787231655e-03  6.8975850000e-04  1.2404524195e-07  1.6792567218e-08  2.2727160538e-09
  5.6335343880e-12  2.5576461788e-16  0.0000000000e+00  0.0000000000e+00  0.0000000000e+00
  0.0000000000e+00  0.0000000000e+00  0.0000000000e+00  0.0000000000e+00  0.0000000000e+00
  0.0000000000e+00  0.0000000000e+00
7 0 4 11
  5.9461980000e+02  2.4925410000e+02  1.0777230000e+02  4.8465590000e+01  2.2847010000e+01
  1.1349780000e+01  5.9312390000e+00  3.2484890000e+00  1.8490880000e+00  1.0742400000e+00
  6.2923890000e-01  3.7464630000e-01  2.2833520000e-01  1.3989750000e-01  8.4304240000e-02
  4.8618540000e-02  2.6834650000e-02  1.4514210000e-02  7.5455690000e-03  3.0419370000e-03
 -4.3050530000e-04 -6.1955510000e-03 -8.4433660000e-03 -8.5780660000e-03 -7.1910860000e-03
 -3.9483298169e-03 -1.1514645000e-03 -2.7339600475e-07 -3.7010857608e-08 -5.0090715230e-09
 -1.2416323029e-11 -5.6370581882e-16 -0.0000000000e+00 -0.0000000000e+00 -0.0000000000e+00
 -0.0000000000e+00 -0.0000000000e+00 -0.0000000000e+00 -0.0000000000e+00 -0.0000000000e+00
 -0.0000000000e+00 -0.0000000000e+00
7 2 0 7
 -2.6853850000e+03 -1.2798700000e+03 -6.4248660000e+02 -3.4209040000e+02 -1.9245970000e+02
 -1.1312640000e+02 -6.8520560000e+01 -4.2255590000e+01 -2.6245640000e+01 -1.6243190000e+01
 -9.9178040000e+00 -5.9211470000e+00 -3.4228390000e+00 -1.8909600000e+00 -9.7567300000e-01
 -4.4543590000e-01 -1.4850030000e-01  9.1047940000e-03  8.2982330000e-02  1.0709950000e-01
  1.0448280000e-01  7.0004450000e-02  3.8035620000e-02  1.1434640000e-02  4.7565480000e-03
  1.8093388038e-03  3.3251455000e-04  3.0738011869e-08  4.1611441304e-09  5.6317172618e-10
  1.3959716968e-12  6.3377649449e-17  0.0000000000e+00  0.0000000000e+00  0.0000000000e+00
  0.0000000000e+00  0.0000000000e+00  0.0000000000e+00  0.0000000000e+00  0.0000000000e+00
  0.0000000000e+00  0.0000000000e+00
7 2 2 9
 -3.5046850000e+03 -1.6188810000e+03 -7.8421380000e+02 -4.0165310000e+02 -2.1780490000e+02
 -1.2450730000e+02 -7.4456620000e+01 -4.6208250000e+01 -2.9549570000e+01 -1.9367700000e+01
 -1.2968530000e+01 -8.8362810000e+00 -6.1026260000e+00 -4.2648320000e+00 -3.0174550000e+00
 -2.1653960000e+00 -1.5757560000e+00 -1.1596970000e+00 -8.5922500000e-01 -6.3961060000e-01
 -4.7776560000e-01 -2.7307240000e-01 -1.6611660000e-01 -6.8435300000e-02 -3.0518870000e-02
 -7.7403122362e-03 -1.3047030000e-03 -1.4587589828e-07 -1.9747882215e-08 -2.6726901464e-09
 -6.6249771165e-12 -3.0077649731e-16 -0.0000000000e+00 -0.0000000000e+00 -0.0000000000e+00
 -0.0000000000e+00 -0.0000000000e+00 -0.0000000000e+00 -0.0000000000e+00 -0.0000000000e+00
 -0.0000000000e+00 -0.0000000000e+00
7 2 4 11
 -1.0251290000e+03 -4.3604820000e+02 -1.9178630000e+02 -8.8152640000e+01 -4.2718770000e+01
 -2.1934920000e+01 -1.1915700000e+01 -6.8235740000e+00 -4.0926730000e+00 -2.5402920000e+00
 -1.6231700000e+00 -1.0718400000e+00 -7.3095210000e-01 -5.1003940000e-01 -3.6000150000e-01
 -2.5641960000e-01 -1.8604360000e-01 -1.3784060000e-01 -1.0477000000e-01 -8.1148100000e-02
 -6.3340370000e-02 -4.0921660000e-02 -2.6890680000e-02 -1.4164530000e-02 -7.8364400000e-03
 -2.8209475435e-03 -7.0263100000e-04 -1.3629534748e-07 -1.8450919583e-08 -2.4971584511e-09
 -6.1898748782e-12 -2.8102268912e-16 -0.0000000000e+00 -0.0000000000e+00 -0.0000000000e+00
 -0.0000000000e+00 -0.0000000000e+00 -0.0000000000e+00 -0.0000000000e+00 -0.0000000000e+00
 -0.0000000000e+00 -0.0000000000e+00
7 4 0 7
  3.4012170000e+03  1.6247830000e+03  8.2062180000e+02  4.4007340000e+02  2.4917900000e+02
  1.4718370000e+02  8.9451790000e+01  5.5269030000e+01  3.4344690000e+01  2.1240520000e+01
  1.2944100000e+01  7.6996050000e+00  4.4263910000e+00  2.4303380000e+00  1.2440770000e+00
  5.5858770000e-01  1.7543240000e-01 -2.5988450000e-02 -1.1768720000e-01 -1.4545190000e-01
 -1.3713010000e-01 -8.4451890000e-02 -3.9637400000e-02 -6.8103580000e-03 -6.7035280000e-04
  1.6447739149e-04  3.1599155000e-04  7.2045817189e-08  9.7531691572e-09  1.3199997255e-09
  3.2719722438e-12  1.4854879247e-16  0.0000000000e+00  0.0000000000e+00  0.0000000000e+00
  0.0000000000e+00  0.0000000000e+00  0.0000000000e+00  0.0000000000e+00  0.0000000000e+00
  0.0000000000e+00  0.0000000000e+00
7 4 2 9
  4.3737980000e+03  2.0327860000e+03  9.9284600000e+02  5.1280280000e+02  2.8011780000e+02
  1.6102840000e+02  9.6690600000e+01  6.0174090000e+01  3.8541780000e+01  2.5277660000e+01
  1.6915920000e+01  1.1505150000e+01  7.9255530000e+00  5.5243730000e+00  3.9027190000e+00
  2.7999370000e+00  2.0370360000e+00  1.4979610000e+00  1.1096260000e+00  8.2464720000e-01
  6.1531850000e-01  3.4993670000e-01  2.1021300000e-01  8.4895740000e-02  3.6979880000e-02
  8.6619135199e-03  1.1953100000e-03  8.5579475334e-08  1.1585281865e-08  1.5679589511e-09
  3.8866054805e-12  1.7645337671e-16  0.0000000000e+00  0.0000000000e+00  0.0000000000e+00
  0.0000000000e+00  0.0000000000e+00  0.0000000000e+00  0.0000000000e+00  0.0000000000e+00
  0.0000000000e+00  0.0000000000e+00
7 4 4 11
  1.1124510000e+03  4.7470830000e+02  2.0773210000e+02  9.4219540000e+01  4.4709490000e+01
  2.2342380000e+01  1.1763110000e+01  6.5212380000e+00  3.7973430000e+00  2.3009900000e+00
  1.4444290000e+00  9.4161680000e-01  6.3276910000e-01  4.3181180000e-01  2.9611070000e-01
  2.0280290000e-01  1.4009990000e-01  9.9273910000e-02  7.1067610000e-02  5.1501130000e-02
  3.7220990000e-02  1.9720000000e-02  1.0883760000e-02  4.3904200000e-03  2.5800490000e-03
  9.3652003719e-04  1.3612465000e-04  5.1927458627e-08  7.0296556782e-09  9.5139778837e-10
  2.3582937906e-12  1.0706744091e-16  0.0000000000e+00  0.0000000000e+00  0.0000000000e+00
  0.0000000000e+00  0.0000000000e+00  0.0000000000e+00  0.0000000000e+00  0.0000000000e+00
  0.0000000000e+00  0.0000000000e+00
7 6 0 7
  1.8226180000e+03  8.7804410000e+02  4.4518160000e+02  2.3783850000e+02  1.3306320000e+02
  7.7129280000e+01  4.5751300000e+01  2.7457500000e+01  1.6489110000e+01  9.7904090000e+00
  5.6706080000e+00  3.1511490000e+00  1.6360850000e+00  7.5592780000e-01  2.6510160000e-01
  8.4269950000e-03 -1.1332900000e-01 -1.5813890000e-01 -1.6061980000e-01 -1.4112760000e-01
 -1.1374110000e-01 -6.0884790000e-02 -2.6606440000e-02 -2.8058480000e-03  1.0750820000e-03
  4.9812600399e-04  3.7967815000e-04  9.8789218789e-08  1.3373544771e-08  1.8099835184e-09
  4.4865280799e-12  2.0369009239e-16  0.0000000000e+00  0.0000000000e+00  0.0000000000e+00
  0.0000000000e+00  0.0000000000e+00  0.0000000000e+00  0.0000000000e+00  0.0000000000e+00
  0.0000000000e+00  0.0000000000e+00
7 6 2 9
  2.2649910000e+03  1.0613390000e+03  5.2018370000e+02  2.6876950000e+02  1.4658070000e+02
  8.4046990000e+01  5.0326500000e+01  3.1244690000e+01  1.9973220000e+01  1.3073480000e+01
  8.7329340000e+00  5.9353010000e+00  4.0899480000e+00  2.8499750000e+00  2.0089430000e+00
  1.4313260000e+00  1.0309120000e+00  7.4796270000e-01  5.4540440000e-01  3.9958190000e-01
  2.9319810000e-01  1.6250100000e-01  9.5488040000e-02  3.6889030000e-02  1.5177010000e-02
  2.2347952964e-03  6.5206600000e-05 -1.3212194864e-07 -1.7885947647e-08 -2.4206948125e-09
 -6.0003393063e-12 -2.7241770160e-16 -0.0000000000e+00 -0.0000000000e+00 -0.0000000000e+00
 -0.0000000000e+00 -0.0000000000e+00 -0.0000000000e+00 -0.0000000000e+00 -0.0000000000e+00
 -0.0000000000e+00 -0.0000000000e+00
7 6 4 9
 -1.3280500000e+02 -5.9413310000e+01 -2.6962180000e+01 -1.2723250000e+01 -6.3346780000e+00
 -3.3566510000e+00 -1.8758350000e+00 -1.0932030000e+00 -6.5870660000e-01 -4.0228670000e-01
 -2.4583030000e-01 -1.5458130000e-01 -1.0094090000e-01 -6.7470070000e-02 -4.5473940000e-02
 -3.1067760000e-02 -2.2277360000e-02 -1.6890180000e-02 -1.3572150000e-02 -1.0885790000e-02
 -9.2189060000e-03 -6.1878510000e-03 -4.3666130000e-03 -2.9118410000e-03 -1.4209730000e-03
 -3.4474438631e-04 -9.5280800000e-05 -1.2143172425e-08 -1.6438763468e-09 -2.2248320434e-10
 -5.5148410658e-13 -2.5037589562e-17 -0.0000000000e+00 -0.0000000000e+00 -0.0000000000e+00
 -0.0000000000e+00 -0.0000000000e+00 -0.0000000000e+00 -0.0000000000e+00 -0.0000000000e+00
 -0.0000000000e+00 -0.0000000000e+00
7 6 4 11
  6.1164030000e+02  2.7423670000e+02  1.2378480000e+02  5.7377550000e+01  2.7738620000e+01
  1.4105140000e+01  7.5451410000e+00  4.2495630000e+00  2.5216740000e+00  1.5658380000e+00
  1.0134740000e+00  6.8169970000e-01  4.6762410000e-01  3.2279820000e-01  2.2285200000e-01
  1.5596920000e-01  1.1296240000e-01  8.3581760000e-02  6.4006630000e-02  4.9176430000e-02
  3.8601480000e-02  2.6395130000e-02  2.0770610000e-02  1.4986010000e-02  9.5750080000e-03
  4.3498349930e-03  1.2028255000e-03  2.2152458313e-07  2.9988787914e-08  4.0587004262e-09
  1.0060574168e-11  4.5675391869e-16  0.0000000000e+00  0.0000000000e+00  0.0000000000e+00
  0.0000000000e+00  0.0000000000e+00  0.0000000000e+00  0.0000000000e+00  0.0000000000e+00
  0.0000000000e+00  0.0000000000e+00
8 0 0 8
  1.2550450000e+03  5.5212230000e+02  2.5288690000e+02  1.2236320000e+02  6.2984310000e+01
  3.4397610000e+01  1.9729690000e+01  1.1757140000e+01  7.2042040000e+00  4.4844840000e+00
  2.7998390000e+00  1.7309440000e+00  1.0474960000e+00  6.1517900000e-01  3.4816730000e-01
  1.8620700000e-01  8.8577500000e-02  3.1802490000e-02  5.2653530000e-04 -1.3794590000e-02
 -1.7260710000e-02 -1.0253360000e-02 -1.6067350000e-03  1.3605780000e-03  1.4496660000e-04
 -1.4455164428e-04  1.9316735000e-05  4.7078530486e-08  6.3732342752e-09  8.6255732454e-10
  2.1380789480e-12  9.7069602756e-17  0.0000000000e+00  0.0000000000e+00  0.0000000000e+00
  0.0000000000e+00  0.0000000000e+00  0.0000000000e+00  0.0000000000e+00  0.0000000000e+00
  0.0000000000e+00  0.0000000000e+00
8 0 2 10
  1.8737590000e+03  8.2337750000e+02  3.7815250000e+02  1.8302400000e+02  9.3669620000e+01
  5.0601230000e+01  2.8685620000e+01  1.6934120000e+01  1.0324770000e+01  6.4685960000e+00
  4.1603690000e+00  2.7379920000e+00  1.8293110000e+00  1.2340760000e+00  8.4253050000e-01
  5.8430390000e-01  4.1330230000e-01  2.9715120000e-01  2.1506100000e-01  1.5453420000e-01
  1.0902060000e-01  5.2939710000e-02  2.6485620000e-02  8.6398360000e-03  2.7927690000e-03
 -1.0010029907e-04 -1.4143785000e-04 -5.5705110777e-08 -7.5410535895e-09 -1.0206106864e-09
 -2.5298564637e-12 -1.1485645195e-16 -0.0000000000e+00 -0.0000000000e+00 -0.0000000000e+00
 -0.0000000000e+00 -0.0000000000e+00 -0.0000000000e+00 -0.0000000000e+00 -0.0000000000e+00
 -0.0000000000e+00 -0.0000000000e+00
8 0 4 12
  4.6675670000e+02  1.9066890000e+02  8.1130360000e+01  3.6227670000e+01  1.7089090000e+01
  8.5417040000e+00  4.5031670000e+00  2.4885550000e+00  1.4308690000e+00  8.4165950000e-01
  5.0021450000e-01  3.0342990000e-01  1.9184880000e-01  1.2659020000e-01  8.6404600000e-02
  6.2230260000e-02  4.7456700000e-02  3.8883120000e-02  3.3177120000e-02  2.9364580000e-02
  2.5872330000e-02  1.8475980000e-02  1.3297820000e-02  7.4894560000e-03  4.6669480000e-03
  2.4384335320e-03  7.5244450000e-04  1.9412587384e-07  2.6279700325e-08  3.5567103017e-09
  8.8162574289e-12  4.0026146237e-16  0.0000000000e+00  0.0000000000e+00  0.0000000000e+00
  0.0000000000e+00  0.0000000000e+00  0.0000000000e+00  0.0000000000e+00  0.0000000000e+00
  0.0000000000e+00  0.0000000000e+00
8 2 0 8
 -1.7949990000e+03 -7.8712850000e+02 -3.5975920000e+02 -1.7381330000e+02 -8.9294600000e+01
 -4.8576910000e+01 -2.7666870000e+01 -1.6310560000e+01 -9.8476920000e+00 -6.0143160000e+00
 -3.6690340000e+00 -2.2053790000e+00 -1.2880590000e+00 -7.2142490000e-01 -3.7851410000e-01
 -1.7790250000e-01 -6.2401990000e-02  7.6955440000e-04  3.1290450000e-02  4.2201160000e-02
  4.1539540000e-02  2.4523270000e-02  8.7228860000e-03  8.6544530000e-04  9.1874140000e-04
  7.5280460274e-04  2.5570500000e-04  2.4688392767e-08  3.3421797444e-09  4.5233259817e-10
  1.1212272833e-12  5.0904147897e-17  0.0000000000e+00  0.0000000000e+00  0.0000000000e+00
  0.0000000000e+00  0.0000000000e+00  0.0000000000e+00  0.0000000000e+00  0.0000000000e+00
  0.0000000000e+00  0.0000000000e+00
8 2 2 10
 -2.9915500000e+03 -1.2974340000e+03 -5.8967490000e+02 -2.8312330000e+02 -1.4407400000e+02
 -7.7556520000e+01 -4.3890190000e+01 -2.5895980000e+01 -1.5803760000e+01 -9.9277390000e+00
 -6.4113620000e+00 -4.2427290000e+00 -2.8547650000e+00 -1.9401150000e+00 -1.3311890000e+00
 -9.2666020000e-01 -6.5620990000e-01 -4.7240010000e-01 -3.4284780000e-01 -2.4933320000e-01
 -1.8016270000e-01 -9.3210150000e-02 -5.1247530000e-02 -1.9455490000e-02 -8.0226450000e-03
 -2.0286352493e-03 -3.0867850000e-04  7.6966376118e-09  1.0419287545e-09  1.4101525850e-10
  3.4954402100e-13  1.5869432368e-17  0.0000000000e+00  0.0000000000e+00  0.0000000000e+00
  0.0000000000e+00  0.0000000000e+00  0.0000000000e+00  0.0000000000e+00  0.0000000000e+00
  0.0000000000e+00  0.0000000000e+00
8 2 4 12
 -9.5759590000e+02 -3.8305780000e+02 -1.5826800000e+02 -6.8000660000e+01 -3.0597640000e+01
 -1.4521070000e+01 -7.2835060000e+00 -3.8618360000e+00 -2.1540610000e+00 -1.2408380000e+00
 -7.3143650000e-01 -4.4493610000e-01 -2.8042840000e-01 -1.7957560000e-01 -1.1375050000e-01
 -6.9651270000e-02 -4.1043720000e-02 -2.3698140000e-02 -1.4312470000e-02 -8.9858520000e-03
 -5.9202750000e-03 -2.1831290000e-03 -1.4160040000e-04  2.6349000000e-04  5.0769320000e-04
  1.2020722782e-03  4.5473710000e-04  8.7364544079e-08  1.1826934720e-08  1.6006643925e-09
  3.9676746613e-12  1.8013394856e-16  0.0000000000e+00  0.0000000000e+00  0.0000000000e+00
  0.0000000000e+00  0.0000000000e+00  0.0000000000e+00  0.0000000000e+00  0.0000000000e+00
  0.0000000000e+00  0.0000000000e+00
8 4 0 8
  1.4761860000e+03  6.3012200000e+02  2.8135740000e+02  1.3311230000e+02  6.7141270000e+01
  3.5984390000e+01  2.0270830000e+01  1.1872850000e+01  7.1651150000e+00  4.4085280000e+00
  2.7283310000e+00  1.6702870000e+00  9.9741280000e-01  5.7476000000e-01  3.1747850000e-01
  1.6463480000e-01  7.4062380000e-02  2.1271330000e-02 -7.3670340000e-03 -2.1091180000e-02
 -2.3841240000e-02 -1.6828580000e-02 -8.3219930000e-03 -5.1727460000e-03 -4.6405570000e-03
 -2.4807995709e-03 -7.4026950000e-04 -1.3535556227e-07 -1.8323696596e-08 -2.4799400161e-09
 -6.1471943836e-12 -2.7908497833e-16 -0.0000000000e+00 -0.0000000000e+00 -0.0000000000e+00
 -0.0000000000e+00 -0.0000000000e+00 -0.0000000000e+00 -0.0000000000e+00 -0.0000000000e+00
 -0.0000000000e+00 -0.0000000000e+00
8 4 2 10
  2.2370580000e+03  9.5395210000e+02  4.2766440000e+02  2.0305970000e+02  1.0240980000e+02
  5.4746880000e+01  3.0824270000e+01  1.8123950000e+01  1.1034140000e+01  6.9144990000e+00
  4.4491130000e+00  2.9291540000e+00  1.9599220000e+00  1.3270500000e+00  9.1033480000e-01
  6.3521180000e-01  4.5263620000e-01  3.2803130000e-01  2.4125840000e-01  1.7708400000e-01
  1.3030500000e-01  7.0685680000e-02  4.0564680000e-02  1.6126760000e-02  6.8066280000e-03
  1.8199985635e-03  3.0062540000e-04  7.8304724954e-08  1.0600465899e-08  1.4346733715e-09
  3.5562215352e-12  1.6145381911e-16  0.0000000000e+00  0.0000000000e+00  0.0000000000e+00
  0.0000000000e+00  0.0000000000e+00  0.0000000000e+00  0.0000000000e+00  0.0000000000e+00
  0.0000000000e+00  0.0000000000e+00
8 4 4 12
  9.3723470000e+02  3.6286390000e+02  1.4512330000e+02  6.0334500000e+01  2.6229470000e+01
  1.2006450000e+01  5.8065460000e+00  2.9806770000e+00  1.6317820000e+00  9.3693570000e-01
  5.5341230000e-01  3.3713330000e-01  2.1178030000e-01  1.3744820000e-01  8.9544490000e-02
  5.9459700000e-02  3.9542060000e-02  2.7167420000e-02  1.9699130000e-02  1.5514010000e-02
  1.1593260000e-02  7.9688820000e-03  4.9404730000e-03  2.6069170000e-03  2.0352310000e-03
  9.5098470751e-04  2.1665845000e-04  8.9195287511e-08  1.2074770765e-08  1.6342066705e-09
  4.0508181654e-12  1.8390869547e-16  0.0000000000e+00  0.0000000000e+00  0.0000000000e+00
  0.0000000000e+00  0.0000000000e+00  0.0000000000e+00  0.0000000000e+00  0.0000000000e+00
  0.0000000000e+00  0.0000000000e+00
8 6 0 8
  1.8935370000e+03  8.4893550000e+02  3.9569770000e+02  1.9359380000e+02  9.9655510000e+01
  5.3721750000e+01  3.0045600000e+01  1.7289510000e+01  1.0158860000e+01  6.0297300000e+00
  3.5687550000e+00  2.0715500000e+00  1.1572960000e+00  6.0516450000e-01  2.8170070000e-01
  1.0142710000e-01  6.8047740000e-03 -3.6647280000e-02 -5.0473430000e-02 -4.7423650000e-02
 -3.6143130000e-02 -1.0101970000e-02  4.6622060000e-03  6.9467220000e-03  4.0912530000e-03
  1.0178474732e-03  3.7490385000e-04  3.6621575647e-08  4.9576288538e-09  6.7096844326e-10
  1.6631746813e-12  7.5508767239e-17  0.0000000000e+00  0.0000000000e+00  0.0000000000e+00
  0.0000000000e+00  0.0000000000e+00  0.0000000000e+00  0.0000000000e+00  0.0000000000e+00
  0.0000000000e+00  0.0000000000e+00
8 6 2 10
  2.6672310000e+03  1.1906960000e+03  5.5291710000e+02  2.6961050000e+02  1.3866190000e+02
  7.5157550000e+01  4.2721200000e+01  2.5290540000e+01  1.5472960000e+01  9.7306270000e+00
  6.2831150000e+00  4.1555910000e+00  2.7981460000e+00  1.9042720000e+00  1.3098750000e+00
  9.1201640000e-01  6.4443350000e-01  4.6091620000e-01  3.3109900000e-01  2.3845230000e-01
  1.7163330000e-01  8.9207490000e-02  4.9192740000e-02  1.7334070000e-02  6.2548070000e-03
  9.8757984420e-04 -5.5878200000e-05 -6.3880544537e-08 -8.6477991511e-09 -1.1703982902e-09
 -2.9011450879e-12 -1.3171309763e-16 -0.0000000000e+00 -0.0000000000e+00 -0.0000000000e+00
 -0.0000000000e+00 -0.0000000000e+00 -0.0000000000e+00 -0.0000000000e+00 -0.0000000000e+00
 -0.0000000000e+00 -0.0000000000e+00
8 6 4 12
  5.9290530000e+02  2.5606340000e+02  1.1142760000e+02  4.9485170000e+01  2.2653110000e+01
  1.0759060000e+01  5.3009320000e+00  2.7125140000e+00  1.4379940000e+00  7.6872870000e-01
  4.0034930000e-01  1.9923970000e-01  9.3761530000e-02  3.8027530000e-02  6.9933340000e-03
 -9.6902180000e-03 -1.6895730000e-02 -1.8506230000e-02 -1.7888570000e-02 -1.6793900000e-02
 -1.5684880000e-02 -1.4781330000e-02 -1.2799000000e-02 -8.8395500000e-03 -7.1110890000e-03
 -3.3545581248e-03 -1.0327880000e-03 -1.8950971223e-07 -2.5654789582e-08 -3.4721345095e-09
 -8.6066137151e-12 -3.9074355751e-16 -0.0000000000e+00 -0.0000000000e+00 -0.0000000000e+00
 -0.0000000000e+00 -0.0000000000e+00 -0.0000000000e+00 -0.0000000000e+00 -0.0000000000e+00
 -0.0000000000e+00 -0.0000000000e+00
8 8 0 8
  3.3712820000e+02  1.4311960000e+02  6.4939370000e+01  3.1464780000e+01  1.6131680000e+01
  8.6453590000e+00  4.7840350000e+00  2.7133740000e+00  1.5711390000e+00  9.1189900000e-01
  5.1088170000e-01  2.6224470000e-01  1.1487720000e-01  3.3784040000e-02 -9.1898750000e-03
 -2.8461120000e-02 -3.6154080000e-02 -3.6284760000e-02 -3.2475570000e-02 -2.7339690000e-02
 -2.0947710000e-02 -1.0690010000e-02 -4.3717950000e-03 -4.5785510000e-04 -2.5674060000e-04
 -1.8904040422e-04 -1.0080740000e-04 -6.1639667896e-09 -8.3444415128e-10 -1.1293416867e-10
 -2.7993753189e-13 -1.2709271116e-17 -0.0000000000e+00 -0.0000000000e+00 -0.0000000000e+00
 -0.0000000000e+00 -0.0000000000e+00 -0.0000000000e+00 -0.0000000000e+00 -0.0000000000e+00
 -0.0000000000e+00 -0.0000000000e+00
8 8 2 10
  5.3122130000e+02  2.2541990000e+02  9.9612690000e+01  4.6261600000e+01  2.2698980000e+01
  1.1771600000e+01  6.4253620000e+00  3.6764320000e+00  2.1943920000e+00  1.3557590000e+00
  8.6595090000e-01  5.7359950000e-01  3.9475820000e-01  2.7954030000e-01  2.0077340000e-01
  1.4543620000e-01  1.0638960000e-01  7.8787390000e-02  5.8758470000e-02  4.4534190000e-02
  3.5229500000e-02  2.2423670000e-02  1.6467500000e-02  9.9793910000e-03  6.5623420000e-03
  2.6510110391e-03  7.5872650000e-04  1.6961724551e-07  2.2961856108e-08  3.1076712883e-09
  7.7031941762e-12  3.4972796459e-16  0.0000000000e+00  0.0000000000e+00  0.0000000000e+00
  0.0000000000e+00  0.0000000000e+00  0.0000000000e+00  0.0000000000e+00  0.0000000000e+00
  0.0000000000e+00  0.0000000000e+00
8 8 4 12
  9.9486890000e+01  4.7757010000e+01  2.3409250000e+01  1.1896880000e+01  6.2734380000e+00
  3.4198400000e+00  1.9111120000e+00  1.0878020000e+00  6.2667090000e-01  3.6130920000e-01
  2.0813920000e-01  1.2306420000e-01  7.7608790000e-02  5.2341220000e-02  3.5027430000e-02
  2.2536970000e-02  1.5633010000e-02  1.1227050000e-02  9.4123130000e-03  7.8641160000e-03
  6.4238140000e-03  4.5293750000e-03  1.4189180000e-03 -7.0151270000e-04 -1.4358750000e-04
 -9.5475367643e-05 -8.8651950000e-05  5.0085179150e-09  6.7802579467e-10  9.1764415077e-11
  2.2746263753e-13  1.0326890822e-17  0.0000000000e+00  0.0000000000e+00  0.0000000000e+00
  0.0000000000e+00  0.0000000000e+00  0.0000000000e+00  0.0000000000e+00  0.0000000000e+00
  0.0000000000e+00  0.0000000000e+00
9 0 0 9
  4.8472240000e+02  2.0015640000e+02  8.4873220000e+01  3.7440020000e+01  1.7399240000e+01
  8.5903730000e+00  4.5161270000e+00  2.5260960000e+00  1.4938310000e+00  9.2636940000e-01
  5.9610880000e-01  3.9138250000e-01  2.5771100000e-01  1.6755070000e-01  1.0850790000e-01
  6.8335160000e-02  4.1768810000e-02  2.4211260000e-02  1.1929540000e-02  5.1662430000e-03
  2.9198690000e-03  2.3336200000e-03  4.4148800000e-03  3.8303540000e-03  2.1515680000e-03
  8.8077435497e-04  2.2011820000e-04  1.0171001782e-07  1.3768946588e-08  1.8634974360e-09
  4.6191766324e-12  2.0971238746e-16  0.0000000000e+00  0.0000000000e+00  0.0000000000e+00
  0.0000000000e+00  0.0000000000e+00  0.0000000000e+00  0.0000000000e+00  0.0000000000e+00
  0.0000000000e+00  0.0000000000e+00
9 0 2 11
  6.2335930000e+02  2.6668730000e+02  1.1944830000e+02  5.6323470000e+01  2.8028300000e+01
  1.4689840000e+01  8.0643830000e+00  4.5983650000e+00  2.6947350000e+00  1.6162110000e+00
  9.9383970000e-01  6.2374630000e-01  3.9496350000e-01  2.4931380000e-01  1.5698040000e-01
  1.0043250000e-01  6.5739600000e-02  4.3916250000e-02  2.8306280000e-02  1.7541200000e-02
  9.3888530000e-03  1.2642590000e-04 -3.5444490000e-03 -3.5860130000e-03 -2.4670620000e-03
 -1.4561506702e-03 -3.6773490000e-04 -1.0235395714e-07 -1.3856119576e-08 -1.8752954800e-09
 -4.6484212390e-12 -2.1104010379e-16 -0.0000000000e+00 -0.0000000000e+00 -0.0000000000e+00
 -0.0000000000e+00 -0.0000000000e+00 -0.0000000000e+00 -0.0000000000e+00 -0.0000000000e+00
 -0.0000000000e+00 -0.0000000000e+00
9 2 2 11
 -6.9916980000e+02 -2.9431610000e+02 -1.3047270000e+02 -6.1113700000e+01 -3.0263230000e+01
 -1.5781210000e+01 -8.6052790000e+00 -4.8588560000e+00 -2.8114120000e+00 -1.6625870000e+00
 -1.0086290000e+00 -6.2540940000e-01 -3.8985510000e-01 -2.4010420000e-01 -1.4617560000e-01
 -8.8810600000e-02 -5.4182040000e-02 -3.2995190000e-02 -1.9197340000e-02 -9.9928170000e-03
 -3.7276080000e-03  4.1055150000e-03  5.3557860000e-03  4.1994000000e-03  2.8814800000e-03
  1.3707449308e-03  4.2536735000e-04  7.9731103199e-08  1.0793561194e-08  1.4608070037e-09
  3.6210007300e-12  1.6439481936e-16  0.0000000000e+00  0.0000000000e+00  0.0000000000e+00
  0.0000000000e+00  0.0000000000e+00  0.0000000000e+00  0.0000000000e+00  0.0000000000e+00
  0.0000000000e+00  0.0000000000e+00
9 6 0 9
  1.6251310000e+03  6.7940530000e+02  2.9193370000e+02  1.3039040000e+02  6.1023010000e+01
  2.9998180000e+01  1.5411980000e+01  8.2337540000e+00  4.5676070000e+00  2.6236310000e+00
  1.5457840000e+00  9.1302260000e-01  5.2373920000e-01  2.8194860000e-01  1.3733130000e-01
  5.3689760000e-02  1.0639330000e-02 -9.9065330000e-03 -1.9081590000e-02 -2.0445950000e-02
 -1.6994610000e-02 -5.2198220000e-03  2.2863060000e-03  1.0476490000e-03 -1.3821500000e-03
 -1.2130050378e-03 -3.2917840000e-04 -4.5255936062e-08 -6.1265013986e-09 -8.2916434999e-10
 -2.0553055325e-12 -9.3311658000e-17 -0.0000000000e+00 -0.0000000000e+00 -0.0000000000e+00
 -0.0000000000e+00 -0.0000000000e+00 -0.0000000000e+00 -0.0000000000e+00 -0.0000000000e+00
 -0.0000000000e+00 -0.0000000000e+00
9 6 2 11
  2.6440250000e+03  1.0992610000e+03  4.7515050000e+02  2.1528980000e+02  1.0277420000e+02
  5.1726850000e+01  2.7348040000e+01  1.5097540000e+01  8.6328100000e+00  5.0817930000e+00
  3.0901570000e+00  1.9518310000e+00  1.2701050000e+00  8.4109740000e-01  5.6191040000e-01
  3.7957510000e-01  2.6146570000e-01  1.8510230000e-01  1.3250760000e-01  9.3541030000e-02
  6.4614220000e-02  2.7063810000e-02  1.0610520000e-02  2.1423430000e-03 -7.7509770000e-04
 -7.2016796364e-04 -1.6812295000e-04 -2.5133546591e-08 -3.4024422373e-09 -4.6048855986e-10
 -1.1414440150e-12 -5.1821995255e-17 -0.0000000000e+00 -0.0000000000e+00 -0.0000000000e+00
 -0.0000000000e+00 -0.0000000000e+00 -0.0000000000e+00 -0.0000000000e+00 -0.0000000000e+00
 -0.0000000000e+00 -0.0000000000e+00
9 6 4 13
  9.9233380000e+02  3.8730080000e+02  1.5610830000e+02  6.5520800000e+01  2.8883210000e+01
  1.3496960000e+01  6.7125530000e+00  3.5598150000e+00  2.0093280000e+00  1.1804390000e+00
  7.0426100000e-01  4.2725050000e-01  2.7075750000e-01  1.7951580000e-01  1.2366720000e-01
  8.7716060000e-02  6.3140040000e-02  4.7808440000e-02  3.7700380000e-02  3.0992140000e-02
  2.5698480000e-02  1.7327900000e-02  1.1584500000e-02  6.3357030000e-03  4.0554680000e-03
  1.8428500244e-03  4.7511000000e-04  7.1894171860e-08  9.7326402409e-09  1.3172213298e-09
  3.2650852470e-12  1.4823612018e-16  0.0000000000e+00  0.0000000000e+00  0.0000000000e+00
  0.0000000000e+00  0.0000000000e+00  0.0000000000e+00  0.0000000000e+00  0.0000000000e+00
  0.0000000000e+00  0.0000000000e+00
9 8 0 9
  7.3369110000e+02  3.0233470000e+02  1.2997300000e+02  5.8894370000e+01  2.8289700000e+01
  1.4406650000e+01  7.7253160000e+00  4.3331620000e+00  2.5349750000e+00  1.5358870000e+00
  9.4846980000e-01  5.8333840000e-01  3.5252420000e-01  2.1136760000e-01  1.2717750000e-01
  7.9394290000e-02  5.2684930000e-02  3.8117060000e-02  3.0712670000e-02  2.6631540000e-02
  2.4652950000e-02  2.1334940000e-02  1.8252070000e-02  1.0489760000e-02  6.0030230000e-03
  2.3432950540e-03  5.8290650000e-04  1.1421153533e-07  1.5461333735e-08  2.0925461210e-09
  5.1869350382e-12  2.3548883643e-16  0.0000000000e+00  0.0000000000e+00  0.0000000000e+00
  0.0000000000e+00  0.0000000000e+00  0.0000000000e+00  0.0000000000e+00  0.0000000000e+00
  0.0000000000e+00  0.0000000000e+00
9 8 2 9
 -1.6561390000e+02 -6.8412650000e+01 -2.9951400000e+01 -1.4135070000e+01 -7.2572990000e+00
 -4.0567970000e+00 -2.4334670000e+00 -1.5287210000e+00 -9.9009210000e-01 -6.5843660000e-01
 -4.5389630000e-01 -3.2720970000e-01 -2.4424140000e-01 -1.8647910000e-01 -1.4309450000e-01
 -1.1242830000e-01 -8.8480810000e-02 -7.0886290000e-02 -5.7974440000e-02 -4.7804600000e-02
 -3.9970530000e-02 -2.6955210000e-02 -1.9337590000e-02 -1.0559370000e-02 -6.5186350000e-03
 -2.9935678915e-03 -7.7129650000e-04 -1.3535693721e-07 -1.8323882727e-08 -2.4799652073e-09
 -6.1472568265e-12 -2.7908781326e-16 -0.0000000000e+00 -0.0000000000e+00 -0.0000000000e+00
 -0.0000000000e+00 -0.0000000000e+00 -0.0000000000e+00 -0.0000000000e+00 -0.0000000000e+00
 -0.0000000000e+00 -0.0000000000e+00
9 8 2 11
  1.1070940000e+03  4.5355160000e+02  1.9254400000e+02  8.5455230000e+01  3.9903620000e+01
  1.9650950000e+01  1.0174710000e+01  5.5114650000e+00  3.1013100000e+00  1.7983150000e+00
  1.0768030000e+00  6.7303420000e-01  4.3755250000e-01  2.8904640000e-01  1.9188220000e-01
  1.2733520000e-01  8.5091760000e-02  5.8083890000e-02  4.1005620000e-02  2.9990650000e-02
  2.2168030000e-02  1.2681800000e-02  6.7685000000e-03  2.6342290000e-03  9.2379620000e-04
  8.1220406367e-04  1.4332605000e-04  3.7247271921e-08  5.0423321972e-09  6.8243224423e-10
  1.6915907770e-12  7.6798868864e-17  0.0000000000e+00  0.0000000000e+00  0.0000000000e+00
  0.0000000000e+00  0.0000000000e+00  0.0000000000e+00  0.0000000000e+00  0.0000000000e+00
  0.0000000000e+00  0.0000000000e+00
10 2 2 12
  7.6590990000e+02  2.9735760000e+02  1.1880550000e+02  4.9281370000e+01  2.1364390000e+01
  9.7395820000e+00  4.6773330000e+00  2.3656360000e+00  1.2573670000e+00  6.8875110000e-01
  3.8718820000e-01  2.2935640000e-01  1.4348390000e-01  9.0703960000e-02  5.4180620000e-02
  2.8438620000e-02  1.1593140000e-02  2.1872860000e-03 -2.9738000000e-03 -5.7137290000e-03
 -7.6676930000e-03 -9.5756410000e-03 -1.0150580000e-02 -7.4297500000e-03 -5.5692600000e-03
 -2.9014058973e-03 -9.0783200000e-04 -2.5039628434e-07 -3.3897281102e-08 -4.5876782232e-09
 -1.1371787069e-11 -5.1628348636e-16 -0.0000000000e+00 -0.0000000000e+00 -0.0000000000e+00
 -0.0000000000e+00 -0.0000000000e+00 -0.0000000000e+00 -0.0000000000e+00 -0.0000000000e+00
 -0.0000000000e+00 -0.0000000000e+00
10 4 0 10
 -7.6129310000e+02 -3.0347010000e+02 -1.2258260000e+02 -5.0849060000e+01 -2.1912570000e+01
 -9.9164290000e+00 -4.7229060000e+00 -2.3635730000e+00 -1.2478140000e+00 -6.9356440000e-01
 -4.0360190000e-01 -2.4216740000e-01 -1.4559080000e-01 -8.3602890000e-02 -4.5092860000e-02
 -2.4499600000e-02 -1.2814270000e-02 -6.9273040000e-03 -4.0130010000e-03 -1.8766750000e-03
 -1.0133510000e-03 -1.2189210000e-03 -1.9454310000e-03 -7.8015130000e-04  2.4896520000e-04
  6.1858148490e-04  1.5044650000e-04  5.5882410391e-08  7.5650554427e-09  1.0238591115e-09
  2.5379085539e-12  1.1522201993e-16  0.0000000000e+00  0.0000000000e+00  0.0000000000e+00
  0.0000000000e+00  0.0000000000e+00  0.0000000000e+00  0.0000000000e+00  0.0000000000e+00
  0.0000000000e+00  0.0000000000e+00
10 4 2 12
 -1.4383860000e+03 -5.6213650000e+02 -2.2684560000e+02 -9.5219170000e+01 -4.1835520000e+01
 -1.9340840000e+01 -9.4220410000e+00 -4.8336070000e+00 -2.6001900000e+00 -1.4490490000e+00
 -8.3833780000e-01 -5.1207960000e-01 -3.2973960000e-01 -2.1802360000e-01 -1.4355030000e-01
 -9.3757480000e-02 -6.1532670000e-02 -4.1793390000e-02 -2.9811180000e-02 -2.1996280000e-02
 -1.5987650000e-02 -7.5032240000e-03 -3.6658350000e-03 -2.4168100000e-03 -1.3836710000e-03
 -6.1343268840e-04 -1.8895715000e-04 -1.2157911063e-07 -1.6458715831e-08 -2.2275324081e-09
 -5.5215346418e-12 -2.5067978653e-16 -0.0000000000e+00 -0.0000000000e+00 -0.0000000000e+00
 -0.0000000000e+00 -0.0000000000e+00 -0.0000000000e+00 -0.0000000000e+00 -0.0000000000e+00
 -0.0000000000e+00 -0.0000000000e+00
10 4 4 14
 -7.3024940000e+02 -2.6207170000e+02 -9.7691400000e+01 -3.8014540000e+01 -1.5528580000e+01
 -6.7242370000e+00 -3.1041780000e+00 -1.5383340000e+00 -8.2757960000e-01 -4.7122970000e-01
 -2.7324600000e-01 -1.5980450000e-01 -9.8244070000e-02 -6.6204580000e-02 -4.8258280000e-02
 -3.6146940000e-02 -2.6959770000e-02 -2.0296430000e-02 -1.6106970000e-02 -1.2986680000e-02
 -1.0944780000e-02 -8.5699050000e-03 -6.1449150000e-03 -4.1508560000e-03 -3.1401180000e-03
 -1.6116299675e-03 -5.1314100000e-04 -1.2432535992e-07 -1.6830488058e-08 -2.2778482828e-09
 -5.6462559899e-12 -2.5634218348e-16 -0.0000000000e+00 -0.0000000000e+00 -0.0000000000e+00
 -0.0000000000e+00 -0.0000000000e+00 -0.0000000000e+00 -0.0000000000e+00 -0.0000000000e+00
 -0.0000000000e+00 -0.0000000000e+00
10 6 0 10
  1.0349970000e+03  4.1085130000e+02  1.6656170000e+02  6.9542550000e+01  3.0138800000e+01
  1.3623780000e+01  6.3886500000e+00  3.0777090000e+00  1.5172620000e+00  7.7283220000e-01
  4.1363560000e-01  2.2724330000e-01  1.1603430000e-01  4.5768930000e-02  6.0838090000e-03
 -1.2833780000e-02 -2.1677770000e-02 -2.3002110000e-02 -2.1876540000e-02 -2.0047260000e-02
 -1.7867890000e-02 -1.0755680000e-02 -4.7474830000e-03 -2.1772670000e-03 -2.8339150000e-03
 -1.7040246990e-03 -3.6644065000e-04 -1.1101984047e-07 -1.5029259520e-08 -2.0340689392e-09
 -5.0419837083e-12 -2.2890799056e-16 -0.0000000000e+00 -0.0000000000e+00 -0.0000000000e+00
 -0.0000000000e+00 -0.0000000000e+00 -0.0000000000e+00 -0.0000000000e+00 -0.0000000000e+00
 -0.0000000000e+00 -0.0000000000e+00
10 6 2 12
  1.8753530000e+03  7.4074420000e+02  3.0452120000e+02  1.3117740000e+02  5.9515030000e+01
  2.8515990000e+01  1.4412320000e+01  7.6605460000e+00  4.2518270000e+00  2.4347170000e+00
  1.4398090000e+00  8.9184090000e-01  5.7798550000e-01  3.8441120000e-01  2.5773650000e-01
  1.7431510000e-01  1.1923780000e-01  8.4139890000e-02  6.1699080000e-02  4.6504290000e-02
  3.4705920000e-02  1.9533660000e-02  1.2584150000e-02  8.3227410000e-03  5.2222100000e-03
  2.5251276734e-03  7.0081150000e-04  1.5381987338e-07  2.0823294167e-08  2.8182370409e-09
  6.9857540089e-12  3.1715590634e-16  0.0000000000e+00  0.0000000000e+00  0.0000000000e+00
  0.0000000000e+00  0.0000000000e+00  0.0000000000e+00  0.0000000000e+00  0.0000000000e+00
  0.0000000000e+00  0.0000000000e+00
10 8 0 10
  6.8526720000e+02  2.7688660000e+02  1.1458490000e+02  4.9063780000e+01  2.1962870000e+01
  1.0377550000e+01  5.1881650000e+00  2.7477240000e+00  1.5563370000e+00  9.4943250000e-01
  6.1767150000e-01  4.1479490000e-01  2.7816860000e-01  1.8258040000e-01  1.2152600000e-01
  8.4793360000e-02  6.2330160000e-02  4.7639080000e-02  3.8407760000e-02  3.1741000000e-02
  2.7454340000e-02  2.1933420000e-02  1.8522250000e-02  1.1328850000e-02  6.3094600000e-03
  2.3595709505e-03  5.3601650000e-04  1.1528230830e-07  1.5606289130e-08  2.1121644705e-09
  5.2355643627e-12  2.3769662638e-16  0.0000000000e+00  0.0000000000e+00  0.0000000000e+00
  0.0000000000e+00  0.0000000000e+00  0.0000000000e+00  0.0000000000e+00  0.0000000000e+00
  0.0000000000e+00  0.0000000000e+00
10 8 2 12
  1.2249500000e+03  4.8419210000e+02  1.9656510000e+02  8.2443080000e+01  3.5910210000e+01
  1.6300790000e+01  7.7049070000e+00  3.7805560000e+00  1.9043250000e+00  9.6152790000e-01
  4.8742900000e-01  2.5746310000e-01  1.4441430000e-01  7.9609950000e-02  3.6426380000e-02
  8.2264200000e-03 -8.0007800000e-03 -1.5124370000e-02 -1.7279280000e-02 -1.6942740000e-02
 -1.7197300000e-02 -1.6689300000e-02 -1.5228640000e-02 -9.4995630000e-03 -6.5190180000e-03
 -3.1878642299e-03 -8.7745900000e-04 -2.3996800193e-07 -3.2485557198e-08 -4.3966146689e-09
 -1.0898184966e-11 -4.9478176956e-16 -0.0000000000e+00 -0.0000000000e+00 -0.0000000000e+00
 -0.0000000000e+00 -0.0000000000e+00 -0.0000000000e+00 -0.0000000000e+00 -0.0000000000e+00
 -0.0000000000e+00 -0.0000000000e+00
10 10 2 12
  3.2645360000e+02  1.2533930000e+02  4.9804950000e+01  2.0679530000e+01  9.0362630000e+00
  4.1776630000e+00  2.0369480000e+00  1.0405820000e+00  5.5441010000e-01  3.0257200000e-01
  1.6493610000e-01  9.0243940000e-02  5.2824070000e-02  3.3628830000e-02  2.2124260000e-02
  1.5651360000e-02  1.1799980000e-02  9.8266480000e-03  9.6884620000e-03  1.0447810000e-02
  1.1580920000e-02  9.9522240000e-03  7.4103640000e-03  3.5579840000e-03  2.5116600000e-03
  1.3934530177e-03  3.0124305000e-04  3.6149503269e-08  4.8937222740e-09  6.6231928867e-10
  1.6417354392e-12  7.4535417438e-17  0.0000000000e+00  0.0000000000e+00  0.0000000000e+00
  0.0000000000e+00  0.0000000000e+00  0.0000000000e+00  0.0000000000e+00  0.0000000000e+00
  0.0000000000e+00  0.0000000000e+00
