 2.8209479e-01  2.8209479e-01  2.8209479e-01  2.8209479e-01  2.8209479e-01
 2.8209479e-01  2.8209479e-01  2.8209479e-01  2.8209479e-01  2.8209479e-01
 2.8209479e-01  2.8209479e-01  2.8209479e-01  2.8209479e-01  2.8209479e-01
 2.8209479e-01  2.8209479e-01  2.8209479e-01  2.8209479e-01  2.8209479e-01
 2.8209479e-01  2.8209479e-01  2.8209479e-01  2.8209479e-01  2.8209479e-01
 2.8209479e-01  2.8209479e-01  2.8209479e-01  2.8209479e-01  2.8209479e-01
 2.8209479e-01  2.8209479e-01  2.8209479e-01  2.8209479e-01  2.8209479e-01
 2.8209479e-01  2.8209479e-01  2.8209479e-01  2.8209479e-01  2.8209479e-01
 2.8209479e-01  2.8209479e-01  2.8209479e-01  2.8209479e-01  2.8209479e-01
 2.8209479e-01  2.8209479e-01  2.8209479e-01  2.8209479e-01  2.8209479e-01
 2.8209479e-01  2.8209479e-01  2.8209479e-01  2.8209479e-01  2.8209479e-01
 2.8209479e-01  2.8209479e-01  2.8209479e-01  2.8209479e-01  2.8209479e-01
 2.8209479e-01  2.8209479e-01  2.8209479e-01  2.8209479e-01  2.8209479e-01
 2.8209479e-01  2.8209479e-01  2.8209479e-01  2.8209479e-01  2.8209479e-01
 2.8209479e-01  2.8209479e-01  2.8209479e-01  2.8209479e-01  2.8209479e-01
 2.8209479e-01  2.8209479e-01  2.8209479e-01  2.8209479e-01  2.8209479e-01
 2.8209479e-01  2.8209479e-01  2.8209479e-01  2.8209479e-01  2.8209479e-01
 2.8209479e-01  2.8209479e-01  2.8209479e-01  2.8209479e-01  2.8209479e-01
 2.8209479e-01  2.8209479e-01  2.8209479e-01  2.8209479e-01  2.8209479e-01
 2.8209479e-01  2.8209479e-01  2.8209479e-01  2.8209479e-01  2.8209479e-01
 2.8209479e-01  2.8209479e-01  2.8209479e-01  2.8209479e-01  2.8209479e-01
 2.8209479e-01  2.8209479e-01  2.8209479e-01  2.8209479e-01  2.8209479e-01
 2.8209479e-01  2.8209479e-01  2.8209479e-01  2.8209479e-01  2.8209479e-01
 2.8209479e-01  2.8209479e-01  2.8209479e-01  2.8209479e-01  2.8209479e-01
 2.8209479e-01  2.8209479e-01  2.8209479e-01  2.8209479e-01  2.8209479e-01
 2.8209479e-01  2.8209479e-01  2.8209479e-01  2.8209479e-01  2.8209479e-01
 2.8209479e-01  2.8209479e-01  2.8209479e-01  6.3078313e-01  6.3078313e-01
 6.3078313e-01  6.3078313e-01  6.3078313e-01  6.3078313e-01  6.3078313e-01
 6.0225247e-01  6.0225247e-01  6.0225247e-01  6.0225247e-01  6.0225247e-01
 6.0225247e-01  6.0225247e-01  5.2010172e-01  5.2010172e-01  5.2010172e-01
 5.2010172e-01  5.2010172e-01  5.2010172e-01  5.2010172e-01  3.9423946e-01
 3.9423946e-01  3.9423946e-01  3.9423946e-01  3.9423946e-01  3.9423946e-01
 3.9423946e-01  2.3984654e-01  2.3984654e-01  2.3984654e-01  2.3984654e-01
 2.3984654e-01  2.3984654e-01  2.3984654e-01  7.5545027e-02  7.5545027e-02
 7.5545027e-02  7.5545027e-02  7.5545027e-02  7.5545027e-02  7.5545027e-02
-7.8847891e-02 -7.8847891e-02 -7.8847891e-02 -7.8847891e-02 -7.8847891e-02
-7.8847891e-02 -7.8847891e-02 -2.0471015e-01 -2.0471015e-01 -2.0471015e-01
-2.0471015e-01 -2.0471015e-01 -2.0471015e-01 -2.0471015e-01 -2.8686091e-01
-2.8686091e-01 -2.8686091e-01 -2.8686091e-01 -2.8686091e-01 -2.8686091e-01
-2.8686091e-01 -3.1539157e-01 -3.1539157e-01 -3.1539157e-01 -3.1539157e-01
-3.1539157e-01 -3.1539157e-01 -3.1539157e-01 -2.8686091e-01 -2.8686091e-01
-2.8686091e-01 -2.8686091e-01 -2.8686091e-01 -2.8686091e-01 -2.8686091e-01
-2.0471015e-01 -2.0471015e-01 -2.0471015e-01 -2.0471015e-01 -2.0471015e-01
-2.0471015e-01 -2.0471015e-01 -7.8847891e-02 -7.8847891e-02 -7.8847891e-02
-7.8847891e-02 -7.8847891e-02 -7.8847891e-02 -7.8847891e-02  7.5545027e-02
 7.5545027e-02  7.5545027e-02  7.5545027e-02  7.5545027e-02  7.5545027e-02
 7.5545027e-02  2.3984654e-01  2.3984654e-01  2.3984654e-01  2.3984654e-01
 2.3984654e-01  2.3984654e-01  2.3984654e-01  3.9423946e-01  3.9423946e-01
 3.9423946e-01  3.9423946e-01  3.9423946e-01  3.9423946e-01  3.9423946e-01
 5.2010172e-01  5.2010172e-01  5.2010172e-01  5.2010172e-01  5.2010172e-01
 5.2010172e-01  5.2010172e-01  6.0225247e-01  6.0225247e-01  6.0225247e-01
 6.0225247e-01  6.0225247e-01  6.0225247e-01  6.0225247e-01  6.3078313e-01
 6.3078313e-01  6.3078313e-01  6.3078313e-01  6.3078313e-01  6.3078313e-01
 6.3078313e-01  8.4628438e-01  8.4628438e-01  8.4628438e-01  8.4628438e-01
 8.4628438e-01  8.4628438e-01  8.4628438e-01  7.2205787e-01  7.2205787e-01
 7.2205787e-01  7.2205787e-01  7.2205787e-01  7.2205787e-01  7.2205787e-01
 4.0196624e-01  4.0196624e-01  4.0196624e-01  4.0196624e-01  4.0196624e-01
 4.0196624e-01  4.0196624e-01  1.9834790e-02  1.9834790e-02  1.9834790e-02
 1.9834790e-02  1.9834790e-02  1.9834790e-02  1.9834790e-02 -2.6996839e-01
-2.6996839e-01 -2.6996839e-01 -2.6996839e-01 -2.6996839e-01 -2.6996839e-01
-2.6996839e-01 -3.6181573e-01 -3.6181573e-01 -3.6181573e-01 -3.6181573e-01
-3.6181573e-01 -3.6181573e-01 -3.6181573e-01 -2.4462908e-01 -2.4462908e-01
-2.4462908e-01 -2.4462908e-01 -2.4462908e-01 -2.4462908e-01 -2.4462908e-01
-3.2159156e-03 -3.2159156e-03 -3.2159156e-03 -3.2159156e-03 -3.2159156e-03
-3.2159156e-03 -3.2159156e-03  2.2502838e-01  2.2502838e-01  2.2502838e-01
 2.2502838e-01  2.2502838e-01  2.2502838e-01  2.2502838e-01  3.1735664e-01
 3.1735664e-01  3.1735664e-01  3.1735664e-01  3.1735664e-01  3.1735664e-01
 3.1735664e-01  2.2502838e-01  2.2502838e-01  2.2502838e-01  2.2502838e-01
 2.2502838e-01  2.2502838e-01  2.2502838e-01 -3.2159156e-03 -3.2159156e-03
-3.2159156e-03 -3.2159156e-03 -3.2159156e-03 -3.2159156e-03 -3.2159156e-03
-2.4462908e-01 -2.4462908e-01 -2.4462908e-01 -2.4462908e-01 -2.4462908e-01
-2.4462908e-01 -2.4462908e-01 -3.6181573e-01 -3.6181573e-01 -3.6181573e-01
-3.6181573e-01 -3.6181573e-01 -3.6181573e-01 -3.6181573e-01 -2.6996839e-01
-2.6996839e-01 -2.6996839e-01 -2.6996839e-01 -2.6996839e-01 -2.6996839e-01
-2.6996839e-01  1.9834790e-02  1.9834790e-02  1.9834790e-02  1.9834790e-02
 1.9834790e-02  1.9834790e-02  1.9834790e-02  4.0196624e-01  4.0196624e-01
 4.0196624e-01  4.0196624e-01  4.0196624e-01  4.0196624e-01  4.0196624e-01
 7.2205787e-01  7.2205787e-01  7.2205787e-01  7.2205787e-01  7.2205787e-01
 7.2205787e-01  7.2205787e-01  8.4628438e-01  8.4628438e-01  8.4628438e-01
 8.4628438e-01  8.4628438e-01  8.4628438e-01  8.4628438e-01  1.0171072e+00
 1.0171072e+00  1.0171072e+00  1.0171072e+00  1.0171072e+00  1.0171072e+00
 1.0171072e+00  7.1652290e-01  7.1652290e-01  7.1652290e-01  7.1652290e-01
 7.1652290e-01  7.1652290e-01  7.1652290e-01  7.3133063e-02  7.3133063e-02
 7.3133063e-02  7.3133063e-02  7.3133063e-02  7.3133063e-02  7.3133063e-02
-3.8042194e-01 -3.8042194e-01 -3.8042194e-01 -3.8042194e-01 -3.8042194e-01
-3.8042194e-01 -3.8042194e-01 -3.2910613e-01 -3.2910613e-01 -3.2910613e-01
-3.2910613e-01 -3.2910613e-01 -3.2910613e-01 -3.2910613e-01  5.7342740e-02
 5.7342740e-02  5.7342740e-02  5.7342740e-02  5.7342740e-02  5.7342740e-02
 5.7342740e-02  3.2877197e-01  3.2877197e-01  3.2877197e-01  3.2877197e-01
 3.2877197e-01  3.2877197e-01  3.2877197e-01  2.1245027e-01  2.1245027e-01
 2.1245027e-01  2.1245027e-01  2.1245027e-01  2.1245027e-01  2.1245027e-01
-1.3438157e-01 -1.3438157e-01 -1.3438157e-01 -1.3438157e-01 -1.3438157e-01
-1.3438157e-01 -1.3438157e-01 -3.1784601e-01 -3.1784601e-01 -3.1784601e-01
-3.1784601e-01 -3.1784601e-01 -3.1784601e-01 -3.1784601e-01 -1.3438157e-01
-1.3438157e-01 -1.3438157e-01 -1.3438157e-01 -1.3438157e-01 -1.3438157e-01
-1.3438157e-01  2.1245027e-01  2.1245027e-01  2.1245027e-01  2.1245027e-01
 2.1245027e-01  2.1245027e-01  2.1245027e-01  3.2877197e-01  3.2877197e-01
 3.2877197e-01  3.2877197e-01  3.2877197e-01  3.2877197e-01  3.2877197e-01
 5.7342740e-02  5.7342740e-02  5.7342740e-02  5.7342740e-02  5.7342740e-02
 5.7342740e-02  5.7342740e-02 -3.2910613e-01 -3.2910613e-01 -3.2910613e-01
-3.2910613e-01 -3.2910613e-01 -3.2910613e-01 -3.2910613e-01 -3.8042194e-01
-3.8042194e-01 -3.8042194e-01 -3.8042194e-01 -3.8042194e-01 -3.8042194e-01
-3.8042194e-01  7.3133063e-02  7.3133063e-02  7.3133063e-02  7.3133063e-02
 7.3133063e-02  7.3133063e-02  7.3133063e-02  7.1652290e-01  7.1652290e-01
 7.1652290e-01  7.1652290e-01  7.1652290e-01  7.1652290e-01  7.1652290e-01
 1.0171072e+00  1.0171072e+00  1.0171072e+00  1.0171072e+00  1.0171072e+00
 1.0171072e+00  1.0171072e+00  1.1631066e+00  1.1631066e+00  1.1631066e+00
 1.1631066e+00  1.1631066e+00  1.1631066e+00  1.1631066e+00  6.0696266e-01
 6.0696266e-01  6.0696266e-01  6.0696266e-01  6.0696266e-01  6.0696266e-01
 6.0696266e-01 -2.9291611e-01 -2.9291611e-01 -2.9291611e-01 -2.9291611e-01
-2.9291611e-01 -2.9291611e-01 -2.9291611e-01 -3.9403218e-01 -3.9403218e-01
-3.9403218e-01 -3.9403218e-01 -3.9403218e-01 -3.9403218e-01 -3.9403218e-01
 1.6123775e-01  1.6123775e-01  1.6123775e-01  1.6123775e-01  1.6123775e-01
 1.6123775e-01  1.6123775e-01  3.4274692e-01  3.4274692e-01  3.4274692e-01
 3.4274692e-01  3.4274692e-01  3.4274692e-01  3.4274692e-01 -8.5649911e-02
-8.5649911e-02 -8.5649911e-02 -8.5649911e-02 -8.5649911e-02 -8.5649911e-02
-8.5649911e-02 -3.2336134e-01 -3.2336134e-01 -3.2336134e-01 -3.2336134e-01
-3.2336134e-01 -3.2336134e-01 -3.2336134e-01  2.7109515e-02  2.7109515e-02
 2.7109515e-02  2.7109515e-02  2.7109515e-02  2.7109515e-02  2.7109515e-02
 3.1803697e-01  3.1803697e-01  3.1803697e-01  3.1803697e-01  3.1803697e-01
 3.1803697e-01  3.1803697e-01  2.7109515e-02  2.7109515e-02  2.7109515e-02
 2.7109515e-02  2.7109515e-02  2.7109515e-02  2.7109515e-02 -3.2336134e-01
-3.2336134e-01 -3.2336134e-01 -3.2336134e-01 -3.2336134e-01 -3.2336134e-01
-3.2336134e-01 -8.5649911e-02 -8.5649911e-02 -8.5649911e-02 -8.5649911e-02
-8.5649911e-02 -8.5649911e-02 -8.5649911e-02  3.4274692e-01  3.4274692e-01
 3.4274692e-01  3.4274692e-01  3.4274692e-01  3.4274692e-01  3.4274692e-01
 1.6123775e-01  1.6123775e-01  1.6123775e-01  1.6123775e-01  1.6123775e-01
 1.6123775e-01  1.6123775e-01 -3.9403218e-01 -3.9403218e-01 -3.9403218e-01
-3.9403218e-01 -3.9403218e-01 -3.9403218e-01 -3.9403218e-01 -2.9291611e-01
-2.9291611e-01 -2.9291611e-01 -2.9291611e-01 -2.9291611e-01 -2.9291611e-01
-2.9291611e-01  6.0696266e-01  6.0696266e-01  6.0696266e-01  6.0696266e-01
 6.0696266e-01  6.0696266e-01  6.0696266e-01  1.1631066e+00  1.1631066e+00
 1.1631066e+00  1.1631066e+00  1.1631066e+00  1.1631066e+00  1.1631066e+00
-0.0000000e+00 -0.0000000e+00 -0.0000000e+00 -0.0000000e+00  0.0000000e+00
 0.0000000e+00  0.0000000e+00 -4.3692791e-03 -3.7839067e-03 -2.1846395e-03
-2.6754118e-19  2.1846395e-03  3.7839067e-03  4.3692791e-03 -3.3385213e-02
-2.8912442e-02 -1.6692606e-02 -2.0442547e-18  1.6692606e-02  2.8912442e-02
 3.3385213e-02 -1.0430596e-01 -9.0331608e-02 -5.2152978e-02 -6.3868978e-18
 5.2152978e-02  9.0331608e-02  1.0430596e-01 -2.2161624e-01 -1.9192529e-01
-1.1080812e-01 -1.3570081e-17  1.1080812e-01  1.9192529e-01  2.2161624e-01
-3.7511203e-01 -3.2485655e-01 -1.8755602e-01 -2.2968987e-17  1.8755602e-01
 3.2485655e-01  3.7511203e-01 -5.4198965e-01 -4.6937680e-01 -2.7099482e-01
-3.3187294e-17  2.7099482e-01  4.6937680e-01  5.4198965e-01 -6.9239918e-01
-5.9963528e-01 -3.4619959e-01 -4.2397222e-17  3.4619959e-01  5.9963528e-01
 6.9239918e-01 -7.9699110e-01 -6.9021454e-01 -3.9849555e-01 -4.8801630e-17
 3.9849555e-01  6.9021454e-01  7.9699110e-01 -8.3444765e-01 -7.2265286e-01
-4.1722382e-01 -5.1095182e-17  4.1722382e-01  7.2265286e-01  8.3444765e-01
-7.9699110e-01 -6.9021454e-01 -3.9849555e-01 -4.8801630e-17  3.9849555e-01
 6.9021454e-01  7.9699110e-01 -6.9239918e-01 -5.9963528e-01 -3.4619959e-01
-4.2397222e-17  3.4619959e-01  5.9963528e-01  6.9239918e-01 -5.4198965e-01
-4.6937680e-01 -2.7099482e-01 -3.3187294e-17  2.7099482e-01  4.6937680e-01
 5.4198965e-01 -3.7511203e-01 -3.2485655e-01 -1.8755602e-01 -2.2968987e-17
 1.8755602e-01  3.2485655e-01  3.7511203e-01 -2.2161624e-01 -1.9192529e-01
-1.1080812e-01 -1.3570081e-17  1.1080812e-01  1.9192529e-01  2.2161624e-01
-1.0430596e-01 -9.0331608e-02 -5.2152978e-02 -6.3868978e-18  5.2152978e-02
 9.0331608e-02  1.0430596e-01 -3.3385213e-02 -2.8912442e-02 -1.6692606e-02
-2.0442547e-18  1.6692606e-02  2.8912442e-02  3.3385213e-02 -4.3692791e-03
-3.7839067e-03 -2.1846395e-03 -2.6754118e-19  2.1846395e-03  3.7839067e-03
 4.3692791e-03 -0.0000000e+00 -0.0000000e+00 -0.0000000e+00 -0.0000000e+00
 0.0000000e+00  0.0000000e+00  0.0000000e+00  0.0000000e+00  0.0000000e+00
 0.0000000e+00  0.0000000e+00 -0.0000000e+00 -0.0000000e+00 -0.0000000e+00
-2.7999347e-02 -2.4248146e-02 -1.3999674e-02 -1.7144656e-18  1.3999674e-02
 2.4248146e-02  2.7999347e-02 -1.9230931e-01 -1.6654474e-01 -9.6154653e-02
-1.1775549e-17  9.6154653e-02  1.6654474e-01  1.9230931e-01 -4.9729410e-01
-4.3066932e-01 -2.4864705e-01 -3.0450481e-17  2.4864705e-01  4.3066932e-01
 4.9729410e-01 -7.8672952e-01 -6.8132775e-01 -3.9336476e-01 -4.8173289e-17
 3.9336476e-01  6.8132775e-01  7.8672952e-01 -8.4555132e-01 -7.3226893e-01
-4.2277566e-01 -5.1775086e-17  4.2277566e-01  7.3226893e-01  8.4555132e-01
-5.6174259e-01 -4.8648336e-01 -2.8087130e-01 -3.4396813e-17  2.8087130e-01
 4.8648336e-01  5.6174259e-01 -3.0312857e-02 -2.6251704e-02 -1.5156428e-02
-1.8561271e-18  1.5156428e-02  2.6251704e-02  3.0312857e-02  4.8149192e-01
 4.1698423e-01  2.4074596e-01  2.9482877e-17 -2.4074596e-01 -4.1698423e-01
-4.8149192e-01  6.9188744e-01  5.9919210e-01  3.4594372e-01  4.2365887e-17
-3.4594372e-01 -5.9919210e-01 -6.9188744e-01  4.8149192e-01  4.1698423e-01
 2.4074596e-01  2.9482877e-17 -2.4074596e-01 -4.1698423e-01 -4.8149192e-01
-3.0312857e-02 -2.6251704e-02 -1.5156428e-02 -1.8561271e-18  1.5156428e-02
 2.6251704e-02  3.0312857e-02 -5.6174259e-01 -4.8648336e-01 -2.8087130e-01
-3.4396813e-17  2.8087130e-01  4.8648336e-01  5.6174259e-01 -8.4555132e-01
-7.3226893e-01 -4.2277566e-01 -5.1775086e-17  4.2277566e-01  7.3226893e-01
 8.4555132e-01 -7.8672952e-01 -6.8132775e-01 -3.9336476e-01 -4.8173289e-17
 3.9336476e-01  6.8132775e-01  7.8672952e-01 -4.9729410e-01 -4.3066932e-01
-2.4864705e-01 -3.0450481e-17  2.4864705e-01  4.3066932e-01  4.9729410e-01
-1.9230931e-01 -1.6654474e-01 -9.6154653e-02 -1.1775549e-17  9.6154653e-02
 1.6654474e-01  1.9230931e-01 -2.7999347e-02 -2.4248146e-02 -1.3999674e-02
-1.7144656e-18  1.3999674e-02  2.4248146e-02  2.7999347e-02  0.0000000e+00
 0.0000000e+00  0.0000000e+00  0.0000000e+00 -0.0000000e+00 -0.0000000e+00
-0.0000000e+00  0.0000000e+00  0.0000000e+00  0.0000000e+00  0.0000000e+00
-0.0000000e+00 -0.0000000e+00 -0.0000000e+00 -8.5151245e-02 -7.3743141e-02
-4.2575622e-02 -5.2140100e-18  4.2575622e-02  7.3743141e-02  8.5151245e-02
-4.9770749e-01 -4.3102733e-01 -2.4885375e-01 -3.0475794e-17  2.4885375e-01
 4.3102733e-01  4.9770749e-01 -9.3865333e-01 -8.1289763e-01 -4.6932666e-01
-5.7475940e-17  4.6932666e-01  8.1289763e-01  9.3865333e-01 -7.9411623e-01
-6.8772482e-01 -3.9705811e-01 -4.8625595e-17  3.9705811e-01  6.8772482e-01
 7.9411623e-01 -1.4177925e-02 -1.2278444e-02 -7.0889627e-03 -8.6814755e-19
 7.0889627e-03  1.2278444e-02  1.4177925e-02  6.5570748e-01  5.6785933e-01
 3.2785374e-01  4.0150503e-17 -3.2785374e-01 -5.6785933e-01 -6.5570748e-01
 5.0742464e-01  4.3944263e-01  2.5371232e-01  3.1070798e-17 -2.5371232e-01
-4.3944263e-01 -5.0742464e-01 -2.4089529e-01 -2.0862144e-01 -1.2044765e-01
-1.4750582e-17  1.2044765e-01  2.0862144e-01  2.4089529e-01 -6.6379904e-01
-5.7486683e-01 -3.3189952e-01 -4.0645968e-17  3.3189952e-01  5.7486683e-01
 6.6379904e-01 -2.4089529e-01 -2.0862144e-01 -1.2044765e-01 -1.4750582e-17
 1.2044765e-01  2.0862144e-01  2.4089529e-01  5.0742464e-01  4.3944263e-01
 2.5371232e-01  3.1070798e-17 -2.5371232e-01 -4.3944263e-01 -5.0742464e-01
 6.5570748e-01  5.6785933e-01  3.2785374e-01  4.0150503e-17 -3.2785374e-01
-5.6785933e-01 -6.5570748e-01 -1.4177925e-02 -1.2278444e-02 -7.0889627e-03
-8.6814755e-19  7.0889627e-03  1.2278444e-02  1.4177925e-02 -7.9411623e-01
-6.8772482e-01 -3.9705811e-01 -4.8625595e-17  3.9705811e-01  6.8772482e-01
 7.9411623e-01 -9.3865333e-01 -8.1289763e-01 -4.6932666e-01 -5.7475940e-17
 4.6932666e-01  8.1289763e-01  9.3865333e-01 -4.9770749e-01 -4.3102733e-01
-2.4885375e-01 -3.0475794e-17  2.4885375e-01  4.3102733e-01  4.9770749e-01
-8.5151245e-02 -7.3743141e-02 -4.2575622e-02 -5.2140100e-18  4.2575622e-02
 7.3743141e-02  8.5151245e-02  0.0000000e+00  0.0000000e+00  0.0000000e+00
 0.0000000e+00 -0.0000000e+00 -0.0000000e+00 -0.0000000e+00  0.0000000e+00
 0.0000000e+00  0.0000000e+00  0.0000000e+00 -0.0000000e+00 -0.0000000e+00
-0.0000000e+00 -1.8808198e-01 -1.6288377e-01 -9.4040991e-02 -1.1516700e-17
 9.4040991e-02  1.6288377e-01  1.8808198e-01 -8.7654022e-01 -7.5910610e-01
-4.3827011e-01 -5.3672609e-17  4.3827011e-01  7.5910610e-01  8.7654022e-01
-9.6285275e-01 -8.3385495e-01 -4.8142638e-01 -5.8957727e-17  4.8142638e-01
 8.3385495e-01  9.6285275e-01  1.0488495e-01  9.0833030e-02  5.2442474e-02
 6.4223508e-18 -5.2442474e-02 -9.0833030e-02 -1.0488495e-01  7.5940393e-01
 6.5766309e-01  3.7970196e-01  4.6500080e-17 -3.7970196e-01 -6.5766309e-01
-7.5940393e-01 -6.6266618e-03 -5.7388575e-03 -3.3133309e-03 -4.0576601e-19
 3.3133309e-03  5.7388575e-03  6.6266618e-03 -6.7592308e-01 -5.8536656e-01
-3.3796154e-01 -4.1388352e-17  3.3796154e-01  5.8536656e-01  6.7592308e-01
-2.9624980e-03 -2.5655986e-03 -1.4812490e-03 -1.8140069e-19  1.4812490e-03
 2.5655986e-03  2.9624980e-03  6.5295445e-01  5.6547514e-01  3.2647723e-01
 3.9981929e-17 -3.2647723e-01 -5.6547514e-01 -6.5295445e-01 -2.9624980e-03
-2.5655986e-03 -1.4812490e-03 -1.8140069e-19  1.4812490e-03  2.5655986e-03
 2.9624980e-03 -6.7592308e-01 -5.8536656e-01 -3.3796154e-01 -4.1388352e-17
 3.3796154e-01  5.8536656e-01  6.7592308e-01 -6.6266618e-03 -5.7388575e-03
-3.3133309e-03 -4.0576601e-19  3.3133309e-03  5.7388575e-03  6.6266618e-03
 7.5940393e-01  6.5766309e-01  3.7970196e-01  4.6500080e-17 -3.7970196e-01
-6.5766309e-01 -7.5940393e-01  1.0488495e-01  9.0833030e-02  5.2442474e-02
 6.4223508e-18 -5.2442474e-02 -9.0833030e-02 -1.0488495e-01 -9.6285275e-01
-8.3385495e-01 -4.8142638e-01 -5.8957727e-17  4.8142638e-01  8.3385495e-01
 9.6285275e-01 -8.7654022e-01 -7.5910610e-01 -4.3827011e-01 -5.3672609e-17
 4.3827011e-01  7.5910610e-01  8.7654022e-01 -1.8808198e-01 -1.6288377e-01
-9.4040991e-02 -1.1516700e-17  9.4040991e-02  1.6288377e-01  1.8808198e-01
-0.0000000e+00 -0.0000000e+00 -0.0000000e+00 -0.0000000e+00  0.0000000e+00
 0.0000000e+00  0.0000000e+00  0.0000000e+00  0.0000000e+00 -0.0000000e+00
-0.0000000e+00 -0.0000000e+00  0.0000000e+00  0.0000000e+00  2.6489523e-05
 1.3244761e-05 -1.3244761e-05 -2.6489523e-05 -1.3244761e-05  1.3244761e-05
 2.6489523e-05  1.5465461e-03  7.7327303e-04 -7.7327303e-04 -1.5465461e-03
-7.7327303e-04  7.7327303e-04  1.5465461e-03  1.5096379e-02  7.5481893e-03
-7.5481893e-03 -1.5096379e-02 -7.5481893e-03  7.5481893e-03  1.5096379e-02
 6.8148725e-02  3.4074362e-02 -3.4074362e-02 -6.8148725e-02 -3.4074362e-02
 3.4074362e-02  6.8148725e-02  1.9524348e-01  9.7621742e-02 -9.7621742e-02
-1.9524348e-01 -9.7621742e-02  9.7621742e-02  1.9524348e-01  4.0760222e-01
 2.0380111e-01 -2.0380111e-01 -4.0760222e-01 -2.0380111e-01  2.0380111e-01
 4.0760222e-01  6.6522360e-01  3.3261180e-01 -3.3261180e-01 -6.6522360e-01
-3.3261180e-01  3.3261180e-01  6.6522360e-01  8.8137658e-01  4.4068829e-01
-4.4068829e-01 -8.8137658e-01 -4.4068829e-01  4.4068829e-01  8.8137658e-01
 9.6616823e-01  4.8308411e-01 -4.8308411e-01 -9.6616823e-01 -4.8308411e-01
 4.8308411e-01  9.6616823e-01  8.8137658e-01  4.4068829e-01 -4.4068829e-01
-8.8137658e-01 -4.4068829e-01  4.4068829e-01  8.8137658e-01  6.6522360e-01
 3.3261180e-01 -3.3261180e-01 -6.6522360e-01 -3.3261180e-01  3.3261180e-01
 6.6522360e-01  4.0760222e-01  2.0380111e-01 -2.0380111e-01 -4.0760222e-01
-2.0380111e-01  2.0380111e-01  4.0760222e-01  1.9524348e-01  9.7621742e-02
-9.7621742e-02 -1.9524348e-01 -9.7621742e-02  9.7621742e-02  1.9524348e-01
 6.8148725e-02  3.4074362e-02 -3.4074362e-02 -6.8148725e-02 -3.4074362e-02
 3.4074362e-02  6.8148725e-02  1.5096379e-02  7.5481893e-03 -7.5481893e-03
-1.5096379e-02 -7.5481893e-03  7.5481893e-03  1.5096379e-02  1.5465461e-03
 7.7327303e-04 -7.7327303e-04 -1.5465461e-03 -7.7327303e-04  7.7327303e-04
 1.5465461e-03  2.6489523e-05  1.3244761e-05 -1.3244761e-05 -2.6489523e-05
-1.3244761e-05  1.3244761e-05  2.6489523e-05  0.0000000e+00  0.0000000e+00
-0.0000000e+00 -0.0000000e+00 -0.0000000e+00  0.0000000e+00  0.0000000e+00
 0.0000000e+00  0.0000000e+00 -0.0000000e+00 -0.0000000e+00 -0.0000000e+00
 0.0000000e+00  0.0000000e+00  2.7963078e-04  1.3981539e-04 -1.3981539e-04
-2.7963078e-04 -1.3981539e-04  1.3981539e-04  2.7963078e-04  1.4756349e-02
 7.3781745e-03 -7.3781745e-03 -1.4756349e-02 -7.3781745e-03  7.3781745e-03
 1.4756349e-02  1.2057078e-01  6.0285392e-02 -6.0285392e-02 -1.2057078e-01
-6.0285392e-02  6.0285392e-02  1.2057078e-01  4.1431364e-01  2.0715682e-01
-2.0715682e-01 -4.1431364e-01 -2.0715682e-01  2.0715682e-01  4.1431364e-01
 7.9072975e-01  3.9536488e-01 -3.9536488e-01 -7.9072975e-01 -3.9536488e-01
 3.9536488e-01  7.9072975e-01  8.7340300e-01  4.3670150e-01 -4.3670150e-01
-8.7340300e-01 -4.3670150e-01  4.3670150e-01  8.7340300e-01  3.9117246e-01
 1.9558623e-01 -1.9558623e-01 -3.9117246e-01 -1.9558623e-01  1.9558623e-01
 3.9117246e-01 -3.7613648e-01 -1.8806824e-01  1.8806824e-01  3.7613648e-01
 1.8806824e-01 -1.8806824e-01 -3.7613648e-01 -7.5283222e-01 -3.7641611e-01
 3.7641611e-01  7.5283222e-01  3.7641611e-01 -3.7641611e-01 -7.5283222e-01
-3.7613648e-01 -1.8806824e-01  1.8806824e-01  3.7613648e-01  1.8806824e-01
-1.8806824e-01 -3.7613648e-01  3.9117246e-01  1.9558623e-01 -1.9558623e-01
-3.9117246e-01 -1.9558623e-01  1.9558623e-01  3.9117246e-01  8.7340300e-01
 4.3670150e-01 -4.3670150e-01 -8.7340300e-01 -4.3670150e-01  4.3670150e-01
 8.7340300e-01  7.9072975e-01  3.9536488e-01 -3.9536488e-01 -7.9072975e-01
-3.9536488e-01  3.9536488e-01  7.9072975e-01  4.1431364e-01  2.0715682e-01
-2.0715682e-01 -4.1431364e-01 -2.0715682e-01  2.0715682e-01  4.1431364e-01
 1.2057078e-01  6.0285392e-02 -6.0285392e-02 -1.2057078e-01 -6.0285392e-02
 6.0285392e-02  1.2057078e-01  1.4756349e-02  7.3781745e-03 -7.3781745e-03
-1.4756349e-02 -7.3781745e-03  7.3781745e-03  1.4756349e-02  2.7963078e-04
 1.3981539e-04 -1.3981539e-04 -2.7963078e-04 -1.3981539e-04  1.3981539e-04
 2.7963078e-04  0.0000000e+00  0.0000000e+00 -0.0000000e+00 -0.0000000e+00
-0.0000000e+00  0.0000000e+00  0.0000000e+00 -0.0000000e+00 -0.0000000e+00
 0.0000000e+00  0.0000000e+00 -0.0000000e+00 -0.0000000e+00  0.0000000e+00
-1.5204476e-07 -9.3100563e-24  1.5204476e-07  2.7930169e-23 -1.5204476e-07
-4.6550281e-23  1.5204476e-07 -6.7827302e-05 -4.1532244e-21  6.7827302e-05
 1.2459673e-20 -6.7827302e-05 -2.0766122e-20  6.7827302e-05 -2.0685662e-03
-1.2666315e-19  2.0685662e-03  3.7998944e-19 -2.0685662e-03 -6.3331574e-19
 2.0685662e-03 -1.9840237e-02 -1.2148641e-18  1.9840237e-02  3.6445924e-18
-1.9840237e-02 -6.0743206e-18  1.9840237e-02 -9.6211078e-02 -5.8912294e-18
 9.6211078e-02  1.7673688e-17 -9.6211078e-02 -2.9456147e-17  9.6211078e-02
-2.9021180e-01 -1.7770348e-17  2.9021180e-01  5.3311043e-17 -2.9021180e-01
-8.8851738e-17  2.9021180e-01 -6.0507851e-01 -3.7050373e-17  6.0507851e-01
 1.1115112e-16 -6.0507851e-01 -1.8525186e-16  6.0507851e-01 -9.2278922e-01
-5.6504543e-17  9.2278922e-01  1.6951363e-16 -9.2278922e-01 -2.8252272e-16
 9.2278922e-01 -1.0591059e+00 -6.4851531e-17  1.0591059e+00  1.9455459e-16
-1.0591059e+00 -3.2425766e-16  1.0591059e+00 -9.2278922e-01 -5.6504543e-17
 9.2278922e-01  1.6951363e-16 -9.2278922e-01 -2.8252272e-16  9.2278922e-01
-6.0507851e-01 -3.7050373e-17  6.0507851e-01  1.1115112e-16 -6.0507851e-01
-1.8525186e-16  6.0507851e-01 -2.9021180e-01 -1.7770348e-17  2.9021180e-01
 5.3311043e-17 -2.9021180e-01 -8.8851738e-17  2.9021180e-01 -9.6211078e-02
-5.8912294e-18  9.6211078e-02  1.7673688e-17 -9.6211078e-02 -2.9456147e-17
 9.6211078e-02 -1.9840237e-02 -1.2148641e-18  1.9840237e-02  3.6445924e-18
-1.9840237e-02 -6.0743206e-18  1.9840237e-02 -2.0685662e-03 -1.2666315e-19
 2.0685662e-03  3.7998944e-19 -2.0685662e-03 -6.3331574e-19  2.0685662e-03
-6.7827302e-05 -4.1532244e-21  6.7827302e-05  1.2459673e-20 -6.7827302e-05
-2.0766122e-20  6.7827302e-05 -1.5204476e-07 -9.3100563e-24  1.5204476e-07
 2.7930169e-23 -1.5204476e-07 -4.6550281e-23  1.5204476e-07 -0.0000000e+00
-0.0000000e+00  0.0000000e+00  0.0000000e+00 -0.0000000e+00 -0.0000000e+00
 0.0000000e+00