  legendre expansion coefficients (in hartree) for CN(X)-Ar mrci(avqz)+bondf+q (Alexander, 2006)
note, potential inside 4.75 is taken equal to its value of v=4.75 bohr
NOTE:  theta = 0 corresponds to CNAr

  R (bohr)  lambad=0           1               2               3              4                5              6

  4.0000  2.94953496E-02  5.53249380E-03  2.59886381E-02 -7.04441394E-05  7.55408693E-03 -3.14385172E-03  1.96391590E-03
  4.2000  2.94953496E-02  5.53249380E-03  2.59886381E-02 -7.04441394E-05  7.55408693E-03 -3.14385172E-03  1.96391590E-03
  4.4000  2.94953496E-02  5.53249380E-03  2.59886381E-02 -7.04441394E-05  7.55408693E-03 -3.14385172E-03  1.96391590E-03
  4.6000  2.94953496E-02  5.53249380E-03  2.59886381E-02 -7.04441394E-05  7.55408693E-03 -3.14385172E-03  1.96391590E-03
  4.8000  2.70293548E-02  5.14442680E-03  2.42698385E-02  2.81377250E-04  6.95726896E-03 -2.73793515E-03  1.77956544E-03
  5.0000  1.88073076E-02  3.64579011E-03  1.82384047E-02  9.76970287E-04  5.00699706E-03 -1.52116807E-03  1.19415394E-03
  5.2000  1.27814963E-02  2.35247414E-03  1.34351429E-02  9.53526793E-04  3.61310401E-03 -8.08739825E-04  7.98540728E-04
  5.4000  8.45318979E-03  1.40540079E-03  9.71700001E-03  6.95994643E-04  2.60980277E-03 -4.34737177E-04  5.30482464E-04
  5.6000  5.40131870E-03  7.88474736E-04  6.90522450E-03  4.34345593E-04  1.88472682E-03 -2.51321221E-04  3.52577026E-04
  5.8000  3.28697654E-03  4.15073482E-04  4.81589885E-03  2.35295576E-04  1.35987224E-03 -1.59351144E-04  2.37845160E-04
  6.0000  1.85038206E-03  2.06305542E-04  3.28928347E-03  1.06319738E-04  9.77338926E-04 -1.11045937E-04  1.63072443E-04
  6.2000  8.96211617E-04  9.87894721E-05  2.19168428E-03  3.16585870E-05  6.98153298E-04 -8.26035476E-05  1.13405438E-04
  6.4000  2.80545819E-04  4.95483610E-05  1.41552621E-03 -6.51325272E-06  4.94897257E-04 -6.35010275E-05  7.96433081E-05
  6.6000 -1.01299623E-04  3.13547533E-05  8.76247801E-04 -2.25246129E-05  3.47712285E-04 -4.92309181E-05  5.62581237E-05
  6.8000 -3.24463553E-04  2.79811406E-05  5.08735388E-04 -2.63283227E-05  2.41897841E-04 -3.79682361E-05  3.98430654E-05
  7.0000 -4.42142867E-04  3.04262405E-05  2.63821178E-04 -2.41432128E-05  1.66445896E-04 -2.89745629E-05  2.82100430E-05
  7.2000 -4.91476084E-04  3.40834327E-05  1.05042034E-04 -1.95753864E-05  1.13137772E-04 -2.18112397E-05  1.99678554E-05
  7.4000 -4.97981658E-04  3.69013054E-05  5.84959010E-06 -1.45668838E-05  7.58336789E-05 -1.62156832E-05  1.41435619E-05
  7.6000 -4.78962768E-04  3.81789787E-05 -5.29090254E-05 -1.00619569E-05  5.00001204E-05 -1.19262911E-05  1.00008994E-05
  7.8000 -4.45887323E-04  3.79223100E-05 -8.47879612E-05 -6.42009799E-06  3.23131245E-05 -8.68236960E-06  7.05517667E-06
  8.0000 -4.06244894E-04  3.64430701E-05 -9.92859236E-05 -3.67803775E-06  2.03416574E-05 -6.25693776E-06  4.98368960E-06
  8.2000 -3.64809505E-04  3.41075004E-05 -1.02989302E-04 -1.72104464E-06  1.23353881E-05 -4.46305897E-06  3.50149413E-06
  8.4000 -3.24131483E-04  3.12571140E-05 -1.00005392E-04 -3.99716020E-07  7.10131545E-06 -3.14738938E-06  2.44613810E-06
  8.6000 -2.85927589E-04  2.81756310E-05 -9.33754907E-05  4.21911816E-07  3.71838014E-06 -2.18367658E-06  1.70150385E-06
  8.8000 -2.51082894E-04  2.50694454E-05 -8.50612646E-05  8.74468976E-07  1.56344674E-06 -1.48316980E-06  1.17795441E-06
  9.0000 -2.19839042E-04  2.20821883E-05 -7.61738526E-05  1.08155096E-06  2.49446414E-07 -9.86987669E-07  8.07629523E-07
  9.2000 -1.92247014E-04  1.93126353E-05 -6.74923635E-05  1.13845515E-06 -5.17848830E-07 -6.46427548E-07  5.39196498E-07
  9.4000 -1.68009318E-04  1.67887298E-05 -5.92979812E-05  1.09879834E-06 -9.10871626E-07 -4.20891059E-07  3.46050364E-07
  9.6000 -1.46779945E-04  1.45183729E-05 -5.17291314E-05  1.00069652E-06 -1.05509491E-06 -2.76741486E-07  2.09756529E-07
  9.8000 -1.28247444E-04  1.25046338E-05 -4.48876124E-05  8.75069856E-07 -1.05301667E-06 -1.86310090E-07  1.14981312E-07
 10.0000 -1.12131438E-04  1.07466458E-05 -3.88445889E-05  7.46709372E-07 -9.87527286E-07 -1.27032172E-07  4.90532116E-08
 10.2000 -9.81699262E-05  9.23542194E-06 -3.36208602E-05  6.32038200E-07 -9.15308073E-07 -8.29743309E-08  2.54018557E-09
 10.4000 -8.60921511E-05  7.94194085E-06 -2.91281000E-05  5.31880492E-07 -8.45185197E-07 -4.99659523E-08 -2.86473566E-08
 10.6000 -7.56516213E-05  6.83605727E-06 -2.52649782E-05  4.43887891E-07 -7.75644847E-07 -2.65872043E-08 -4.71019425E-08
 10.8000 -6.66326856E-05  5.89153477E-06 -2.19433679E-05  3.66055027E-07 -7.05510917E-07 -1.15802965E-08 -5.50534964E-08
 11.0000 -5.88468025E-05  5.08556222E-06 -1.90867063E-05  2.96673875E-07 -6.33891336E-07 -3.83149646E-09 -5.44158129E-08
 11.2000 -5.21292503E-05  4.39832844E-06 -1.66285521E-05  2.34293838E-07 -5.60131759E-07 -2.35513717E-09 -4.68273496E-08
 11.4000 -4.63362270E-05  3.81264789E-06 -1.45113178E-05  1.77686860E-07 -4.83775689E-07 -6.27939217E-09 -3.36870139E-08
 11.6000 -4.13422950E-05  3.31363150E-06 -1.26851541E-05  1.25816956E-07 -4.04530209E-07 -1.48336232E-08 -1.61855409E-08
 11.8000 -3.70381292E-05  2.88839734E-06 -1.11069707E-05  7.78136378E-08 -3.22236587E-07 -2.73371257E-08  4.66701127E-09
