  5.00000E+00  3.81687E+02  2.83193E+02  1.14228E+02  1.79879E+01 -2.99560E+00  1.53035E+00  1.04877E+01  3.26856E+01  5.32697E+01  6.79889E+01  7.34858E+01  3.81687E+02  3.00731E+02  1.67107E+02  9.86118E+01  8.87574E+01  9.25131E+01  9.66990E+01  9.87928E+01  9.04717E+01  7.87914E+01  7.34858E+01
  5.48077E+00  7.86991E+01  4.92695E+01 -1.03229E-02 -2.52623E+01 -2.80186E+01 -2.55420E+01 -2.22525E+01 -1.56107E+01 -1.02905E+01 -6.66823E+00 -5.30499E+00  7.86991E+01  5.66853E+01  2.18281E+01  7.07762E+00  7.78756E+00  9.57039E+00  1.07209E+01  9.37938E+00  3.70291E+00 -2.61109E+00 -5.30499E+00
  5.96154E+00 -9.19050E+00 -1.57847E+01 -2.57906E+01 -2.88155E+01 -2.68848E+01 -2.55149E+01 -2.43115E+01 -2.26873E+01 -2.19060E+01 -2.15076E+01 -2.13527E+01 -9.19050E+00 -1.27564E+01 -1.71212E+01 -1.64455E+01 -1.36933E+01 -1.27822E+01 -1.25079E+01 -1.38889E+01 -1.70105E+01 -2.00897E+01 -2.13527E+01
  6.44231E+00 -2.67563E+01 -2.66676E+01 -2.54788E+01 -2.28760E+01 -2.03917E+01 -1.96095E+01 -1.91617E+01 -1.90088E+01 -1.93698E+01 -1.97518E+01 -1.98955E+01 -2.67563E+01 -2.54860E+01 -2.22269E+01 -1.84968E+01 -1.60204E+01 -1.55159E+01 -1.54621E+01 -1.63381E+01 -1.78976E+01 -1.93246E+01 -1.98955E+01
  6.92308E+00 -2.43948E+01 -2.28921E+01 -1.95583E+01 -1.63753E+01 -1.43543E+01 -1.38920E+01 -1.37196E+01 -1.39175E+01 -1.44329E+01 -1.48956E+01 -1.50734E+01 -2.43948E+01 -2.24611E+01 -1.84501E+01 -1.50517E+01 -1.32428E+01 -1.29457E+01 -1.29372E+01 -1.34168E+01 -1.41633E+01 -1.48154E+01 -1.50734E+01
  7.40385E+00 -1.82794E+01 -1.68692E+01 -1.38935E+01 -1.13403E+01 -9.88181E+00 -9.60184E+00 -9.53354E+00 -9.76204E+00 -1.01924E+01 -1.05707E+01 -1.07178E+01 -1.82794E+01 -1.67303E+01 -1.35897E+01 -1.11050E+01 -9.86603E+00 -9.68604E+00 -9.68535E+00 -9.93562E+00 -1.02917E+01 -1.05967E+01 -1.07178E+01
  7.88462E+00 -1.28487E+01 -1.18286E+01 -9.65114E+00 -7.81559E+00 -6.80714E+00 -6.63592E+00 -6.60970E+00 -6.79554E+00 -7.11319E+00 -7.39225E+00 -7.50152E+00 -1.28487E+01 -1.17965E+01 -9.62401E+00 -7.91813E+00 -7.08711E+00 -6.97850E+00 -6.98039E+00 -7.11270E+00 -7.28863E+00 -7.44021E+00 -7.50152E+00
  8.36538E+00 -8.86048E+00 -8.19185E+00 -6.70470E+00 -5.42810E+00 -4.74335E+00 -4.63900E+00 -4.63108E+00 -4.76923E+00 -4.99531E+00 -5.19436E+00 -5.27252E+00 -8.86048E+00 -8.19474E+00 -6.75665E+00 -5.60049E+00 -5.04798E+00 -4.98445E+00 -4.98871E+00 -5.06291E+00 -5.15605E+00 -5.23837E+00 -5.27252E+00
  8.84615E+00 -6.10604E+00 -5.68898E+00 -4.70001E+00 -3.81931E+00 -3.35964E+00 -3.29694E+00 -3.29723E+00 -3.39740E+00 -3.55718E+00 -3.69792E+00 -3.75313E+00 -6.10604E+00 -5.70062E+00 -4.76279E+00 -3.97708E+00 -3.61317E+00 -3.57808E+00 -3.58421E+00 -3.62943E+00 -3.68325E+00 -3.73232E+00 -3.75313E+00
  9.32692E+00 -4.23635E+00 -3.98415E+00 -3.33374E+00 -2.72756E+00 -2.42249E+00 -2.38562E+00 -2.38943E+00 -2.46182E+00 -2.57515E+00 -2.67478E+00 -2.71373E+00 -4.23635E+00 -3.99586E+00 -3.38735E+00 -2.85177E+00 -2.61554E+00 -2.59799E+00 -2.60503E+00 -2.63489E+00 -2.66864E+00 -2.70016E+00 -2.71373E+00
  9.80769E+00 -2.96683E+00 -2.81804E+00 -2.39315E+00 -1.97766E+00 -1.77787E+00 -1.75682E+00 -1.76178E+00 -1.81430E+00 -1.89530E+00 -1.96620E+00 -1.99378E+00 -2.96683E+00 -2.82754E+00 -2.43429E+00 -2.07016E+00 -1.92004E+00 -1.91285E+00 -1.91993E+00 -1.94081E+00 -1.96330E+00 -1.98456E+00 -1.99378E+00
  1.02885E+01 -2.09907E+00 -2.01345E+00 -1.73789E+00 -1.45544E+00 -1.32658E+00 -1.31501E+00 -1.31997E+00 -1.35831E+00 -1.41672E+00 -1.46754E+00 -1.48720E+00 -2.09907E+00 -2.02060E+00 -1.76821E+00 -1.52299E+00 -1.43029E+00 -1.42888E+00 -1.43540E+00 -1.45051E+00 -1.46605E+00 -1.48079E+00 -1.48720E+00
  1.07692E+01 -1.50112E+00 -1.45330E+00 -1.27634E+00 -1.08663E+00 -1.00494E+00 -9.98920E-01 -1.00336E+00 -1.03154E+00 -1.07403E+00 -1.11078E+00 -1.12490E+00 -1.50112E+00 -1.45854E+00 -1.29840E+00 -1.13582E+00 -1.08075E+00 -1.08229E+00 -1.08796E+00 -1.09906E+00 -1.11002E+00 -1.12039E+00 -1.12490E+00
  1.12500E+01 -1.08585E+00 -1.06022E+00 -9.48066E-01 -8.22566E-01 -7.71742E-01 -7.68868E-01 -7.72618E-01 -7.93471E-01 -8.24675E-01 -8.51480E-01 -8.61718E-01 -1.08585E+00 -1.06403E+00 -9.64125E-01 -8.58573E-01 -8.27585E-01 -8.30414E-01 -8.35158E-01 -8.43382E-01 -8.51176E-01 -8.58525E-01 -8.61718E-01
  1.17308E+01 -7.95265E-01 -7.82381E-01 -7.12496E-01 -6.30924E-01 -5.99964E-01 -5.98805E-01 -6.01863E-01 -6.17410E-01 -6.40538E-01 -6.60276E-01 -6.67769E-01 -7.95265E-01 -7.85154E-01 -7.24264E-01 -6.57533E-01 -6.41527E-01 -6.44723E-01 -6.48591E-01 -6.54699E-01 -6.60266E-01 -6.65494E-01 -6.67769E-01
  1.22115E+01 -5.90335E-01 -5.84561E-01 -5.41956E-01 -4.89990E-01 -4.71581E-01 -4.71311E-01 -4.73754E-01 -4.85435E-01 -5.02737E-01 -5.17410E-01 -5.22946E-01 -5.90335E-01 -5.86597E-01 -5.50667E-01 -5.09875E-01 -5.02870E-01 -5.05960E-01 -5.09062E-01 -5.13606E-01 -5.17589E-01 -5.21319E-01 -5.22946E-01
  1.26923E+01 -4.44533E-01 -4.42580E-01 -4.17342E-01 -3.84994E-01 -3.74367E-01 -3.74522E-01 -3.76450E-01 -3.85297E-01 -3.98361E-01 -4.09372E-01 -4.13501E-01 -4.44533E-01 -4.44090E-01 -4.23863E-01 -4.00027E-01 -3.98193E-01 -4.00965E-01 -4.03428E-01 -4.06816E-01 -4.09667E-01 -4.12333E-01 -4.13501E-01
  1.31731E+01 -3.39737E-01 -3.39724E-01 -3.25362E-01 -3.05777E-01 -2.99879E-01 -3.00211E-01 -3.01722E-01 -3.08479E-01 -3.18432E-01 -3.26771E-01 -3.29879E-01 -3.39737E-01 -3.40856E-01 -3.30300E-01 -3.17274E-01 -3.18226E-01 -3.20611E-01 -3.22559E-01 -3.25090E-01 -3.27130E-01 -3.29038E-01 -3.29879E-01
  1.36538E+01 -2.63521E-01 -2.64402E-01 -2.56719E-01 -2.45279E-01 -2.42193E-01 -2.42572E-01 -2.43756E-01 -2.48958E-01 -2.56609E-01 -2.62979E-01 -2.65340E-01 -2.63521E-01 -2.65260E-01 -2.60501E-01 -2.54170E-01 -2.56470E-01 -2.58475E-01 -2.60012E-01 -2.61909E-01 -2.63366E-01 -2.64733E-01 -2.65340E-01
  1.41346E+01 -2.07356E-01 -2.08571E-01 -2.04892E-01 -1.98541E-01 -1.97085E-01 -1.97449E-01 -1.98377E-01 -2.02416E-01 -2.08346E-01 -2.13255E-01 -2.15063E-01 -2.07356E-01 -2.09228E-01 -2.07820E-01 -2.05489E-01 -2.08305E-01 -2.09966E-01 -2.11182E-01 -2.12608E-01 -2.13646E-01 -2.14624E-01 -2.15063E-01
  1.46154E+01 -1.65373E-01 -1.66638E-01 -1.65286E-01 -1.62041E-01 -1.61498E-01 -1.61823E-01 -1.62553E-01 -1.65714E-01 -1.70348E-01 -1.74160E-01 -1.75556E-01 -1.65373E-01 -1.67147E-01 -1.67576E-01 -1.67523E-01 -1.70399E-01 -1.71765E-01 -1.72729E-01 -1.73805E-01 -1.74541E-01 -1.75239E-01 -1.75556E-01
  1.50962E+01 -1.33527E-01 -1.34708E-01 -1.34651E-01 -1.33248E-01 -1.33196E-01 -1.33473E-01 -1.34050E-01 -1.36543E-01 -1.40193E-01 -1.43176E-01 -1.44261E-01 -1.33527E-01 -1.35106E-01 -1.36459E-01 -1.37614E-01 -1.40317E-01 -1.41438E-01 -1.42205E-01 -1.43019E-01 -1.43537E-01 -1.44033E-01 -1.44261E-01
  1.55769E+01 -1.09012E-01 -1.10059E-01 -1.10674E-01 -1.10325E-01 -1.10517E-01 -1.10749E-01 -1.11208E-01 -1.13189E-01 -1.16083E-01 -1.18434E-01 -1.19284E-01 -1.09012E-01 -1.10373E-01 -1.12115E-01 -1.13831E-01 -1.16262E-01 -1.17180E-01 -1.17793E-01 -1.18412E-01 -1.18772E-01 -1.19120E-01 -1.19284E-01
  1.60577E+01 -8.98742E-02 -9.07772E-02 -9.16994E-02 -9.19198E-02 -9.22180E-02 -9.24103E-02 -9.27767E-02 -9.43620E-02 -9.66741E-02 -9.85394E-02 -9.92092E-02 -8.98742E-02 -9.10271E-02 -9.28574E-02 -9.47590E-02 -9.68873E-02 -9.76410E-02 -9.81342E-02 -9.86051E-02 -9.88510E-02 -9.90925E-02 -9.92092E-02
  1.65385E+01 -7.47368E-02 -7.55040E-02 -7.65261E-02 -7.70282E-02 -7.73575E-02 -7.75158E-02 -7.78104E-02 -7.90876E-02 -8.09464E-02 -8.24357E-02 -8.29668E-02 -7.47368E-02 -7.57046E-02 -7.74641E-02 -7.93443E-02 -8.11797E-02 -8.18001E-02 -8.21986E-02 -8.25577E-02 -8.27208E-02 -8.28848E-02 -8.29668E-02
  1.70192E+01 -6.26200E-02 -6.32674E-02 -6.42774E-02 -6.48942E-02 -6.52161E-02 -6.53461E-02 -6.55844E-02 -6.66200E-02 -6.81235E-02 -6.93197E-02 -6.97433E-02 -6.26200E-02 -6.34296E-02 -6.50429E-02 -6.67968E-02 -6.83655E-02 -6.88781E-02 -6.92018E-02 -6.94760E-02 -6.95792E-02 -6.96867E-02 -6.97433E-02
  1.75000E+01 -5.28173E-02 -5.33624E-02 -5.43046E-02 -5.49430E-02 -5.52395E-02 -5.53464E-02 -5.55404E-02 -5.63852E-02 -5.76084E-02 -5.85746E-02 -5.89142E-02 -5.28173E-02 -5.34945E-02 -5.49338E-02 -5.65162E-02 -5.78509E-02 -5.82760E-02 -5.85403E-02 -5.87497E-02 -5.88097E-02 -5.88763E-02 -5.89142E-02
  1.79808E+01 -4.48118E-02 -4.52711E-02 -4.61222E-02 -4.67333E-02 -4.69979E-02 -4.70859E-02 -4.72447E-02 -4.79378E-02 -4.89385E-02 -4.97230E-02 -4.99967E-02 -4.48118E-02 -4.53795E-02 -4.66426E-02 -4.80423E-02 -4.91758E-02 -4.95299E-02 -4.97468E-02 -4.99065E-02 -4.99356E-02 -4.99724E-02 -4.99967E-02
  1.84615E+01 -3.82199E-02 -3.86078E-02 -3.93620E-02 -3.99231E-02 -4.01548E-02 -4.02276E-02 -4.03582E-02 -4.09300E-02 -4.17529E-02 -4.23931E-02 -4.26146E-02 -3.82199E-02 -3.86974E-02 -3.97952E-02 -4.10185E-02 -4.19812E-02 -4.22775E-02 -4.24563E-02 -4.25779E-02 -4.25849E-02 -4.26005E-02 -4.26146E-02
  1.89423E+01 -3.27525E-02 -3.30812E-02 -3.37421E-02 -3.42448E-02 -3.44456E-02 -3.45060E-02 -3.46141E-02 -3.50882E-02 -3.57682E-02 -3.62931E-02 -3.64733E-02 -3.27525E-02 -3.31556E-02 -3.41048E-02 -3.51665E-02 -3.59853E-02 -3.62342E-02 -3.63823E-02 -3.64746E-02 -3.64660E-02 -3.64665E-02 -3.64733E-02
  1.94231E+01 -2.81886E-02 -2.84682E-02 -2.90436E-02 -2.94876E-02 -2.96607E-02 -2.97111E-02 -2.98010E-02 -3.01960E-02 -3.07606E-02 -3.11929E-02 -3.13400E-02 -2.81886E-02 -2.85304E-02 -2.93490E-02 -3.02671E-02 -3.09650E-02 -3.11751E-02 -3.12983E-02 -3.13678E-02 -3.13487E-02 -3.13385E-02 -3.13400E-02
  1.99038E+01 -2.43572E-02 -2.45960E-02 -2.50955E-02 -2.54843E-02 -2.56331E-02 -2.56752E-02 -2.57504E-02 -2.60811E-02 -2.65520E-02 -2.69095E-02 -2.70301E-02 -2.43572E-02 -2.46483E-02 -2.53539E-02 -2.61468E-02 -2.67432E-02 -2.69212E-02 -2.70241E-02 -2.70761E-02 -2.70498E-02 -2.70323E-02 -2.70301E-02
  2.03846E+01 -2.11244E-02 -2.13291E-02 -2.17621E-02 -2.21010E-02 -2.22290E-02 -2.22643E-02 -2.23274E-02 -2.26055E-02 -2.29999E-02 -2.32967E-02 -2.33960E-02 -2.11244E-02 -2.13732E-02 -2.19818E-02 -2.26667E-02 -2.31779E-02 -2.33292E-02 -2.34155E-02 -2.34540E-02 -2.34232E-02 -2.34008E-02 -2.33960E-02
  2.08654E+01 -1.83839E-02 -1.85601E-02 -1.89355E-02 -1.92303E-02 -1.93404E-02 -1.93702E-02 -1.94235E-02 -1.96582E-02 -1.99899E-02 -2.02373E-02 -2.03192E-02 -1.83839E-02 -1.85975E-02 -1.91232E-02 -1.97154E-02 -2.01549E-02 -2.02842E-02 -2.03568E-02 -2.03847E-02 -2.03513E-02 -2.03259E-02 -2.03192E-02
  2.13462E+01 -1.60509E-02 -1.62031E-02 -1.65289E-02 -1.67853E-02 -1.68802E-02 -1.69054E-02 -1.69505E-02 -1.71495E-02 -1.74295E-02 -1.76364E-02 -1.77043E-02 -1.60509E-02 -1.62350E-02 -1.66901E-02 -1.72030E-02 -1.75821E-02 -1.76929E-02 -1.77542E-02 -1.77740E-02 -1.77392E-02 -1.77121E-02 -1.77043E-02
  2.18269E+01 -1.40570E-02 -1.41889E-02 -1.44723E-02 -1.46953E-02 -1.47772E-02 -1.47987E-02 -1.48370E-02 -1.50064E-02 -1.52436E-02 -1.54173E-02 -1.54736E-02 -1.40570E-02 -1.42163E-02 -1.46111E-02 -1.50564E-02 -1.53844E-02 -1.54796E-02 -1.55317E-02 -1.55451E-02 -1.55101E-02 -1.54822E-02 -1.54736E-02
  2.23077E+01 -1.23467E-02 -1.24615E-02 -1.27083E-02 -1.29026E-02 -1.29735E-02 -1.29918E-02 -1.30245E-02 -1.31692E-02 -1.33708E-02 -1.35171E-02 -1.35641E-02 -1.23467E-02 -1.24850E-02 -1.28284E-02 -1.32159E-02 -1.35006E-02 -1.35828E-02 -1.36270E-02 -1.36356E-02 -1.36009E-02 -1.35730E-02 -1.35641E-02
  2.27885E+01 -1.08747E-02 -1.09747E-02 -1.11903E-02 -1.13599E-02 -1.14213E-02 -1.14370E-02 -1.14650E-02 -1.15890E-02 -1.17610E-02 -1.18846E-02 -1.19238E-02 -1.08747E-02 -1.09951E-02 -1.12946E-02 -1.16326E-02 -1.18804E-02 -1.19516E-02 -1.19894E-02 -1.19942E-02 -1.19604E-02 -1.19329E-02 -1.19238E-02
  2.32692E+01 -9.60351E-03 -9.69106E-03 -9.87972E-03 -1.00280E-02 -1.00815E-02 -1.00949E-02 -1.01190E-02 -1.02256E-02 -1.03729E-02 -1.04775E-02 -1.05104E-02 -9.60351E-03 -9.70872E-03 -9.97065E-03 -1.02663E-02 -1.04827E-02 -1.05444E-02 -1.05768E-02 -1.05787E-02 -1.05461E-02 -1.05194E-02 -1.05104E-02
  2.37500E+01 -8.50247E-03 -8.57928E-03 -8.74479E-03 -8.87475E-03 -8.92133E-03 -8.93292E-03 -8.95369E-03 -9.04571E-03 -9.17208E-03 -9.26103E-03 -9.28858E-03 -8.50247E-03 -8.59465E-03 -8.82431E-03 -9.08360E-03 -9.27303E-03 -9.32683E-03 -9.35460E-03 -9.35434E-03 -9.32318E-03 -9.29739E-03 -9.28858E-03
  2.42308E+01 -7.54597E-03 -7.61353E-03 -7.75909E-03 -7.87323E-03 -7.91394E-03 -7.92396E-03 -7.94193E-03 -8.02156E-03 -8.13036E-03 -8.20613E-03 -8.22930E-03 -7.54597E-03 -7.62696E-03 -7.82886E-03 -8.05683E-03 -8.22315E-03 -8.27013E-03 -8.29404E-03 -8.29215E-03 -8.26250E-03 -8.23784E-03 -8.22930E-03
  2.47115E+01 -6.71271E-03 -6.77229E-03 -6.90060E-03 -7.00107E-03 -7.03673E-03 -7.04542E-03 -7.06102E-03 -7.13014E-03 -7.22408E-03 -7.28878E-03 -7.30830E-03 -6.71271E-03 -6.78406E-03 -6.96201E-03 -7.16295E-03 -7.30936E-03 -7.35050E-03 -7.37114E-03 -7.36803E-03 -7.33997E-03 -7.31652E-03 -7.30830E-03
  2.51923E+01 -5.98486E-03 -6.03753E-03 -6.15090E-03 -6.23954E-03 -6.27085E-03 -6.27840E-03 -6.29198E-03 -6.35214E-03 -6.43347E-03 -6.48886E-03 -6.50533E-03 -5.98486E-03 -6.04788E-03 -6.20510E-03 -6.38266E-03 -6.51186E-03 -6.54799E-03 -6.56585E-03 -6.56186E-03 -6.53539E-03 -6.51319E-03 -6.50533E-03
  2.56731E+01 -5.34744E-03 -5.39411E-03 -5.49450E-03 -5.57288E-03 -5.60043E-03 -5.60701E-03 -5.61887E-03 -5.67138E-03 -5.74197E-03 -5.78950E-03 -5.80342E-03 -5.34744E-03 -5.40324E-03 -5.54248E-03 -5.69975E-03 -5.81405E-03 -5.84586E-03 -5.86135E-03 -5.85674E-03 -5.83185E-03 -5.81090E-03 -5.80342E-03
  2.61538E+01 -4.78783E-03 -4.82928E-03 -4.91838E-03 -4.98783E-03 -5.01213E-03 -5.01788E-03 -5.02826E-03 -5.07421E-03 -5.13564E-03 -5.17651E-03 -5.18829E-03 -4.78783E-03 -4.83736E-03 -4.96096E-03 -5.10058E-03 -5.20194E-03 -5.23001E-03 -5.24348E-03 -5.23846E-03 -5.21510E-03 -5.19538E-03 -5.18829E-03
  2.66346E+01 -4.29537E-03 -4.33226E-03 -4.41151E-03 -4.47317E-03 -4.49466E-03 -4.49969E-03 -4.50880E-03 -4.54911E-03 -4.60270E-03 -4.63791E-03 -4.64790E-03 -4.29537E-03 -4.33942E-03 -4.44940E-03 -4.57362E-03 -4.66371E-03 -4.68853E-03 -4.70027E-03 -4.69499E-03 -4.67311E-03 -4.65459E-03 -4.64790E-03
  2.71154E+01 -3.86101E-03 -3.89391E-03 -3.96453E-03 -4.01939E-03 -4.03843E-03 -4.04285E-03 -4.05086E-03 -4.08631E-03 -4.13316E-03 -4.16357E-03 -4.17204E-03 -3.86101E-03 -3.90028E-03 -3.99833E-03 -4.10910E-03 -4.18934E-03 -4.21135E-03 -4.22160E-03 -4.21618E-03 -4.19571E-03 -4.17835E-03 -4.17204E-03
  2.75962E+01 -3.47703E-03 -3.50643E-03 -3.56950E-03 -3.61841E-03 -3.63530E-03 -3.63919E-03 -3.64626E-03 -3.67751E-03 -3.71856E-03 -3.74487E-03 -3.75206E-03 -3.47703E-03 -3.51211E-03 -3.59971E-03 -3.69869E-03 -3.77032E-03 -3.78987E-03 -3.79885E-03 -3.79338E-03 -3.77425E-03 -3.75800E-03 -3.75206E-03
  2.80769E+01 -3.13687E-03 -3.16320E-03 -3.21962E-03 -3.26331E-03 -3.27834E-03 -3.28177E-03 -3.28801E-03 -3.31562E-03 -3.35168E-03 -3.37447E-03 -3.38058E-03 -3.13687E-03 -3.16827E-03 -3.24670E-03 -3.33532E-03 -3.39939E-03 -3.41679E-03 -3.42466E-03 -3.41923E-03 -3.40137E-03 -3.38616E-03 -3.38058E-03
  2.85577E+01 -2.83491E-03 -2.85852E-03 -2.90910E-03 -2.94820E-03 -2.96159E-03 -2.96462E-03 -2.97015E-03 -2.99460E-03 -3.02633E-03 -3.04612E-03 -3.05131E-03 -2.83491E-03 -2.86307E-03 -2.93342E-03 -3.01292E-03 -3.07034E-03 -3.08587E-03 -3.09278E-03 -3.08743E-03 -3.07076E-03 -3.05654E-03 -3.05131E-03
  2.90385E+01 -2.56631E-03 -2.58754E-03 -2.63296E-03 -2.66802E-03 -2.67997E-03 -2.68265E-03 -2.68756E-03 -2.70925E-03 -2.73723E-03 -2.75444E-03 -2.75885E-03 -2.56631E-03 -2.59162E-03 -2.65485E-03 -2.72630E-03 -2.77785E-03 -2.79173E-03 -2.79782E-03 -2.79259E-03 -2.77704E-03 -2.76376E-03 -2.75885E-03
  2.95192E+01 -2.32695E-03 -2.34606E-03 -2.38692E-03 -2.41840E-03 -2.42909E-03 -2.43147E-03 -2.43584E-03 -2.45512E-03 -2.47985E-03 -2.49483E-03 -2.49858E-03 -2.32695E-03 -2.34973E-03 -2.40666E-03 -2.47099E-03 -2.51737E-03 -2.52980E-03 -2.53517E-03 -2.53008E-03 -2.51558E-03 -2.50317E-03 -2.49858E-03
  3.00000E+01 -2.11323E-03 -2.13046E-03 -2.16728E-03 -2.19560E-03 -2.20517E-03 -2.20730E-03 -2.21119E-03 -2.22837E-03 -2.25025E-03 -2.26332E-03 -2.26650E-03 -2.11323E-03 -2.13377E-03 -2.18512E-03 -2.24314E-03 -2.28493E-03 -2.29609E-03 -2.30083E-03 -2.29592E-03 -2.28239E-03 -2.27081E-03 -2.26650E-03
