72
3.50 3.75 4.00 4.25 4.50 4.75 5.00 5.25 5.50 5.75
6.00 6.25 6.50 6.75 7.00 7.25 7.50 7.75 8.00 8.25
8.50 8.75 9.00 9.25 9.50 9.75 10.00 10.50 11.00 11.50
12.00 13.00 14.00 15.00 16.00 18.00 20.00 22.00 24.00 26.00
28.00 30.00 32.00 34.00 36.00 38.00 40.00 42.00 44.00 46.00
48.00 50.00 55.00 60.00 65.00 70.00 75.00 80.00 85.00 90.00
95.00 100.00 110.00 120.00 130.00 140.00 150.00 160.00 170.00 180.00
190.00 200.00
49
0 0 0 T
1.6658854818E+04 1.1195579336E+04 7.3852400065E+03 4.7686864713E+03 3.0109914229E+03
1.8535784921E+03 1.1060075447E+03 6.3265409052E+02 3.3942887540E+02 1.6244659412E+02
5.9148618150E+01 1.6558936585E+00 -2.8000893943E+01 -4.1214987198E+01 -4.5081369889E+01
-4.3926912669E+01 -4.0327743052E+01 -3.5769955130E+01 -3.1070657691E+01 -2.6643882123E+01
-2.2671922079E+01 -1.9210590185E+01 -1.6248021778E+01 -1.3740725369E+01 -1.1632727974E+01
-9.8672833248E+00 -8.3904344944E+00 -6.1215679937E+00 -4.5227555273E+00 -3.3822817168E+00
-2.5588644394E+00 -1.5179988858E+00 -9.4437517545E-01 -6.1384484032E-01 -4.1281422089E-01
-2.0192876872E-01 -1.0643476178E-01 -5.8066900101E-02 -3.3682332797E-02 -2.1215677100E-02
-1.4301668774E-02 -9.9325408712E-03 -6.9773110648E-03 -4.9881745220E-03 -3.6214019870E-03
-2.6679314817E-03 -1.9924344643E-03 -1.5068593871E-03 -1.1530241559E-03 -8.9188960279E-04
-6.9687167031E-04 -5.4961144624E-04 -3.1499714422E-04 -1.8903139422E-04 -1.1797270170E-04
-7.6151932079E-05 -5.0618910940E-05 -3.4522635406E-05 -2.4085235561E-05 -1.7146000154E-05
-1.2428490016E-05 -9.1565685561E-06 -5.1872216260E-06 -3.0859210989E-06 -1.9130633543E-06
-1.2284221111E-06 -8.1311767372E-07 -5.5266167392E-07 -3.8448704489E-07 -2.7306860943E-07
-1.9754480525E-07 -1.4529360911E-07
0 2 2 T
2.8496928261E+03 1.8952313694E+03 1.3059304864E+03 8.9076215273E+02 5.9474431266E+02
3.8707037183E+02 2.4481374943E+02 1.4979584058E+02 8.7921721418E+01 4.8673002972E+01
2.4488713664E+01 1.0097737104E+01 1.9198550914E+00 -2.4191075908E+00 -4.4548597736E+00
-5.1586849869E+00 -5.1315518710E+00 -4.7371775148E+00 -4.1866431551E+00 -3.5987695461E+00
-3.0376373742E+00 -2.5342790934E+00 -2.0991737721E+00 -1.7318793272E+00 -1.4254558010E+00
-1.1722129108E+00 -9.6371537344E-01 -6.5478671198E-01 -4.4999322491E-01 -3.1637829958E-01
-2.2994416751E-01 -1.3507602207E-01 -8.7535986762E-02 -5.8577338301E-02 -3.8623173498E-02
-1.7393578407E-02 -8.7555130186E-03 -4.7279244555E-03 -2.7079112260E-03 -1.6284135872E-03
-1.0201060048E-03 -6.6163383232E-04 -4.4215670589E-04 -3.0326765688E-04 -2.1280604388E-04
-1.5237240763E-04 -1.1108039628E-04 -8.2294398901E-05 -6.1861072368E-05 -4.7118177050E-05
-3.6322230483E-05 -2.8308999842E-05 -1.5838610192E-05 -9.3332608240E-06 -5.7431374676E-06
-3.6660481944E-06 -2.4150510632E-06 -1.6350409579E-06 -1.1338010258E-06 -8.0304572504E-07
-5.7960048097E-07 -4.2545188170E-07 -2.3960539335E-07 -1.4190732613E-07 -8.7667673445E-08
-5.6138462858E-08 -3.7076688234E-08 -2.5154584365E-08 -1.7473714026E-08 -1.2394446975E-08
-8.9568894333E-09 -6.5817628358E-09
0 4 4 T
6.6688325450E+01 8.7359040265E+01 5.9643440425E+01 4.0456240852E+01 2.6328989850E+01
1.6462122957E+01 9.8641027946E+00 5.5977005921E+00 2.9344389336E+00 1.3571940297E+00
4.7918311040E-01 2.7946698448E-02 -1.7897562616E-01 -2.5154339682E-01 -2.5386877799E-01
-2.2572543708E-01 -1.9088267502E-01 -1.5769034425E-01 -1.2564680025E-01 -9.8806243591E-02
-8.0153011947E-02 -6.6600464060E-02 -5.5060516982E-02 -4.4295608564E-02 -3.4852522071E-02
-2.7062745729E-02 -2.1224744872E-02 -1.3722307175E-02 -9.5134653442E-03 -6.8218088470E-03
-4.9456749133E-03 -2.6471146544E-03 -1.4670384348E-03 -8.4504294196E-04 -5.0426987725E-04
-1.9653711033E-04 -8.4602804213E-05 -3.9467832831E-05 -1.9675908441E-05 -1.0371413340E-05
-5.7327166423E-06 -3.3010696591E-06 -1.9698125501E-06 -1.2128117346E-06 -7.6772329842E-07
-4.9814520437E-07 -3.3047970632E-07 -2.2368167359E-07 -1.5417122201E-07 -1.0803440222E-07
-7.6859017349E-08 -5.5445294166E-08 -2.5865638926E-08 -1.2894803356E-08 -6.7970094467E-09
-3.7569931787E-09 -2.1633890118E-09 -1.2909363528E-09 -7.9482829836E-10 -5.0313514085E-10
-3.2646444113E-10 -2.1658318034E-10 -1.0103765206E-10 -5.0370325610E-11 -2.6550818151E-11
-1.4675754604E-11 -8.4507383274E-12 -5.0427201282E-12 -3.1047980405E-12 -1.9653716440E-12
-1.2752517232E-12 -8.4602804819E-13
1 0 1 T
1.5443039670E+03 1.8572321627E+03 1.6966323052E+03 1.3756802782E+03 1.0418388706E+03
7.5376375250E+02 5.2677117894E+02 3.5753551197E+02 2.3616057112E+02 1.5170756092E+02
9.4445686605E+01 5.6542958496E+01 3.2057367954E+01 1.6657597352E+01 7.2773420677E+00
1.7944266564E+00 -1.2256356706E+00 -2.7317414121E+00 -3.3385554262E+00 -3.4331380554E+00
-3.2550846787E+00 -2.9495181318E+00 -2.6009503880E+00 -2.2552955973E+00 -1.9353393853E+00
-1.6500575425E+00 -1.4021666856E+00 -1.0089746868E+00 -7.2875504049E-01 -5.3151602005E-01
-3.9219194347E-01 -2.2067555521E-01 -1.2868197177E-01 -7.8714317931E-02 -4.9441087391E-02
-2.0195726494E-02 -8.7585130116E-03 -4.4325101658E-03 -1.4429062416E-03 -2.8868631741E-04
4.5481677627E-05 1.3940403176E-04 1.4681091231E-04 1.2752763673E-04 1.0316030407E-04
8.0906387800E-05 6.2611925319E-05 4.8235171115E-05 3.7168412765E-05 2.8724631069E-05
2.2298266753E-05 1.7401939554E-05 9.6062153269E-06 5.5040856535E-06 3.2673582807E-06
2.0036463382E-06 1.2653958833E-06 8.2064962363E-07 5.4510684162E-07 3.6999234487E-07
2.5609802222E-07 1.8044501853E-07 9.3917663598E-08 5.1623587729E-08 2.9721848656E-08
1.7806929010E-08 1.1043253876E-08 7.0587743195E-09 4.6338319752E-09 3.1148670946E-09
2.1386463750E-09 1.4966258591E-09
1 2 1 T
9.3110421890E+01 1.4740695965E+02 9.2729644105E+01 3.9995108415E+01 7.5836376320E+00
-8.1808161927E+00 -1.3750288740E+01 -1.4017498764E+01 -1.2000882129E+01 -9.3388504192E+00
-6.8094737334E+00 -4.7176084358E+00 -3.1185040268E+00 -1.9590269788E+00 -1.1538162584E+00
-6.1906093831E-01 -2.8088370325E-01 -7.6570620286E-02 4.1105531540E-02 1.0341553720E-01
1.3021166098E-01 1.3486908595E-01 1.2689460963E-01 1.1369662205E-01 9.8903819689E-02
8.4764821586E-02 7.1190150151E-02 4.7956161741E-02 2.9112177610E-02 1.5638411570E-02
7.5436359903E-03 5.9320849948E-04 -1.3588755460E-03 -1.7009397545E-03 -1.5337327536E-03
-9.7395186260E-04 -5.6898471580E-04 -3.3114182280E-04 -1.9629126340E-04 -1.1928887822E-04
-7.4408242858E-05 -4.7599374548E-05 -3.1178669584E-05 -2.0874462483E-05 -1.4259522787E-05
-9.9220819624E-06 -7.0217442825E-06 -5.0469688862E-06 -3.6797547294E-06 -2.7184685523E-06
-2.0328783846E-06 -1.5374075412E-06 -7.9919942742E-07 -4.3889212392E-07 -2.5251140921E-07
-1.5120147813E-07 -9.3729013660E-08 -5.9889703821E-08 -3.9303964355E-08 -2.6413745649E-08
-1.8131783967E-08 -1.2686423861E-08 -6.5301926974E-09 -3.5597470819E-09 -2.0364379192E-09
-1.2139524106E-09 -7.4982733708E-10 -4.7771707402E-10 -3.1275780749E-10 -2.0976245877E-10
-1.4374769269E-10 -1.0043188064E-10
1 2 3 T
-5.4761672311E+02 -3.8469716171E+02 -2.0768959799E+02 -9.2062637308E+01 -3.2464958697E+01
-7.1147276678E+00 5.7345521358E-01 4.5382448838E-01 -2.2980290395E+00 -5.2801168117E+00
-7.5729802296E+00 -8.9781145665E+00 -9.6011545546E+00 -9.6384368875E+00 -9.2818526792E+00
-8.6873479516E+00 -7.9719797344E+00 -7.2188473710E+00 -6.4833450565E+00 -5.7947221850E+00
-5.1655917017E+00 -4.6001949448E+00 -4.0976525784E+00 -3.6559617024E+00 -3.2699724773E+00
-2.9332558461E+00 -2.6388390191E+00 -2.1528034401E+00 -1.7741291158E+00 -1.4750395433E+00
-1.2372611020E+00 -8.9002780961E-01 -6.5818889686E-01 -4.9879937701E-01 -3.8548344750E-01
-2.4117593251E-01 -1.5849788554E-01 -1.0836142509E-01 -7.6271015226E-02 -5.5326654676E-02
-4.1114244161E-02 -3.1194178150E-02 -2.4087479079E-02 -1.8907151927E-02 -1.5043753975E-02
-1.2118812177E-02 -9.8715341220E-03 -8.1218939543E-03 -6.7432945160E-03 -5.6451802552E-03
-4.7617682530E-03 -4.0445947518E-03 -2.7628026982E-03 -1.9508799243E-03 -1.4164749332E-03
-1.0531515253E-03 -7.9919752901E-04 -6.1737920470E-04 -4.8444716705E-04 -3.8544311209E-04
-3.1048639992E-04 -2.5289630565E-04 -1.7273489258E-04 -1.2196401542E-04 -8.8549794169E-05
-6.5834264605E-05 -4.9957591456E-05 -3.8591214331E-05 -3.0281273442E-05 -2.4092448923E-05
-1.9406958850E-05 -1.5807116526E-05
1 4 5 T
4.7574914376E+02 1.3112225126E+02 3.7573790486E+01 8.2327141822E+00 2.7408836123E-01
-1.2707878431E+00 -1.1703379895E+00 -8.2390819952E-01 -5.5759075974E-01 -4.0244313761E-01
-3.2919634786E-01 -2.9600272728E-01 -2.7209045314E-01 -2.4777485362E-01 -2.2309973314E-01
-1.9713471314E-01 -1.7017790987E-01 -1.4668497470E-01 -1.2622464140E-01 -1.0968789731E-01
-9.7305826297E-02 -8.7602621701E-02 -7.8157475143E-02 -6.8131961803E-02 -5.8160398583E-02
-4.8983399062E-02 -4.0906719951E-02 -2.8562849349E-02 -2.0618178130E-02 -1.4949492793E-02
-1.2044200527E-02 -8.8147950717E-03 -6.3049920172E-03 -4.5995326990E-03 -2.9144310008E-03
-1.0772065496E-03 -7.2296138600E-04 -3.6709060818E-04 -2.3297622368E-04 -1.6946734541E-04
-1.1608400963E-04 -7.4430325959E-05 -5.0998379668E-05 -3.5669465853E-05 -2.5431855091E-05
-1.8454486092E-05 -1.3606410112E-05 -1.0178151989E-05 -7.7147809436E-06 -5.9186233897E-06
-4.5912511544E-06 -3.5981123219E-06 -2.0356465735E-06 -1.2096299660E-06 -7.4914693926E-07
-4.8063603615E-07 -3.1791073459E-07 -2.1594245862E-07 -1.5014956103E-07 -1.0658808387E-07
-7.7076677261E-08 -5.6669101024E-08 -3.1997226203E-08 -1.8987409128E-08 -1.1747723347E-08
-7.5316502268E-09 -4.9790242393E-09 -3.3806288468E-09 -2.3498697061E-09 -1.6677003430E-09
-1.2057132684E-09 -8.8633086755E-10
2 0 2 T
1.8629601063E+04 1.3615270061E+04 9.5141117411E+03 6.4544793960E+03 4.2801722923E+03
2.7844921254E+03 1.7797681198E+03 1.1175877523E+03 6.8839617983E+02 4.1458927446E+02
2.4269176135E+02 1.3662175037E+02 7.2454673587E+01 3.4572451039E+01 1.2917822392E+01
1.0992487959E+00 -4.8857387952E+00 -7.5033739050E+00 -8.2486029387E+00 -8.0167304640E+00
-7.3257496797E+00 -6.4639501935E+00 -5.5847630426E+00 -4.7627763918E+00 -4.0295131249E+00
-3.3926583168E+00 -2.8490831351E+00 -2.0072504276E+00 -1.4244645104E+00 -1.0267253450E+00
-7.5376067615E-01 -4.2634122720E-01 -2.5463556955E-01 -1.5657299654E-01 -9.8503170836E-02
-4.3288324958E-02 -2.2239326124E-02 -1.1631782644E-02 -6.3751019748E-03 -3.8340733965E-03
-2.5334208912E-03 -1.6556812285E-03 -1.1301011670E-03 -7.8893730441E-04 -5.6178422861E-04
-4.0730503723E-04 -3.0013356305E-04 -2.2443110230E-04 -1.7007676784E-04 -1.3046540958E-04
-1.0120267926E-04 -7.9313220682E-05 -4.4880840113E-05 -2.6677357701E-05 -1.6527302765E-05
-1.0607048396E-05 -7.0180862774E-06 -4.7684398850E-06 -3.3164690194E-06 -2.3548503272E-06
-1.7032183573E-06 -1.2524984049E-06 -7.0743470768E-07 -4.1991043384E-07 -2.5986088253E-07
-1.6663155550E-07 -1.1017378600E-07 -7.4814892587E-08 -5.2009475673E-08 -3.6914585175E-08
-2.6690681746E-08 -1.9621964654E-08
2 2 0 T
-1.6755678574E+02 5.8849197595E+01 1.0787204278E+02 1.1974914514E+02 1.0814882999E+02
8.7614934707E+01 6.6311765037E+01 4.7823717755E+01 3.3211937693E+01 2.2358135690E+01
1.4638335191E+01 9.3253797240E+00 5.7579500886E+00 3.4174983203E+00 1.9232654568E+00
9.9606044807E-01 4.3791554251E-01 1.2006533928E-01 -4.5287350117E-02 -1.2117377134E-01
-1.5218882398E-01 -1.5939358373E-01 -1.5555952756E-01 -1.4475153373E-01 -1.3051398882E-01
-1.1252247907E-01 -9.2964557290E-02 -5.0599707184E-02 -1.7118028428E-02 1.2453823702E-03
7.2202144058E-03 7.8475181903E-03 7.2636623756E-03 6.0445536098E-03 4.7721553199E-03
2.8500505665E-03 1.7028774684E-03 1.0398449106E-03 6.5240660944E-04 4.2067374414E-04
2.7836009410E-04 1.8863690373E-04 1.3064625938E-04 9.2290731693E-05 6.6378167868E-05
4.8528245421E-05 3.6011364275E-05 2.7089702907E-05 2.0634565533E-05 1.5899177840E-05
1.2380899867E-05 9.7359841931E-06 5.5472302811E-06 3.3143771518E-06 2.0615488367E-06
1.3272491063E-06 8.8038656326E-07 5.9941155132E-07 4.1760272653E-07 2.9693948526E-07
2.1502857103E-07 1.5828769295E-07 8.9550530103E-08 5.3220445853E-08 3.2967212137E-08
2.1155870324E-08 1.3996508367E-08 9.5092976164E-09 6.6133905697E-09 4.6956047019E-09
3.3961090961E-09 2.4973191864E-09
2 2 2 T
-8.4217274670E+02 -4.4130219089E+02 -3.4123598765E+02 -2.8185057374E+02 -2.2573794467E+02
-1.7242272969E+02 -1.2615191120E+02 -8.8997024170E+01 -6.0832684042E+01 -4.0397503429E+01
-2.6114784288E+01 -1.6470170456E+01 -1.0168447882E+01 -6.1792346640E+00 -3.7193402975E+00
-2.2204541894E+00 -1.2974381386E+00 -7.1276095965E-01 -3.3218572622E-01 -8.2303707533E-02
8.0321634145E-02 1.8334102795E-01 2.4528286590E-01 2.7896658432E-01 2.9344880293E-01
2.9513835426E-01 2.8852250815E-01 2.6191831394E-01 2.2861887407E-01 1.9544062025E-01
1.6521432982E-01 1.1643139833E-01 8.1872753949E-02 5.7978125386E-02 4.1506954853E-02
2.2084855035E-02 1.2349087863E-02 7.2264593342E-03 4.4027954245E-03 2.7792332076E-03
1.8098854433E-03 1.2114567350E-03 8.3087287951E-04 5.8233552013E-04 4.1613666005E-04
3.0260473512E-04 2.2354384219E-04 1.6751924600E-04 1.2718358198E-04 9.7719140797E-05
7.5907782343E-05 5.9562934536E-05 3.3789313172E-05 2.0122560051E-05 1.2484723945E-05
8.0218513701E-06 5.3125541734E-06 3.6123621604E-06 2.5139931789E-06 1.7859939699E-06
1.2923499519E-06 9.5071788481E-07 5.3731010702E-07 3.1907729988E-07 1.9753136683E-07
1.2669982184E-07 8.3790862949E-08 5.6909915109E-08 3.9568524867E-08 2.8088071428E-08
2.0311005849E-08 1.4933275672E-08
2 2 4 T
1.8654176472E+03 1.3161454522E+03 9.3708714160E+02 6.3953951739E+02 4.0497838969E+02
2.3215707204E+02 1.1315873567E+02 3.6269278083E+01 -1.0132820536E+01 -3.5725077033E+01
-4.7825256112E+01 -5.1637322359E+01 -5.0673332564E+01 -4.7196453196E+01 -4.2596009177E+01
-3.7695675481E+01 -3.2952877806E+01 -2.8593133992E+01 -2.4708697548E+01 -2.1315323723E+01
-1.8391242229E+01 -1.5892496559E+01 -1.3767930736E+01 -1.1964027476E+01 -1.0432008258E+01
-9.1275275376E+00 -8.0128661057E+00 -6.2335030419E+00 -4.9071682764E+00 -3.9065105719E+00
-3.1430745949E+00 -2.0912117419E+00 -1.4338602889E+00 -1.0085468752E+00 -7.2579306330E-01
-3.9983728591E-01 -2.3546291996E-01 -1.4542299661E-01 -9.3742583486E-02 -6.2694912433E-02
-4.3233513594E-02 -3.0584393650E-02 -2.2125127996E-02 -1.6335717101E-02 -1.2269748953E-02
-9.3602265987E-03 -7.2409073301E-03 -5.6723071905E-03 -4.4944336565E-03 -3.5982887953E-03
-2.9082870127E-03 -2.3711593001E-03 -1.4721220571E-03 -9.5273875319E-04 -6.3848633409E-04
-4.4078395607E-04 -3.1218558563E-04 -2.2608709004E-04 -1.6697042766E-04 -1.2546748791E-04
-9.5749341798E-05 -7.4090760287E-05 -4.6006661243E-05 -2.9778089345E-05 -1.9957388699E-05
-1.3778317239E-05 -9.7587565798E-06 -7.0674696887E-06 -5.2195270000E-06 -3.9221486388E-06
-2.9931496988E-06 -2.3160903214E-06
2 4 4 T
-1.5362818762E+03 -4.2518597612E+02 -1.4972261635E+02 -5.6228831706E+01 -2.5837370426E+01
-1.5245980508E+01 -1.0612641503E+01 -7.8121829203E+00 -5.7009408267E+00 -3.9832078731E+00
-2.6557336512E+00 -1.7243110237E+00 -1.1292580948E+00 -7.6731294582E-01 -5.4591739579E-01
-4.0435754744E-01 -3.0753171287E-01 -2.3683533201E-01 -1.8369085152E-01 -1.4373613861E-01
-1.1349444105E-01 -9.0259151023E-02 -7.2216654997E-02 -5.8090020935E-02 -4.6971432077E-02
-3.8174000349E-02 -3.1180819391E-02 -2.1105334374E-02 -1.4547309317E-02 -1.0194607065E-02
-7.2531253976E-03 -3.8233623357E-03 -2.1133534224E-03 -1.2169342179E-03 -7.2616853331E-04
-2.8302008543E-04 -1.2183086658E-04 -5.6834998395E-05 -2.8333965773E-05 -1.4935181849E-05
-8.2553035666E-06 -4.7536506392E-06 -2.8365959082E-06 -1.7464894330E-06 -1.1055472090E-06
-7.1734574354E-07 -4.7590182256E-07 -3.2210908597E-07 -2.2201171248E-07 -1.5557314997E-07
-1.1067955380E-07 -7.9843076719E-08 -3.7247384548E-08 -1.8568947809E-08 -9.7879207763E-09
-5.4101957454E-09 -3.1153524829E-09 -1.8589914944E-09 -1.1445793148E-09 -7.2453141886E-10
-4.7011970649E-10 -3.1188701843E-10 -1.4549759589E-10 -7.2534952380E-11 -3.8234065532E-11
-2.1133577131E-11 -1.2169345636E-11 -7.2616855249E-12 -4.4710129484E-12 -2.8302008549E-12
-1.8364051035E-12 -1.2183086658E-12
2 4 6 T
1.0520635662E+03 3.2901189349E+02 1.1510594589E+02 4.4416013405E+01 1.8697633815E+01
7.8630504091E+00 2.6225702760E+00 -1.1075981895E-01 -1.5251630868E+00 -2.1810505002E+00
-2.3816678522E+00 -2.3174039952E+00 -2.1184615734E+00 -1.8648646110E+00 -1.5982742199E+00
-1.3385866470E+00 -1.0978459404E+00 -8.8951446986E-01 -7.2174742385E-01 -5.8920707275E-01
-4.8363452054E-01 -3.9774812787E-01 -3.2694844566E-01 -2.6846492829E-01 -2.2076056245E-01
-1.8224564302E-01 -1.5138415750E-01 -1.0796505039E-01 -8.0965254476E-02 -6.2530018191E-02
-4.7851092287E-02 -2.9342547775E-02 -1.8192458900E-02 -1.1159204570E-02 -6.4217485811E-03
-2.3600629446E-03 -1.0279989806E-03 -5.4956515743E-04 -3.0854899002E-04 -1.6865367810E-04
-9.4720719060E-05 -5.5860526640E-05 -3.3980152297E-05 -2.1337712424E-05 -1.3766167486E-05
-9.1004260210E-06 -6.1489327591E-06 -4.2373236883E-06 -2.9725762291E-06 -2.1194693940E-06
-1.5337930859E-06 -1.1251730029E-06 -5.4672315582E-07 -2.8343678031E-07 -1.5513733621E-07
-8.8920536572E-08 -5.3028255287E-08 -3.2732096022E-08 -2.0823680694E-08 -1.3606093064E-08
-9.1038772251E-09 -6.2224193898E-09 -3.0732861772E-09 -1.6171163548E-09 -8.9720132021E-10
-5.2068344296E-10 -3.1408409155E-10 -1.9592871439E-10 -1.2587187485E-10 -8.2994481535E-11
-5.6003569992E-11 -3.8581422204E-11
3 0 3 T
2.6938838577E+03 2.1855099864E+03 1.6296235367E+03 1.1582983478E+03 7.9838793399E+02
5.3818521084E+02 3.5627100250E+02 2.3207488908E+02 1.4886797860E+02 9.4024455939E+01
5.8417242452E+01 3.5634792157E+01 2.1274411078E+01 1.2365781895E+01 6.9377476777E+00
3.7017489780E+00 1.8225438268E+00 7.6651918826E-01 1.9863880176E-01 -8.5077147470E-02
-2.0830486099E-01 -2.4564640819E-01 -2.4119019004E-01 -2.1954226651E-01 -1.9362038336E-01
-1.6859372421E-01 -1.4688052308E-01 -1.0929264833E-01 -7.8373021019E-02 -5.3949795088E-02
-3.5558930558E-02 -1.8248088039E-02 -7.4996695449E-03 9.1355659995E-04 3.3137450910E-03
2.1755538572E-03 1.4818275580E-03 9.1202303880E-04 5.5835826126E-04 3.4656027773E-04
2.1938489095E-04 1.4186773892E-04 9.3693249833E-05 6.3132569771E-05 4.3348064561E-05
3.0288582380E-05 2.1508871411E-05 1.5504429596E-05 1.1331941056E-05 8.3891144511E-06
6.2847029650E-06 4.7603785911E-06 2.4823525747E-06 1.3663798998E-06 7.8752105239E-07
4.7221211307E-07 2.9304437761E-07 1.8741277440E-07 1.2308415834E-07 8.2767758553E-08
5.6845372694E-08 3.9790888172E-08 2.0496215842E-08 1.1178823806E-08 6.3977277590E-09
3.8150186377E-09 2.3570523632E-09 1.5020035432E-09 9.8352328613E-10 6.5973281188E-10
4.5216313413E-10 3.1594527953E-10
3 2 1 T
3.1426638914E+02 1.2427406846E+02 4.5963018797E+01 1.9681101131E+01 1.1550863823E+01
8.7536216546E+00 7.2408695501E+00 5.9538990526E+00 4.7368726960E+00 3.6351580849E+00
2.6942064000E+00 1.9366097846E+00 1.3540641680E+00 9.2165806779E-01 6.0995165520E-01
3.9185904157E-01 2.4518219259E-01 1.5008505360E-01 9.0682476933E-02 5.3335645364E-02
2.9823466469E-02 1.5129596547E-02 6.4365726912E-03 1.4493668495E-03 -1.5685760229E-03
-3.4196737695E-03 -4.5366275067E-03 -5.4099114673E-03 -5.2895728806E-03 -4.7609150037E-03
-4.1101143037E-03 -2.8916455291E-03 -1.9769378052E-03 -1.3467271964E-03 -9.2334325447E-04
-4.4903049888E-04 -2.2988448541E-04 -1.2370577980E-04 -6.9651305395E-05 -4.0828473645E-05
-2.4801841916E-05 -1.5549757507E-05 -1.0026622081E-05 -6.6292605931E-06 -4.4825833737E-06
-3.0929613720E-06 -2.1735264039E-06 -1.5529999341E-06 -1.1265710979E-06 -8.2864645236E-07
-6.1732329102E-07 -4.6532297850E-07 -2.4028862712E-07 -1.3130352288E-07 -7.5255881727E-08
-4.4927484189E-08 -2.7783499185E-08 -1.7718084915E-08 -1.1609182439E-08 -7.7913333365E-09
-5.3423254462E-09 -3.7343092488E-09 -1.9192293162E-09 -1.0449904959E-09 -5.9726973504E-10
-3.5578631218E-10 -2.1963311471E-10 -1.3986279208E-10 -9.1531338124E-11 -6.1368752336E-11
-4.2043633546E-11 -2.9367598583E-11
3 2 3 T
-2.6327583373E+02 -9.8414338317E+01 -3.7693730268E+01 -2.2187274647E+01 -1.7686985572E+01
-1.5037832760E+01 -1.2388845496E+01 -9.7296554531E+00 -7.3069834358E+00 -5.2722271288E+00
-3.6676908198E+00 -2.4650641973E+00 -1.6034136671E+00 -1.0128834471E+00 -6.2472043685E-01
-3.7868528424E-01 -2.2683192496E-01 -1.3414136555E-01 -7.6397106320E-02 -3.9501493954E-02
-1.5576382409E-02 -3.3992941948E-04 9.0678135653E-03 1.4600338190E-02 1.7578575357E-02
1.8872607662E-02 1.9079189955E-02 1.7718165082E-02 1.5391698117E-02 1.2934264757E-02
1.0681340431E-02 7.1251755208E-03 4.7256274339E-03 3.1565515276E-03 2.1347024277E-03
1.0198456792E-03 5.1647909103E-04 2.7592845243E-04 1.5456983755E-04 9.0267698445E-05
5.4678588718E-05 3.4205278005E-05 2.2016909460E-05 1.4535979884E-05 9.8173736189E-06
6.7672841069E-06 4.7516546489E-06 3.3926961035E-06 2.4596255760E-06 1.8082228832E-06
1.3464707043E-06 1.0145295885E-06 5.2346963278E-07 2.8587075119E-07 1.6376807119E-07
9.7732627121E-08 6.0420583472E-08 3.8522031926E-08 2.5235205214E-08 1.6933397802E-08
1.1609168926E-08 8.1138809881E-09 4.1692811225E-09 2.2697754327E-09 1.2971539871E-09
7.7262903707E-10 4.7692270122E-10 3.0368722204E-10 1.9873425476E-10 1.3323928290E-10
9.1278831614E-11 6.3756626035E-11
3 2 5 T
-1.6588495575E+02 -1.8407897136E+02 -1.1280968899E+02 -5.8803176359E+01 -3.1618083999E+01
-2.0504239928E+01 -1.6859790912E+01 -1.5970780215E+01 -1.5667437494E+01 -1.5156822962E+01
-1.4275347726E+01 -1.3092553074E+01 -1.1737005481E+01 -1.0329443438E+01 -8.9631968770E+00
-7.6960747697E+00 -6.5574661960E+00 -5.5581245657E+00 -4.6959199590E+00 -3.9626036554E+00
-3.3467088023E+00 -2.8324256608E+00 -2.4020450247E+00 -2.0422664523E+00 -1.7413829328E+00
-1.4898543608E+00 -1.2788828435E+00 -9.5178117180E-01 -7.1709333169E-01 -5.4816822923E-01
-4.2430752413E-01 -2.6565977759E-01 -1.7191206231E-01 -1.1403280598E-01 -7.7591633275E-02
-3.8108728900E-02 -2.0061415131E-02 -1.1382322612E-02 -6.6268728417E-03 -4.0929252584E-03
-2.6184848342E-03 -1.7445571144E-03 -1.1923958194E-03 -8.3573536468E-04 -5.9809003893E-04
-4.3604580187E-04 -3.2318857489E-04 -2.4309905549E-04 -1.8530195825E-04 -1.4295768303E-04
-1.1150725612E-04 -8.7854899295E-05 -5.0330750223E-05 -3.0246302071E-05 -1.8920977083E-05
-1.2248097398E-05 -8.1660121586E-06 -5.5863400262E-06 -3.9091211591E-06 -2.7909586389E-06
-2.0287000562E-06 -1.4985896439E-06 -8.5311467041E-07 -5.0974526102E-07 -3.1724078829E-07
-2.0441785634E-07 -1.3573121021E-07 -9.2513492402E-08 -6.4525152659E-08 -4.5932300240E-08
-3.3298264708E-08 -2.4537685899E-08
3 4 7 T
6.7003562023E+02 1.6399575645E+02 4.2250371223E+01 6.6254503454E+00 -2.3935702350E+00
-3.7204262514E+00 -3.1528803377E+00 -2.3526127304E+00 -1.7019319951E+00 -1.2360979856E+00
-9.2268498590E-01 -7.1337470571E-01 -5.6174822131E-01 -4.4434912583E-01 -3.5198946094E-01
-2.8169988801E-01 -2.2812319785E-01 -1.8782797958E-01 -1.5457111413E-01 -1.2557988504E-01
-1.0266915952E-01 -8.4831175229E-02 -7.0857531899E-02 -5.7748174250E-02 -4.5614178493E-02
-3.4163518204E-02 -2.5211469045E-02 -1.2727680710E-02 -6.1833318881E-03 -3.3378026240E-03
-4.1787010090E-03 -4.6215687302E-03 -2.7842152706E-03 -1.5545138799E-03 -7.1831640687E-04
-1.2636089862E-04 -5.1474951788E-06 1.7125456597E-05 1.6550439790E-05 1.2297029661E-05
8.4899269488E-06 5.7335703180E-06 3.8624367206E-06 2.6177343389E-06 1.7918922877E-06
1.2409689353E-06 8.7002409151E-07 6.1748908724E-07 4.4353502865E-07 3.2227868611E-07
2.3676215236E-07 1.7576413508E-07 8.7050223787E-08 4.5497210592E-08 2.4918795607E-08
1.4217435087E-08 8.4082878252E-09 5.1330217640E-09 3.2232157291E-09 2.0756781653E-09
1.3673461680E-09 9.1937798069E-10 4.3876957725E-10 2.2284154828E-10 1.1929192778E-10
6.6804403408E-11 3.8900519085E-11 2.3438542353E-11 1.4553781953E-11 9.2817423588E-12
6.0626344667E-12 4.0460064247E-12
4 0 4 T
7.2625772934E+03 4.6362947764E+03 2.9089547301E+03 1.8056084938E+03 1.1105498328E+03
6.7686401629E+02 4.0849258846E+02 2.4381861766E+02 1.4369902886E+02 8.3450820548E+01
4.7622361916E+01 2.6607306592E+01 1.4479128023E+01 7.6139475894E+00 3.8181088476E+00
1.7814738742E+00 7.3114416489E-01 2.2038976339E-01 -7.1513860701E-03 -9.0644326026E-02
-1.0532177969E-01 -8.9136640109E-02 -6.1637047155E-02 -3.2590294182E-02 -6.5881268801E-03
1.5054537303E-02 3.1289828760E-02 5.0199101763E-02 5.3840437544E-02 4.8325420721E-02
3.5623491615E-02 1.0875368875E-02 -5.0189063239E-04 -4.3815126344E-03 -4.9086976030E-03
-2.1337073060E-03 -8.7233635608E-04 -4.0760519464E-04 -2.0320730987E-04 -1.0711314527E-04
-5.9205942894E-05 -3.4092552263E-05 -2.0343689848E-05 -1.2525590707E-05 -7.9288380367E-06
-5.1447085848E-06 -3.4131047882E-06 -2.3101236674E-06 -1.5922385731E-06 -1.1157500096E-06
-7.9377908873E-07 -5.7262396262E-07 -2.6713330465E-07 -1.3317403228E-07 -7.0197670368E-08
-3.8801206737E-08 -2.2342895051E-08 -1.3332440579E-08 -8.2087711258E-09 -5.1962432957E-09
-3.3716362181E-09 -2.2368123540E-09 -1.0434894713E-09 -5.2021106359E-10 -2.7420964988E-10
-1.5156721382E-10 -8.7276933794E-11 -5.2079846011E-11 -3.2065512210E-11 -2.0297825374E-11
-1.3170453977E-11 -8.7375482578E-12
4 2 2 T
5.8083797299E+02 2.7532968289E+02 1.2749440586E+02 6.7214434310E+01 4.0578105116E+01
2.6595815647E+01 1.8002374067E+01 1.2211226003E+01 8.1676703749E+00 5.3311044241E+00
3.3807778784E+00 2.0983025465E+00 1.3000306690E+00 8.2759822238E-01 5.5578179027E-01
3.9574122817E-01 2.9473385518E-01 2.2555893016E-01 1.7521112995E-01 1.3744751937E-01
1.0864651738E-01 8.6420003929E-02 6.9133809235E-02 5.5614103405E-02 4.4975581111E-02
3.6558867360E-02 2.9866287234E-02 2.0220113111E-02 1.3937288829E-02 9.7666118468E-03
6.9483560388E-03 3.6626425424E-03 2.0245110895E-03 1.1657756459E-03 6.9564120509E-04
2.7112223910E-04 1.1670923392E-04 5.4445718961E-05 2.7142837708E-05 1.4307323595E-05
7.9082598860E-06 4.5538125107E-06 2.7173486053E-06 1.6730689807E-06 1.0590712472E-06
6.8718933498E-07 4.5589544499E-07 3.0856798214E-07 2.1267858969E-07 1.4903302966E-07
1.0602670980E-07 7.6486563540E-08 3.5681546378E-08 1.7788330120E-08 9.3764475912E-09
5.1827571989E-09 2.9843865670E-09 1.7808415820E-09 1.0964624872E-09 6.9407293259E-10
4.5035640257E-10 2.9877563883E-10 1.3938104054E-10 6.9485664531E-11 3.6626748403E-11
2.0245145308E-11 1.1657760027E-11 6.9564124297E-12 4.2830565907E-12 2.7112223929E-12
1.7592046976E-12 1.1670923392E-12
4 2 4 T
-3.2487464189E+02 -1.8656367159E+02 -9.7273154891E+01 -6.1473092032E+01 -4.2421476169E+01
-2.9767434437E+01 -2.0653423112E+01 -1.4058107303E+01 -9.3697695918E+00 -6.1031901704E+00
-3.8762657097E+00 -2.3930271772E+00 -1.4283040941E+00 -8.1809607598E-01 -4.4424423434E-01
-2.2288146418E-01 -9.8905723598E-02 -3.5028541019E-02 -6.6164019110E-03 3.3771517363E-03
5.6790680279E-03 5.2447562462E-03 4.2710946375E-03 3.3567358681E-03 2.6721415741E-03
2.1664746844E-03 1.7788855473E-03 1.2151510486E-03 8.4847786680E-04 5.9749859564E-04
4.2515594323E-04 2.2343890313E-04 1.2336406682E-04 7.1021764722E-05 4.2378475099E-05
1.6516631582E-05 7.1098671249E-06 3.3168054839E-06 1.6535278563E-06 8.7159487039E-07
4.8176716662E-07 2.7741594008E-07 1.6553949379E-07 1.0192251065E-07 6.4518081271E-08
4.1863224479E-08 2.7772918439E-08 1.8797804398E-08 1.2956271422E-08 9.0790163027E-09
6.4590931888E-09 4.6595225161E-09 2.1737016420E-09 1.0836560159E-09 5.7120841426E-10
3.1573093032E-10 1.8180731049E-10 1.0848796265E-10 6.6795936577E-11 4.2282569742E-11
2.7435482795E-11 1.8201259828E-11 8.4910220390E-12 4.2330313122E-12 2.2312828682E-12
1.2333239466E-12 7.1018480659E-13 4.2378110411E-13 2.6092162725E-13 1.6516628805E-13
1.0716985467E-13 7.1098671204E-14
4 2 6 T
2.6460753855E+03 1.6251334969E+03 1.0381296113E+03 6.6892444689E+02 4.2913277635E+02
2.7358989153E+02 1.7355000916E+02 1.0975847122E+02 6.9337052869E+01 4.3832674331E+01
2.7799433333E+01 1.7757877927E+01 1.1474053669E+01 7.5303086615E+00 5.0394521076E+00
3.4493377913E+00 2.4201075744E+00 1.7439701937E+00 1.2912586071E+00 9.8084235609E-01
7.6005402930E-01 5.9647208202E-01 4.7009449883E-01 3.7199526374E-01 2.9512871623E-01
2.3596282216E-01 1.9016512124E-01 1.2918342863E-01 9.2741017484E-02 6.8647938455E-02
5.1126869404E-02 2.6993980308E-02 1.4672913993E-02 8.1992483489E-03 4.2480610296E-03
1.4916569993E-03 1.0628773289E-03 7.1831636122E-04 3.5924543088E-04 1.9587856209E-04
1.2465993905E-04 7.9088990735E-05 5.2135008899E-05 3.5144963345E-05 2.4168433782E-05
1.6928496551E-05 1.2057701581E-05 8.7208671580E-06 6.3966016563E-06 4.7527185841E-06
3.5735627880E-06 2.7166770341E-06 1.4291650607E-06 7.9315176924E-07 4.6060207493E-07
2.7809786281E-07 1.7367120463E-07 1.1170907457E-07 7.3751609922E-08 4.9833196559E-08
3.4377143348E-08 2.4161441444E-08 1.2535671802E-08 6.8796440479E-09 3.9585482906E-09
2.3716789825E-09 1.4714191412E-09 9.4111886759E-10 6.1829317175E-10 4.1597713508E-10
2.8586699110E-10 2.0023548829E-10
4 4 8 T
1.2164013066E+03 4.3827596269E+02 1.9919967567E+02 1.0227406024E+02 5.7108962262E+01
3.3610609369E+01 2.0424020395E+01 1.2669279204E+01 7.9850107181E+00 5.0815932315E+00
3.2339547248E+00 2.0553545371E+00 1.3117325582E+00 8.4820928814E-01 5.5949460194E-01
3.8214470393E-01 2.7325055929E-01 2.0254482499E-01 1.4923875083E-01 1.0821776076E-01
7.7788612172E-02 5.5822289159E-02 4.1161141195E-02 3.2409987067E-02 2.6944342090E-02
2.3228076589E-02 1.9923525947E-02 1.2877146801E-02 6.0723069583E-03 3.4388940145E-04
-2.7937769673E-03 -2.9114288076E-03 -1.5952051204E-03 -9.5403288051E-04 -5.2411353909E-04
-1.7651185572E-04 -6.8349106776E-05 -2.8987097244E-05 -1.3246700857E-05 -6.4453836482E-06
-3.3081608871E-06 -1.7779420937E-06 -9.9462437876E-07 -5.7636639492E-07 -3.4457708903E-07
-2.1181491370E-07 -1.3349622433E-07 -8.6052856485E-08 -5.6615430801E-08 -3.7947958727E-08
-2.5872462629E-08 -1.7917559926E-08 -7.5987944918E-09 -3.4725431518E-09 -1.6896186511E-09
-8.6721452759E-10 -4.6607685222E-10 -2.6073481315E-10 -1.5109099223E-10 -9.0328816427E-11
-5.5526008737E-11 -3.4995234231E-11 -1.4841395492E-11 -6.7823108434E-12 -3.3000364279E-12
-1.6937783742E-12 -9.1030635199E-13 -5.0924768193E-13 -2.9509959420E-13 -1.7642346958E-13
-1.0844923582E-13 -6.8350066858E-14
5 0 5 T
1.5854176771E+03 1.0292838892E+03 6.3282407584E+02 3.8101857219E+02 2.2773079324E+02
1.3568269639E+02 8.0569950608E+01 4.7595300588E+01 2.7897220118E+01 1.6171834925E+01
9.2315616219E+00 5.1579910706E+00 2.7955439675E+00 1.4518481777E+00 7.0697728856E-01
3.0628051059E-01 1.0065183110E-01 4.4615301782E-04 -4.3198546457E-02 -5.8766280760E-02
-5.9514685379E-02 -5.2780180260E-02 -4.3434862049E-02 -3.4420585492E-02 -2.6685031141E-02
-2.0760394843E-02 -1.5272185604E-02 -9.2113960540E-03 -3.8501982371E-03 -3.9593453070E-04
2.8575758635E-04 9.4580024784E-06 -3.6392112425E-06 4.5637693366E-07 8.8685255269E-07
3.7730897993E-07 1.4631968118E-07 6.2047916388E-08 2.8354975533E-08 1.3796543749E-08
7.0812210527E-09 3.8057402329E-09 2.1290243525E-09 1.2337301568E-09 7.3757795356E-10
4.5339639678E-10 2.8575281144E-10 1.8419881009E-10 1.2118708678E-10 8.1228783428E-11
5.5380809250E-11 3.8353093122E-11 1.6265455450E-11 7.4330863923E-12 3.6166811627E-12
1.8562996117E-12 9.9765196760E-13 5.5811095985E-13 3.2341495821E-13 1.9335163506E-13
1.1885514504E-13 7.4908385003E-14 3.1768467676E-14 1.4517746860E-14 7.0638303958E-15
3.6255851790E-15 1.9485389992E-15 1.0900604685E-15 6.3166984026E-16 3.7763991222E-16
2.3213895515E-16 1.4630543946E-16
5 2 3 T
1.6154722084E+02 1.3772155723E+02 6.2945540242E+01 2.7693668349E+01 1.2812749747E+01
6.3871540959E+00 3.4372742993E+00 1.9746831939E+00 1.1880290832E+00 7.3784592009E-01
4.7540038050E-01 3.1850129574E-01 2.2011467160E-01 1.5547033887E-01 1.1153990732E-01
8.1114255120E-02 5.9651867346E-02 4.4433889104E-02 3.3505765649E-02 2.5485245792E-02
1.9524929645E-02 1.5064037803E-02 1.1704239372E-02 9.1543286612E-03 7.2054271272E-03
5.7052270816E-03 4.5433872667E-03 2.9287672616E-03 1.9268156378E-03 1.2914757461E-03
8.8050760402E-04 4.2843266518E-04 2.1990083959E-04 1.1818417898E-04 6.6115155339E-05
2.2904896614E-05 8.8738262297E-06 3.7633685696E-06 1.7198069731E-06 8.3679822281E-07
4.2949548113E-07 2.3082858453E-07 1.2913116704E-07 7.4829118213E-08 4.4736126110E-08
2.7499735162E-08 1.7331691854E-08 1.1172163102E-08 7.3503292375E-09 4.9267485311E-09
3.3589979944E-09 2.3262203030E-09 9.8654449031E-10 4.5083707916E-10 2.1936163332E-10
1.1258966340E-10 6.0510328463E-11 3.3850960652E-11 1.9616004365E-11 1.1727307043E-11
7.2088905744E-12 4.5433990293E-12 1.9268447076E-12 8.8054117023E-13 4.2844069008E-13
2.1990168634E-13 1.1818423528E-13 6.6115157523E-14 3.8312508525E-14 2.2904896569E-14
1.4079864403E-14 8.8738262291E-15
5 2 5 T
-3.1571708515E+02 -1.8926119626E+02 -7.7212497076E+01 -3.3287630231E+01 -1.5634982789E+01
-8.0193908508E+00 -4.4275774272E+00 -2.5662415864E+00 -1.5280383059E+00 -9.2528892557E-01
-5.6748768170E-01 -3.5238383643E-01 -2.2153102623E-01 -1.4229289156E-01 -9.4837310785E-02
-6.5723490269E-02 -4.6923875147E-02 -3.4540193904E-02 -2.6023263541E-02 -1.9894782832E-02
-1.5304279475E-02 -1.1838491243E-02 -9.2184611737E-03 -7.2188344387E-03 -5.6863664644E-03
-4.5040225729E-03 -3.5870962651E-03 -2.3121155911E-03 -1.5209079202E-03 -1.0192905018E-03
-6.9488162161E-04 -3.3809787213E-04 -1.7353566468E-04 -9.3265898714E-05 -5.2175276772E-05
-1.8075574235E-05 -7.0028477831E-06 -2.9698910661E-06 -1.3571988154E-06 -6.6036571227E-07
-3.3893964110E-07 -1.8216014145E-07 -1.0190484728E-07 -5.9051970476E-08 -3.5303855790E-08
-2.1701626154E-08 -1.3677437074E-08 -8.8165978887E-09 -5.8005684884E-09 -3.8879812531E-09
-2.6507789364E-09 -1.8357545289E-09 -7.7853912362E-10 -3.5578152628E-10 -1.7311090928E-10
-8.8850993276E-11 -4.7752188121E-11 -2.6713744284E-11 -1.5480119748E-11 -9.2546939722E-12
-5.6889510865E-12 -3.5854580642E-12 -1.5205842258E-12 -6.9488579351E-13 -3.3810724468E-13
-1.7353709624E-13 -9.3265992424E-14 -5.2175281806E-14 -3.0234608884E-14 -1.8075574164E-14
-1.1111232591E-14 -7.0028477817E-15
5 2 7 T
5.2017276370E+02 3.5085894691E+02 2.0776515247E+02 1.2373928726E+02 7.3793626900E+01
4.4092625988E+01 2.6377769716E+01 1.5767585785E+01 9.3968674514E+00 5.5722015964E+00
3.2731464845E+00 1.8946444957E+00 1.0743495716E+00 5.9509297315E-01 3.2052253568E-01
1.6576558433E-01 7.7415144820E-02 2.7379166702E-02 2.0092887119E-03 -9.2450222909E-03
-1.3462997192E-02 -1.4931199866E-02 -1.5700097852E-02 -1.6809277261E-02 -1.7218851996E-02
-1.6460709129E-02 -1.4658648105E-02 -1.0089508746E-02 -5.7519774083E-03 -4.0724171241E-03
-3.9368568474E-03 -6.0747683556E-03 -5.4304507223E-03 -3.2149962990E-03 -1.9917914559E-03
-4.9460590126E-04 3.0112472072E-04 1.1633410506E-04 2.0267544404E-05 1.6623189403E-06
-2.6878077338E-06 -1.0536572005E-06 -9.9221645519E-07 -7.8880094297E-07 -5.9930706803E-07
-4.4691345024E-07 -3.3115001408E-07 -2.4535948323E-07 -1.8241124107E-07 -1.3633203678E-07
-1.0253969728E-07 -7.7653732228E-08 -3.9974380027E-08 -2.1485655275E-08 -1.2019900451E-08
-6.9729667210E-09 -4.1794619178E-09 -2.5797100004E-09 -1.6349064671E-09 -1.0611242391E-09
-7.0373806464E-10 -4.7595972807E-10 -2.2935970403E-10 -1.1738419074E-10 -6.3231188374E-11
-3.5593237923E-11 -2.0816391268E-11 -1.2589014177E-11 -7.8420235760E-12 -5.0152799898E-12
-3.2839362750E-12 -2.1963755717E-12
5 4 9 T
6.0847150317E+02 1.5518126149E+02 6.2817706079E+01 2.8007826759E+01 1.3317642411E+01
6.7367135687E+00 3.6323846767E+00 2.0694106437E+00 1.2219870848E+00 7.4011573538E-01
4.6986525966E-01 3.0951314229E-01 2.0650967832E-01 1.3814693791E-01 9.3349982981E-02
6.2714890987E-02 4.1747782415E-02 2.5595122522E-02 1.6634035439E-02 1.1624615902E-02
7.8316111446E-03 6.6353778159E-03 5.8634571130E-03 5.2948240347E-03 4.8756231543E-03
4.2760690523E-03 3.5759890272E-03 2.2790461377E-03 1.3930061497E-03 8.7186487368E-04
5.5774694094E-04 2.4911898685E-04 1.1896958126E-04 5.9697835838E-05 3.1310503927E-05
9.6419798591E-06 3.3619491226E-06 1.2961769390E-06 5.4297355911E-07 2.4386957360E-07
1.1622800548E-07 5.8301341975E-08 3.0576749508E-08 1.6676385586E-08 9.4159922189E-09
5.4834657154E-09 3.2831534789E-09 2.0155714341E-09 1.2657977919E-09 8.1154532783E-10
5.3024761632E-10 3.5252592049E-10 1.3591400299E-10 5.6934904272E-11 2.5571578200E-11
1.2187389707E-11 6.1133387962E-12 3.2062045692E-12 1.7486457693E-12 9.8733834569E-13
5.7498305460E-13 3.4426359423E-13 1.3272851855E-13 5.5600492453E-14 2.4972244336E-14
1.1901747761E-14 5.9700574182E-15 3.1310591496E-15 1.7076618840E-15 9.6419760321E-16
5.6150688926E-16 3.3619491624E-16
6 0 6 T
3.8184486652E+03 1.8718092771E+03 9.0594204556E+02 4.5400925591E+02 2.3398965116E+02
1.2284276254E+02 6.5083700544E+01 3.4494475195E+01 1.8139731124E+01 9.3829568426E+00
4.7211047103E+00 2.2745307856E+00 1.0254764370E+00 4.1755463553E-01 1.3876959617E-01
1.8681496621E-02 -3.0082580827E-02 -4.8614848128E-02 -5.3525202697E-02 -5.0094660215E-02
-4.1008817035E-02 -2.9691613316E-02 -1.9080453211E-02 -1.1504957901E-02 -6.8689939850E-03
-4.4344784495E-03 -3.2246596919E-03 -2.0417712688E-03 -1.3691114509E-03 -9.0364419447E-04
-5.9683578780E-04 -2.7333320133E-04 -1.3103529055E-04 -6.5780375630E-05 -3.4501347141E-05
-1.0624410804E-05 -3.7044959436E-06 -1.4282435020E-06 -5.9829675573E-07 -2.6871727408E-07
-1.2807039576E-07 -6.4241624980E-08 -3.3692193155E-08 -1.8375530864E-08 -1.0375381088E-08
-6.0421722065E-09 -3.6176716933E-09 -2.2209365994E-09 -1.3947690447E-09 -8.9423311434E-10
-5.8427417552E-10 -3.8844454025E-10 -1.4976218581E-10 -6.2735961894E-11 -2.8177048439E-11
-1.3429154331E-11 -6.7362226155E-12 -3.5328825129E-12 -1.9268140651E-12 -1.0879375600E-12
-6.3356767636E-13 -3.7934037134E-13 -1.4625213458E-13 -6.1265587787E-14 -2.7516648866E-14
-1.3114408526E-14 -6.5783423979E-15 -3.4500805790E-15 -1.8816543605E-15 -1.0624390234E-15
-6.1871843394E-16 -3.7044958139E-16
6 2 8 T
1.2253170437E+03 7.8634816502E+02 4.5696429957E+02 2.6287262658E+02 1.5165500950E+02
8.8325547909E+01 5.2079097306E+01 3.1130112451E+01 1.8888603069E+01 1.1644800927E+01
7.2943009474E+00 4.6417433282E+00 2.9998305124E+00 1.9780327513E+00 1.3387795651E+00
9.3330086711E-01 6.6865833146E-01 4.8698334352E-01 3.5727545523E-01 2.6386026778E-01
1.9600105300E-01 1.4579155355E-01 1.0849156792E-01 8.0294119755E-02 5.9902645576E-02
4.5496404871E-02 3.5843516672E-02 2.4075787753E-02 1.6498512724E-02 1.0660747089E-02
5.5044382667E-03 2.4623622191E-04 -3.3512533507E-04 -1.1728141025E-04 -8.5933304790E-05
-2.8359539100E-05 -1.0941390344E-05 -4.6392661608E-06 -2.1200781037E-06 -1.0315562170E-06
-5.2945706869E-07 -2.8455206424E-07 -1.5918539817E-07 -9.2244988186E-08 -5.5148096397E-08
-3.3900075341E-08 -2.1365502474E-08 -1.3772393394E-08 -9.0610587144E-09 -6.0734092676E-09
-4.1407775169E-09 -2.8676291996E-09 -1.2161547139E-09 -5.5576575047E-10 -2.7041627320E-10
-1.3879399382E-10 -7.4593616328E-11 -4.1729497019E-11 -2.4181470183E-11 -1.4456742582E-11
-8.8867013503E-12 -5.6008382804E-12 -2.3753021756E-12 -1.0854799814E-12 -5.2815678359E-13
-2.7108201917E-13 -1.4569065689E-13 -8.1502923865E-14 -4.7229433951E-14 -2.8235825355E-14
-1.7356838575E-14 -1.0939137266E-14
6 4 10 T
7.5414815308E+02 2.5187616985E+02 1.1934182312E+02 6.0544441002E+01 3.1957344158E+01
1.7482536416E+01 9.8930402114E+00 5.7411595429E+00 3.3873552211E+00 2.0356251043E+00
1.2456788032E+00 7.6965574550E-01 4.7640647814E-01 2.9776199478E-01 1.9221174992E-01
1.3073970864E-01 9.2525646862E-02 6.5021962724E-02 4.4221662015E-02 2.9751187381E-02
2.0603389763E-02 1.4839574139E-02 1.1048264432E-02 8.2976178586E-03 6.2494387750E-03
4.7021860523E-03 3.5518610636E-03 2.0661923077E-03 1.2344247265E-03 7.5676848680E-04
4.7389544149E-04 1.9660654468E-04 8.7027826237E-05 4.0744919959E-05 2.0033598649E-05
5.4838028835E-06 1.7208755156E-06 6.0315636966E-07 2.3160916923E-07 9.6022405160E-08
4.2495315980E-08 1.9895076146E-08 9.7820447688E-09 5.0212439348E-09 2.6776382247E-09
1.4772698859E-09 8.4027124740E-10 4.9128919557E-10 2.9450994612E-10 1.8061060987E-10
1.1309041466E-10 7.2178750547E-11 2.5298211739E-11 9.7143926495E-12 4.0274715805E-12
1.7823827380E-12 8.3445997460E-13 4.1028869502E-13 2.1060623521E-13 1.1230828716E-13
6.1961189914E-14 3.5243530541E-14 1.2352642451E-14 4.7433557859E-15 1.9665388577E-15
8.7030407128E-16 4.0745115947E-16 2.0033627687E-16 1.0283507578E-16 5.4838030841E-17
3.0254487263E-17 1.7208755147E-17
7 0 7 T
1.9884986318E+03 9.0688148471E+02 3.8033894077E+02 1.6644431924E+02 7.6322058313E+01
3.6419628682E+01 1.7924257343E+01 9.0114415743E+00 4.5889677507E+00 2.3431356499E+00
1.1842304281E+00 5.8719719674E-01 2.8701814992E-01 1.4091516951E-01 7.1189853057E-02
3.4212250861E-02 1.6090372898E-02 1.1127937460E-02 1.2588057451E-02 1.5652594062E-02
1.8928677635E-02 2.2221981297E-02 2.3645340115E-02 2.2649089444E-02 1.9455566068E-02
1.5392847760E-02 1.1646795935E-02 6.6484092867E-03 4.0014906079E-03 2.4814485708E-03
1.5631946915E-03 6.5047142621E-04 2.8766929455E-04 1.3467510002E-04 6.6217714141E-05
1.8125734489E-05 5.6880514834E-06 1.9936273560E-06 7.6554339623E-07 3.1738518126E-07
1.4046079707E-07 6.5759677008E-08 3.2332829478E-08 1.6596839183E-08 8.8504624716E-09
4.8828559306E-09 2.7773689039E-09 1.6238700762E-09 9.7345085742E-10 5.9697662287E-10
3.7380048643E-10 2.3857417222E-10 8.3618791937E-11 3.2109217289E-11 1.3312099353E-11
5.8913528299E-12 2.7581607631E-12 1.3561371601E-12 6.9612188972E-13 3.7121530146E-13
2.0480182161E-13 1.1649129503E-13 4.0829488251E-14 1.5678328754E-14 6.5000485123E-15
2.8766371240E-15 1.3467581851E-15 6.6217634770E-16 3.3990326647E-16 1.8125747142E-16
1.0000088946E-16 5.6880515151E-17
7 2 9 T
1.4475976624E+02 1.8831352006E+02 1.0108654565E+02 5.1714864903E+01 2.6619655710E+01
1.4079317021E+01 7.6931234674E+00 4.3372367177E+00 2.5101117333E+00 1.4788157317E+00
8.8609487629E-01 5.4167726221E-01 3.4268424346E-01 2.2557789643E-01 1.5344255246E-01
1.0323800027E-01 6.4911499727E-02 3.8838985235E-02 2.8283095922E-02 2.3072099931E-02
1.8511512840E-02 1.2810722693E-02 8.2034564756E-03 4.6926798126E-03 2.9936236817E-03
2.3698288443E-03 1.3842371106E-03 1.9633265291E-04 -9.0369805577E-05 -9.2884499695E-05
-6.4238405639E-05 -6.4927282044E-06 1.4767690071E-06 1.0050673415E-06 5.3564776098E-07
1.6488164700E-07 5.7480653130E-08 2.2161131174E-08 9.2833833442E-09 4.1695119330E-09
1.9871853986E-09 9.9679569491E-10 5.2277994368E-10 2.8512121327E-10 1.6098806973E-10
9.3752473497E-11 5.6133069028E-11 3.4460835038E-11 2.1641728079E-11 1.3875236171E-11
9.0658040328E-12 6.0272423925E-12 2.3237628582E-12 9.7343329582E-13 4.3720501448E-13
2.0837149165E-13 1.0452160426E-13 5.4817450223E-14 2.9897126133E-14 1.6880822620E-14
9.8306593650E-15 5.8859788989E-15 2.2692996662E-15 9.5061845294E-16 4.2695802195E-16
2.0348778482E-16 1.0207187916E-16 5.3532666233E-17 2.9196412239E-17 1.6485178340E-17
9.6002532861E-18 5.7480262685E-18
8 2 10 T
1.0522316615E+03 5.4094338320E+02 2.2569508318E+02 9.7070841309E+01 4.3946649667E+01
2.0982089650E+01 1.0517935720E+01 5.5009627853E+00 2.9876755077E+00 1.6755384290E+00
9.6579285731E-01 5.7546271914E-01 3.6474654688E-01 2.4905457885E-01 1.8117376486E-01
1.3679971250E-01 1.0341545678E-01 7.6365916808E-02 5.4646072244E-02 3.8757325262E-02
2.7752431858E-02 2.0147577045E-02 1.4821737154E-02 1.0997661417E-02 8.2164295942E-03
6.1825219236E-03 4.6826675874E-03 2.7407518748E-03 1.6421009652E-03 1.0063951918E-03
6.3009252084E-04 2.6130438817E-04 1.1565526228E-04 5.4147732782E-05 2.6623596570E-05
7.2876834537E-06 2.2869523670E-06 8.0156285338E-07 3.0779631269E-07 1.2760868813E-07
5.6474023065E-08 2.6439501937E-08 1.2999819137E-08 6.6729671082E-09 3.5584393097E-09
1.9632133962E-09 1.1166759609E-09 6.5289730697E-10 3.9138811200E-10 2.4002192977E-10
1.5029116831E-10 9.5921734647E-11 3.3619982821E-11 1.2909913055E-11 5.3522963104E-12
2.3686922084E-12 1.1089530873E-12 5.4525193404E-13 2.7988452634E-13 1.4925176230E-13
8.2343138005E-14 4.6836784496E-14 1.6416007237E-14 6.3036684839E-15 2.6134259328E-15
1.1565879924E-15 5.4148099966E-16 2.6623629592E-16 1.3666236638E-16 7.2876837062E-17
4.0206610354E-17 2.2869523680E-17
2 0 2 F
-1.2132234108E+03 -9.1515999204E+02 -6.4491724543E+02 -4.5300135094E+02 -3.1688604105E+02
-2.2078987524E+02 -1.5301305824E+02 -1.0524423047E+02 -7.1657544252E+01 -4.8156428865E+01
-3.1830162856E+01 -2.0594383194E+01 -1.2952970839E+01 -7.8326643500E+00 -4.4623048229E+00
-2.2924260966E+00 -9.3493544562E-01 -1.1816751619E-01 3.4564699231E-01 5.8396603951E-01
6.8256240231E-01 6.9809503644E-01 6.6692015170E-01 6.1185602294E-01 5.4701990701E-01
4.8041962894E-01 4.1727366634E-01 3.1212624922E-01 2.3279513555E-01 1.7475293217E-01
1.3141586849E-01 7.4578988565E-02 4.0122079446E-02 2.3365101907E-02 1.4031330200E-02
4.6275524009E-03 1.5837494555E-03 5.3450227993E-04 1.4971067021E-04 1.3300062416E-05
-3.1778960602E-05 -4.2500286774E-05 -4.0797903067E-05 -3.5237074542E-05 -2.9098331278E-05
-2.3540242656E-05 -1.8875370306E-05 -1.5094028512E-05 -1.2079383265E-05 -9.6935525658E-06
-7.8095089320E-06 -6.3205159682E-06 -3.8067963178E-06 -2.3664041231E-06 -1.5158448042E-06
-9.9814586856E-07 -6.7388953851E-07 -4.6535359447E-07 -3.2796045946E-07 -2.3542621600E-07
-1.7184400426E-07 -1.2735078897E-07 -7.2819910619E-08 -4.3624818876E-08 -2.7190242424E-08
-1.7533482713E-08 -1.1645167707E-08 -7.9368762160E-09 -5.5342692373E-09 -3.9379976854E-09
-2.8534178576E-09 -2.1015464175E-09
2 2 0 F
-4.1505213835E+02 -8.1566239980E+01 1.6991749064E+01 4.0056627797E+01 3.7617246885E+01
2.9181289045E+01 2.0982566937E+01 1.4554847451E+01 9.9215272858E+00 6.7152349367E+00
4.5392480084E+00 3.0724176850E+00 2.0867651146E+00 1.4266128357E+00 9.8250211538E-01
6.8340778762E-01 4.8348353036E-01 3.4782263923E-01 2.5452723189E-01 1.8979431719E-01
1.4353777567E-01 1.0940956682E-01 8.4372099027E-02 6.6538900797E-02 5.3245971695E-02
4.5088579550E-02 3.9436819843E-02 3.1272793325E-02 2.6034184896E-02 2.1023582362E-02
1.6865469517E-02 1.1356312454E-02 8.4678870877E-03 6.1163242409E-03 4.3294379980E-03
2.3167640156E-03 1.3005918246E-03 7.6242532448E-04 4.6508974391E-04 2.9385371617E-04
1.9149685580E-04 1.2824989689E-04 8.7998338707E-05 6.1697608185E-05 4.4102076651E-05
3.2077884683E-05 2.3701892248E-05 1.7764868966E-05 1.3489459498E-05 1.0365744189E-05
8.0529903403E-06 6.3196186349E-06 3.5857751738E-06 2.1357673600E-06 1.3252611302E-06
8.5160462830E-07 5.6402664134E-07 3.8354322777E-07 2.6693730276E-07 1.8964599242E-07
1.3723328053E-07 1.0095882853E-07 5.7060951739E-08 3.3886453753E-08 2.0978714777E-08
1.3456397109E-08 8.8993338239E-09 6.0444299705E-09 4.2026451316E-09 2.9833165923E-09
2.1573107781E-09 1.5861332089E-09
2 2 1 F
2.8976889855E+02 2.6534194043E+02 2.0248320278E+02 1.4044885812E+02 9.3102851879E+01
6.0486686859E+01 3.8974798771E+01 2.5053773502E+01 1.6107763257E+01 1.0365472344E+01
6.6727620379E+00 4.2909721873E+00 2.7498526743E+00 1.7508715695E+00 1.1011045803E+00
6.7801544621E-01 4.0407907998E-01 2.3042216861E-01 1.2476549291E-01 6.3778172364E-02
3.0997297871E-02 1.4500155219E-02 6.7166670107E-03 3.0789226556E-03 1.4792232679E-03
7.5622427185E-04 3.8991158609E-04 1.0369791574E-04 2.8708265285E-05 6.6387929995E-06
7.2152041925E-07 -6.7056488896E-09 -5.2172298401E-09 -4.0157872943E-10 -5.9604736047E-11
-1.3528589819E-13 1.7122199376E-14 2.0604357453E-16 5.0149775868E-19 8.4664526168E-22
0.0000000000E+00 0.0000000000E+00 0.0000000000E+00 0.0000000000E+00 0.0000000000E+00
0.0000000000E+00 0.0000000000E+00 0.0000000000E+00 0.0000000000E+00 0.0000000000E+00
0.0000000000E+00 0.0000000000E+00 0.0000000000E+00 0.0000000000E+00 0.0000000000E+00
0.0000000000E+00 0.0000000000E+00 0.0000000000E+00 0.0000000000E+00 0.0000000000E+00
0.0000000000E+00 0.0000000000E+00 0.0000000000E+00 0.0000000000E+00 0.0000000000E+00
0.0000000000E+00 0.0000000000E+00 0.0000000000E+00 0.0000000000E+00 0.0000000000E+00
0.0000000000E+00 0.0000000000E+00
2 2 2 F
9.8233795591E+02 6.6162354889E+02 4.1266026073E+02 2.5574215954E+02 1.5715581361E+02
9.6189767349E+01 5.8822566933E+01 3.5989388481E+01 2.2030080151E+01 1.3476913264E+01
8.2245448399E+00 4.9934278126E+00 3.0036133422E+00 1.7817943378E+00 1.0360993969E+00
5.8473207893E-01 3.1470194375E-01 1.5907332764E-01 7.3965376998E-02 3.0280022715E-02
9.4078746843E-03 -3.8338049788E-04 -5.3894504158E-03 -8.0934906709E-03 -9.7299864496E-03
-1.0603182533E-02 -1.0987769421E-02 -1.0708516633E-02 -9.7513824404E-03 -8.5614796494E-03
-7.3710446704E-03 -5.3187287327E-03 -3.7952764456E-03 -2.7144660085E-03 -1.9572328466E-03
-1.0513215204E-03 -5.9136029705E-04 -3.4744152559E-04 -2.1228667645E-04 -1.3428776496E-04
-8.7591777816E-05 -5.8704175280E-05 -4.0302713277E-05 -2.8270242154E-05 -2.0215583236E-05
-1.4708607935E-05 -1.0870909045E-05 -8.1497549314E-06 -6.1896027775E-06 -4.7571071185E-06
-3.6962755588E-06 -2.9010473971E-06 -1.6465008395E-06 -9.8088808810E-07 -6.0874289207E-07
-3.9122199668E-07 -2.5913572197E-07 -1.7622867415E-07 -1.2265919326E-07 -8.7148195297E-08
-6.3065864247E-08 -4.6397695088E-08 -2.6225192472E-08 -1.5574951960E-08 -9.6426349360E-09
-6.1852679721E-09 -4.0906997183E-09 -2.7784586598E-09 -1.9318719513E-09 -1.3713895836E-09
-9.9169744615E-10 -7.2913910103E-10
2 2 3 F
4.8079028665E+02 2.8877770589E+02 1.7177242990E+02 1.0375419686E+02 6.3182974852E+01
3.8716556183E+01 2.3854492372E+01 1.4773807425E+01 9.1962329099E+00 5.7527397587E+00
3.6171032104E+00 2.2868841368E+00 1.4552291314E+00 9.3406294715E-01 6.0559959342E-01
3.9688015889E-01 2.6263130468E-01 1.7608298129E-01 1.2029139777E-01 8.3415108371E-02
5.9754752956E-02 4.3795274184E-02 3.2889103939E-02 2.4850835771E-02 1.9227398071E-02
1.4633774780E-02 1.0782840126E-02 5.9185269604E-03 2.7239975034E-03 1.1118232091E-03
3.9603568533E-04 6.5784625701E-05 6.0827872596E-06 4.7636846983E-07 3.1502395373E-08
-3.3070879267E-11 -7.4156868793E-13 -1.7962677047E-15 8.6172149924E-17 1.2994462532E-18
1.2235588865E-20 0.0000000000E+00 0.0000000000E+00 0.0000000000E+00 0.0000000000E+00
0.0000000000E+00 0.0000000000E+00 0.0000000000E+00 0.0000000000E+00 0.0000000000E+00
0.0000000000E+00 0.0000000000E+00 0.0000000000E+00 0.0000000000E+00 0.0000000000E+00
0.0000000000E+00 0.0000000000E+00 0.0000000000E+00 0.0000000000E+00 0.0000000000E+00
0.0000000000E+00 0.0000000000E+00 0.0000000000E+00 0.0000000000E+00 0.0000000000E+00
0.0000000000E+00 0.0000000000E+00 0.0000000000E+00 0.0000000000E+00 0.0000000000E+00
0.0000000000E+00 0.0000000000E+00
2 2 4 F
2.8601162031E+03 1.7708863837E+03 1.1748783677E+03 8.1491587019E+02 5.8498735646E+02
4.3136959525E+02 3.2523353209E+02 2.4992630261E+02 1.9527013779E+02 1.5479592948E+02
1.2427941800E+02 1.0089825901E+02 8.2724528240E+01 6.8411535511E+01 5.7007550482E+01
4.7828923689E+01 4.0371241852E+01 3.4265166667E+01 2.9231971534E+01 2.5058290777E+01
2.1578013801E+01 1.8659926460E+01 1.6200213651E+01 1.4117429382E+01 1.2346354310E+01
1.0832514989E+01 9.5340513704E+00 7.4554002288E+00 5.8984686292E+00 4.7181278742E+00
3.8121923342E+00 2.5556786578E+00 1.7646741329E+00 1.2495078987E+00 9.0419336978E-01
4.9990190911E-01 2.9500195045E-01 1.8382017036E-01 1.1916904432E-01 7.9804111936E-02
5.5046291349E-02 3.8966588232E-02 2.8195376492E-02 2.0819994946E-02 1.5638427121E-02
1.1929842889E-02 9.2281797885E-03 7.2284732505E-03 5.7268843264E-03 4.5844951027E-03
3.7049482235E-03 3.0203247386E-03 1.8745903494E-03 1.2128615882E-03 8.1259168999E-04
5.6084045739E-04 3.9712613444E-04 2.8754255512E-04 2.1231690530E-04 1.5951516990E-04
1.2171349278E-04 9.4168315068E-05 5.8459049984E-05 3.7829828028E-05 2.5348997784E-05
1.7497797405E-05 1.2391403612E-05 8.9729652838E-06 6.6260578428E-06 4.9785772691E-06
3.7990158236E-06 2.9394314185E-06
2 4 2 F
-5.8718114037E+02 -2.4124357263E+02 -1.1786868057E+02 -5.3005359069E+01 -2.3674825112E+01
-1.0609060249E+01 -4.6777118820E+00 -1.9096755970E+00 -5.9848629125E-01 5.4181818759E-03
2.5003127897E-01 3.1007400643E-01 2.8687030628E-01 2.3685513496E-01 1.8523926914E-01
1.4159848281E-01 1.0782101878E-01 8.2435531860E-02 6.3490088410E-02 4.9342684636E-02
3.8673008159E-02 3.0559350093E-02 2.4330876903E-02 1.9508418669E-02 1.5742884856E-02
1.2780471659E-02 1.0432597070E-02 7.0579849216E-03 4.8637427026E-03 3.4079855481E-03
2.4244710284E-03 1.2779515114E-03 7.0637653519E-04 4.0675265026E-04 2.4271721403E-04
9.4597659938E-05 4.0721190739E-05 1.8996736011E-05 9.4704474907E-06 4.9919893527E-06
2.7592826071E-06 1.5888774317E-06 9.4811410501E-07 5.8375296279E-07 3.6952210907E-07
2.3976824322E-07 1.5906715132E-07 1.0766290922E-07 7.4206000042E-08 5.1999333929E-08
3.6993935510E-08 2.6687039563E-08 1.2449700912E-08 6.2065524675E-09 3.2715501422E-09
1.8083234494E-09 1.0412867136E-09 6.2135605986E-10 3.8256834170E-10 2.4217000940E-10
1.5713451587E-10 1.0424624829E-10 4.8631644187E-11 2.4244345576E-11 1.2779492743E-11
7.0637634741E-12 4.0675262251E-12 2.4271721088E-12 1.4944075848E-12 9.4597659922E-13
6.1380670264E-13 4.0721190739E-13
2 4 4 F
-4.0029825126E+02 -1.3812648352E+02 -6.4873825070E+01 -2.9208733229E+01 -1.3668387579E+01
-6.7618631516E+00 -3.5070492908E+00 -1.8602553159E+00 -9.6961597181E-01 -4.6788962895E-01
-1.8887829985E-01 -4.5745816838E-02 1.6995077952E-02 3.7958582999E-02 3.9450720534E-02
3.3652660062E-02 2.6543960753E-02 2.0352583568E-02 1.5536916314E-02 1.1920240338E-02
9.2346642768E-03 7.2301068174E-03 5.7150458189E-03 4.5594732896E-03 3.6654637611E-03
2.9682126759E-03 2.4191146554E-03 1.6340483530E-03 1.1253704763E-03 7.8840980980E-04
5.6085954251E-04 2.9562709317E-04 1.6340495619E-04 9.4093496672E-05 5.6147429224E-05
2.1883143000E-05 9.4199755129E-06 4.3944880982E-06 2.1907852359E-06 1.1547898431E-06
6.3830094652E-07 3.6755277112E-07 2.1932589619E-07 1.3503874802E-07 8.5481027342E-08
5.5465248902E-08 3.6796779348E-08 2.4905508659E-08 1.7165969134E-08 1.2028932441E-08
8.5577548278E-09 6.1734751522E-09 2.8799717201E-09 1.4357530122E-09 7.5680307157E-10
4.1831690831E-10 2.4087938408E-10 1.4373741933E-10 8.8498993901E-11 5.6020846079E-11
3.6349705520E-11 2.4115137313E-11 1.1249889532E-11 5.6084102039E-12 2.9562619983E-12
1.6340504231E-12 9.4093509408E-13 5.6147429425E-13 3.4569919493E-13 2.1883143000E-13
1.4199103719E-13 9.4199755131E-14
2 4 6 F
-4.5265448001E+02 -1.2373797524E+02 -4.5772015863E+01 -1.1552701434E+01 1.3186976680E+00
5.4873660479E+00 6.2790696439E+00 5.8419704057E+00 5.0420541112E+00 4.2174258439E+00
3.4778528632E+00 2.8498876482E+00 2.3289567986E+00 1.9066769481E+00 1.5658647959E+00
1.2898451115E+00 1.0645780768E+00 8.7989223801E-01 7.2698920867E-01 6.0001952343E-01
4.9485028750E-01 4.0792611324E-01 3.3699490284E-01 2.7996552836E-01 2.3330808100E-01
1.9663283102E-01 1.6664391119E-01 1.2121515767E-01 8.8528555520E-02 6.4785553136E-02
4.7647377395E-02 2.6366907227E-02 1.5790026765E-02 9.9301777681E-03 6.3767370120E-03
2.8398729699E-03 1.3759968077E-03 7.1352080595E-04 3.9141028217E-04 2.2513433364E-04
1.3484225731E-04 8.3635431358E-05 5.3480779349E-05 3.5128505494E-05 2.3629637068E-05
1.6236133935E-05 1.1370982014E-05 8.1021604409E-06 5.8640817806E-06 4.3052241561E-06
3.2023172814E-06 2.4107143408E-06 1.2419380022E-06 6.7763220968E-07 3.8801830676E-07
2.3151510583E-07 1.4312607111E-07 9.1261573180E-08 5.9794865585E-08 4.0132946197E-08
2.7521462376E-08 1.9240683500E-08 9.8924987488E-09 5.3886516467E-09 3.0812842052E-09
1.8362887212E-09 1.1340520669E-09 7.2245672874E-10 4.7298155974E-10 3.1723173807E-10
2.1740772829E-10 1.5190759653E-10
3 0 3 F
-1.8953475236E+03 -1.4098348543E+03 -1.0031759990E+03 -7.0121970395E+02 -4.8654810778E+02
-3.3633095868E+02 -2.3179088273E+02 -1.5918834532E+02 -1.0884221091E+02 -7.4001119083E+01
-4.9963424119E+01 -3.3447271619E+01 -2.2160479045E+01 -1.4498209326E+01 -9.3357229600E+00
-5.8878947527E+00 -3.6086978200E+00 -2.1220818160E+00 -1.1682807103E+00 -5.6797988801E-01
-2.0145320898E-01 1.2780966970E-02 1.2938279635E-01 1.8438920958E-01 2.0117526063E-01
1.9662909878E-01 1.8131097714E-01 1.4292456191E-01 1.1076290349E-01 8.6367930758E-02
6.7574661398E-02 4.1897712778E-02 2.6486357151E-02 1.7107820992E-02 1.1288351037E-02
5.2161255289E-03 2.5860658772E-03 1.3616908668E-03 7.5488172269E-04 4.3743224967E-04
2.6339295882E-04 1.6399962609E-04 1.0516548315E-04 6.9219853793E-05 4.6631806591E-05
3.2076112034E-05 2.2481991248E-05 1.6027710173E-05 1.1604453366E-05 8.5214355851E-06
6.3390732539E-06 4.7721518853E-06 2.4579465716E-06 1.3405122314E-06 7.6715262917E-07
4.5744401279E-07 2.8261724710E-07 1.8009046201E-07 1.1792242444E-07 7.9099391508E-08
5.4211890393E-08 3.7879692794E-08 1.9456002518E-08 1.0588504058E-08 6.0497009325E-09
3.6026887038E-09 2.2234832471E-09 1.4156479559E-09 9.2630534267E-10 6.2097497784E-10
4.2538127365E-10 2.9710161595E-10
3 2 2 F
4.3489697926E+02 2.5384385520E+02 1.6619453049E+02 1.0351666413E+02 6.3461436276E+01
3.8730602019E+01 2.3643141777E+01 1.4463488065E+01 8.8672451096E+00 5.4382039294E+00
3.3250190779E+00 2.0195793659E+00 1.2116668006E+00 7.1173625642E-01 4.0523640940E-01
2.2131472061E-01 1.1404642846E-01 5.5403600572E-02 2.5755579818E-02 1.1544228372E-02
5.1633571653E-03 2.3714042644E-03 1.1077699989E-03 5.4079605028E-04 2.7784906700E-04
1.4031818147E-04 7.0010732331E-05 1.8082582501E-05 4.8329477343E-06 1.1176312480E-06
3.1992173940E-07 3.4436327933E-08 3.1293222222E-09 3.0588447594E-10 3.6138180072E-11
3.6199006588E-13 2.6916766461E-15 9.0614159482E-18 -4.2086872765E-20 -1.5030277735E-22
0.0000000000E+00 0.0000000000E+00 0.0000000000E+00 0.0000000000E+00 0.0000000000E+00
0.0000000000E+00 0.0000000000E+00 0.0000000000E+00 0.0000000000E+00 0.0000000000E+00
0.0000000000E+00 0.0000000000E+00 0.0000000000E+00 0.0000000000E+00 0.0000000000E+00
0.0000000000E+00 0.0000000000E+00 0.0000000000E+00 0.0000000000E+00 0.0000000000E+00
0.0000000000E+00 0.0000000000E+00 0.0000000000E+00 0.0000000000E+00 0.0000000000E+00
0.0000000000E+00 0.0000000000E+00 0.0000000000E+00 0.0000000000E+00 0.0000000000E+00
0.0000000000E+00 0.0000000000E+00
3 2 5 F
1.4749109518E+03 8.2178548492E+02 5.0358007080E+02 3.3805344521E+02 2.3979004586E+02
1.7594805639E+02 1.3210640599E+02 1.0092722131E+02 7.8206410196E+01 6.1331659217E+01
4.8597953176E+01 3.8855834567E+01 3.1312057993E+01 2.5403932677E+01 2.0732378305E+01
1.7007218776E+01 1.4017566367E+01 1.1606419006E+01 9.6526119002E+00 8.0628780084E+00
6.7640131452E+00 5.6982107641E+00 4.8199364443E+00 4.0931471190E+00 3.4892416643E+00
2.9854110627E+00 2.5634184255E+00 1.9092182813E+00 1.4401515328E+00 1.0992026384E+00
8.4819419022E-01 5.2029938905E-01 3.3061614913E-01 2.1664587028E-01 1.4584929912E-01
7.0821245431E-02 3.7115409094E-02 2.0694572469E-02 1.2145723895E-02 7.4421984381E-03
4.7305937117E-03 3.1035708785E-03 2.0929516428E-03 1.4459429708E-03 1.0205406540E-03
7.3415106594E-04 5.3723131588E-04 3.9923476077E-04 3.0085631194E-04 2.2962031911E-04
1.7729981686E-04 1.3836865556E-04 7.7592898247E-05 4.5780362706E-05 2.8186854508E-05
1.7995291196E-05 1.1852965079E-05 8.0221095823E-06 5.5603714799E-06 3.9362370095E-06
2.8393822977E-06 2.0829985937E-06 1.1716899243E-06 6.9312035511E-07 4.2771555722E-07
2.7360086668E-07 1.8052211869E-07 1.2236288662E-07 8.4927787075E-08 6.0193645909E-08
4.3467468929E-08 3.1919466296E-08
4 0 4 F
-4.6806482024E+03 -3.1996299397E+03 -2.1504485267E+03 -1.4438892847E+03 -9.7124727857E+02
-6.5436336888E+02 -4.4102765535E+02 -2.9691560618E+02 -1.9938523570E+02 -1.3336834976E+02
-8.8746190359E+01 -5.8667638466E+01 -3.8472722040E+01 -2.4981374988E+01 -1.6022303045E+01
-1.0115763917E+01 -6.2552660959E+00 -3.7579222626E+00 -2.1619206686E+00 -1.1573509748E+00
-5.3744276706E-01 -1.6499467535E-01 4.9694040193E-02 1.6359533847E-01 2.1408605325E-01
2.2492094135E-01 2.1306455755E-01 1.6324565788E-01 1.1486835226E-01 8.0237919981E-02
5.6871058267E-02 2.9895835735E-02 1.6519905129E-02 9.5125140332E-03 5.6763350087E-03
2.2123190883E-03 9.5233097916E-04 4.4426943192E-04 2.2148174952E-04 1.1674575426E-04
6.4530291715E-05 3.7158471518E-05 2.2173183573E-05 1.3652008273E-05 8.6418728666E-06
5.6073686106E-06 3.7200429021E-06 2.5178714646E-06 1.7354274685E-06 1.2160886235E-06
8.6516308407E-07 6.2411963297E-07 2.9115641492E-07 1.4515027937E-07 7.6510497509E-08
4.2290571978E-08 2.4352175894E-08 1.4531417586E-08 8.9469801416E-09 5.6635378019E-09
3.6748450927E-09 2.4379673163E-09 1.1373297458E-09 5.6699327878E-10 2.9886913090E-10
1.6519754679E-10 9.5125687086E-11 5.6763349946E-11 3.4949141178E-11 2.2123194539E-11
1.4354863643E-11 9.5233098293E-12
4 2 6 F
3.1070799951E+03 1.8203855488E+03 1.1497933824E+03 7.6555569997E+02 5.2669332955E+02
3.7094739097E+02 2.6635842500E+02 1.9457430552E+02 1.4436175618E+02 1.0861108538E+02
8.2729800207E+01 6.3701408681E+01 4.9514817489E+01 3.8805923279E+01 3.0635163429E+01
2.4343547998E+01 1.9459650855E+01 1.5641083148E+01 1.2634775162E+01 1.0253976106E+01
8.3595602480E+00 6.8457342209E+00 5.6306141255E+00 4.6509928733E+00 3.8579800845E+00
3.2130707437E+00 2.6868632112E+00 1.9019552012E+00 1.3669463756E+00 9.9677061616E-01
7.3677182935E-01 4.1750221406E-01 2.4689002945E-01 1.5144717108E-01 9.5908747403E-02
4.1695949417E-02 1.9806647402E-02 1.0106674890E-02 5.4705730979E-03 3.1113663026E-03
1.8456756031E-03 1.1352878684E-03 7.2070616605E-04 4.7037188715E-04 3.1461010650E-04
2.1507746874E-04 1.4994423936E-04 1.0640029269E-04 7.6721404393E-05 5.6134459908E-05
4.1623643562E-05 3.1244461152E-05 1.5995818372E-05 8.6823354884E-06 4.9497277059E-06
2.9421850937E-06 1.8129701394E-06 1.1527081452E-06 7.5335810362E-07 5.0450661510E-07
3.4527752547E-07 2.4095477469E-07 1.2350129517E-07 6.7099882787E-08 3.8284500711E-08
2.2772878819E-08 1.4041210713E-08 8.9323635371E-09 5.8405601942E-09 3.9129407862E-09
2.6789770237E-09 1.8701834818E-09
5 0 5 F
-9.2287259851E+02 -7.4052539001E+02 -5.0003260940E+02 -3.2187110906E+02 -2.0592212318E+02
-1.3237865282E+02 -8.5679842797E+01 -5.5773359171E+01 -3.6427608707E+01 -2.3798958600E+01
-1.5496291619E+01 -1.0012919131E+01 -6.3843922521E+00 -3.9865484648E+00 -2.4116588597E+00
-1.3917181831E+00 -7.4959707869E-01 -3.6510980544E-01 -1.5237747957E-01 -4.7733372960E-02
-3.7562224768E-03 1.0627663959E-02 1.2813722847E-02 1.1052519872E-02 8.6108103751E-03
6.5079101368E-03 4.8892227862E-03 2.8638460421E-03 1.7809073532E-03 1.1673422444E-03
7.8883124155E-04 3.8172844085E-04 1.9575498497E-04 1.0518979382E-04 5.8844583923E-05
2.0385958650E-05 7.8979372403E-06 3.3494963637E-06 1.5306731446E-06 7.4477228384E-07
3.8226220092E-07 2.0544347178E-07 1.1493011286E-07 6.6599870495E-08 3.9816321193E-08
2.4475482863E-08 1.5425658627E-08 9.9435170894E-09 6.5419850855E-09 4.3849349286E-09
2.9895959856E-09 2.0703968538E-09 8.7805037479E-10 4.0125678083E-10 1.9523758557E-10
1.0020774240E-10 5.3855773467E-11 3.0128239506E-11 1.7458756451E-11 1.0437609703E-11
6.4161009796E-12 4.0437438551E-12 1.7149421383E-12 7.8370465005E-13 3.8132340932E-13
1.9571824687E-13 1.0518705755E-13 5.8844217785E-14 3.4099133693E-14 2.0385956451E-14
1.2531447226E-14 7.8979372170E-15
