* --------------------------------------------------------------------------
      block data psiv
* --------------------------------------------------------------------------

*     revision date: 13-may-2019
* --------------------------------------------------------------------------

*      data for OH A2sig+ state vibrational wavefunctions dawes calculation
      implicit double precision (a-h,o-z)
      common /corv_A/ rpsi(331)
      common /copsiv_A/ 
     + psiv_0(331), psiv_1(331), psiv_2(331), psiv_3(331),
     + psiv_4(331), psiv_5(331), psiv_6(331), psiv_7(331),
     + psiv_8(331), psiv_9(331)
* knots for spline interpolation of vibrational wavefunctions psi(v=0:9) in A state
* data for spline interpolation of Dawes vibrational wavefunctions psi(v=0:8) in A state
* from numerov calculations an a grid of r=[0.9:0.005:10], then thinned to the rpsi grid


      data rpsi /
     : 1.045d0, 1.065d0, 1.085d0, 1.105d0, 1.125d0, 1.145d0, 1.165d0,
     : 1.185d0, 1.205d0, 1.225d0, 1.245d0, 1.265d0, 1.285d0, 1.305d0,
     : 1.325d0, 1.345d0, 1.365d0, 1.385d0, 1.405d0, 1.425d0, 1.445d0,
     : 1.465d0, 1.485d0, 1.505d0, 1.525d0, 1.545d0, 1.565d0, 1.585d0,
     : 1.605d0, 1.625d0, 1.645d0, 1.665d0, 1.685d0, 1.705d0, 1.725d0,
     : 1.745d0, 1.765d0, 1.785d0, 1.805d0, 1.825d0, 1.845d0, 1.865d0,
     : 1.885d0, 1.905d0, 1.925d0, 1.945d0, 1.965d0, 1.985d0, 2.005d0,
     : 2.025d0, 2.045d0, 2.065d0, 2.085d0, 2.105d0, 2.125d0, 2.145d0,
     : 2.165d0, 2.185d0, 2.205d0, 2.225d0, 2.245d0, 2.265d0, 2.285d0,
     : 2.305d0, 2.325d0, 2.345d0, 2.365d0, 2.385d0, 2.405d0, 2.425d0,
     : 2.445d0, 2.465d0, 2.485d0, 2.505d0, 2.525d0, 2.545d0, 2.565d0,
     : 2.585d0, 2.605d0, 2.625d0, 2.645d0, 2.665d0, 2.685d0, 2.705d0,
     : 2.725d0, 2.745d0, 2.765d0, 2.785d0, 2.805d0, 2.825d0, 2.845d0,
     : 2.865d0, 2.885d0, 2.905d0, 2.925d0, 2.945d0, 2.965d0, 2.985d0,
     : 3.005d0, 3.025d0, 3.045d0, 3.065d0, 3.085d0, 3.105d0, 3.125d0,
     : 3.145d0, 3.165d0, 3.185d0, 3.205d0, 3.225d0, 3.245d0, 3.265d0,
     : 3.285d0, 3.305d0, 3.325d0, 3.345d0, 3.365d0, 3.385d0, 3.405d0,
     : 3.425d0, 3.445d0, 3.465d0, 3.485d0, 3.505d0, 3.525d0, 3.545d0,
     : 3.565d0, 3.585d0, 3.605d0, 3.625d0, 3.645d0, 3.665d0, 3.685d0,
     : 3.705d0, 3.725d0, 3.745d0, 3.765d0, 3.785d0, 3.805d0, 3.825d0,
     : 3.845d0, 3.865d0, 3.885d0, 3.905d0, 3.925d0, 3.945d0, 3.965d0,
     : 3.985d0, 4.005d0, 4.025d0, 4.045d0, 4.065d0, 4.085d0, 4.105d0,
     : 4.125d0, 4.145d0, 4.165d0, 4.185d0, 4.205d0, 4.225d0, 4.245d0,
     : 4.265d0, 4.285d0, 4.305d0, 4.325d0, 4.345d0, 4.365d0, 4.385d0,
     : 4.405d0, 4.425d0, 4.445d0, 4.465d0, 4.485d0, 4.505d0, 4.525d0,
     : 4.545d0, 4.565d0, 4.585d0, 4.605d0, 4.625d0, 4.645d0, 4.665d0,
     : 4.685d0, 4.705d0, 4.725d0, 4.745d0, 4.765d0, 4.785d0, 4.805d0,
     : 4.825d0, 4.845d0, 4.865d0, 4.885d0, 4.905d0, 4.925d0, 4.945d0,
     : 4.965d0, 4.985d0, 5.005d0, 5.025d0, 5.045d0, 5.065d0, 5.085d0,
     : 5.105d0, 5.125d0, 5.145d0, 5.165d0, 5.185d0, 5.205d0, 5.225d0,
     : 5.245d0, 5.265d0, 5.285d0, 5.305d0, 5.325d0, 5.345d0, 5.365d0,
     : 5.385d0, 5.405d0, 5.425d0, 5.445d0, 5.465d0, 5.485d0, 5.505d0,
     : 5.525d0, 5.545d0, 5.565d0, 5.585d0, 5.605d0, 5.625d0, 5.645d0,
     : 5.665d0, 5.685d0, 5.705d0, 5.725d0, 5.745d0, 5.765d0, 5.785d0,
     : 5.805d0, 5.825d0, 5.845d0, 5.865d0, 5.885d0, 5.905d0, 5.925d0,
     : 5.945d0, 5.965d0, 5.985d0, 6.005d0, 6.025d0, 6.045d0, 6.065d0,
     : 6.085d0, 6.105d0, 6.125d0, 6.145d0, 6.165d0, 6.185d0, 6.205d0,
     : 6.225d0, 6.245d0, 6.265d0, 6.285d0, 6.305d0, 6.325d0, 6.345d0,
     : 6.365d0, 6.385d0, 6.405d0, 6.425d0, 6.445d0, 6.465d0, 6.485d0,
     : 6.505d0, 6.525d0, 6.545d0, 6.565d0, 6.585d0, 6.605d0, 6.625d0,
     : 6.645d0, 6.665d0, 6.685d0, 6.705d0, 6.725d0, 6.745d0, 6.765d0,
     : 6.785d0, 6.805d0, 6.825d0, 6.845d0, 6.865d0, 6.885d0, 6.905d0,
     : 6.925d0, 6.945d0, 6.965d0, 6.985d0, 7.005d0, 7.025d0, 7.045d0,
     : 7.065d0, 7.085d0, 7.105d0, 7.125d0, 7.145d0, 7.165d0, 7.185d0,
     : 7.205d0, 7.225d0, 7.245d0, 7.265d0, 7.285d0, 7.305d0, 7.325d0,
     : 7.345d0, 7.365d0, 7.385d0, 7.405d0, 7.425d0, 7.445d0, 7.465d0,
     : 7.485d0, 7.505d0, 7.525d0, 7.545d0, 7.565d0, 7.585d0, 7.605d0,
     : 7.625d0, 7.645d0/
      data psiv_0 /
     : 8.6052682d-8, 2.6835955d-7, 7.7599268d-7, 2.0917034d-6,
     : 5.2820099d-6, 1.2553405d-5, 2.8200446d-5, 6.0120602d-5,
     : 1.2209145d-4, 2.3700234d-4, 4.4119780d-4, 7.9002234d-4,
     : 1.3645629d-3, 2.2794797d-3, 3.6916996d-3, 5.8096966d-3,
     : 8.9035086d-3, 1.3315602d-2, 1.9472536d-2, 2.7897084d-2,
     : 3.9219561d-2, 5.4185405d-2, 7.3653253d-2, 9.8573539d-2,
     : 1.2993365d-1, 1.6867372d-1, 2.1559972d-1, 2.7129881d-1,
     : 3.3607039d-1, 4.0989328d-1, 4.9241853d-1, 5.8295377d-1,
     : 6.8045128d-1, 7.8350330d-1, 8.9034119d-1, 9.9885784d-1,
     : 1.1066794d0, 1.2112676d0, 1.3100413d0, 1.4005066d0, 1.4803780d0,
     : 1.5476696d0, 1.6007644d0, 1.6384739d0, 1.6600817d0, 1.6653621d0,
     : 1.6545723d0, 1.6284210d0, 1.5880161d0, 1.5347970d0, 1.4704578d0,
     : 1.3968670d0, 1.3159863d0, 1.2297934d0, 1.1402115d0, 1.0490505d0,
     : 9.5796103d-1, 8.6840062d-1, 7.8161242d-1, 6.9861449d-1,
     : 6.2020012d-1, 5.4694718d-1, 4.7923401d-1, 4.1725978d-1,
     : 3.6106785d-1, 3.1057045d-1, 2.6557374d-1, 2.2580179d-1,
     : 1.9091904d-1, 1.6055045d-1, 1.3429913d-1, 1.1176134d-1,
     : 9.2538516d-2, 7.6246618d-2, 6.2522912d-2, 5.1030616d-2,
     : 4.1461684d-2, 3.3538083d-2, 2.7011856d-2, 2.1664278d-2,
     : 1.7304346d-2, 1.3766829d-2, 1.0910032d-2, 8.6134325d-3,
     : 6.7753019d-3, 5.3103914d-3, 4.1477500d-3, 3.2287083d-3,
     : 2.5050511d-3, 1.9373876d-3, 1.4937169d-3, 1.1481823d-3,
     : 8.7999933d-4, 6.7254317d-4, 5.1257938d-4, 3.8962015d-4,
     : 2.9539055d-4, 2.2338897d-4, 1.6852767d-4, 1.2684078d-4,
     : 9.5248429d-5, 7.1367482d-5, 5.3360304d-5, 3.9814632d-5,
     : 2.9648596d-5, 2.2035988d-5, 1.6347724d-5, 1.2106184d-5,
     : 8.9497450d-6, 6.6053368d-6, 4.8672857d-6, 3.5810642d-6,
     : 2.6308483d-6, 1.9300217d-6, 1.4139522d-6, 1.0345137d-6,
     : 7.5594252d-7, 5.5171362d-7, 4.0219045d-7, 2.9286197d-7,
     : 2.1302316d-7, 1.5478971d-7, 1.1236395d-7, 8.1489030d-8,
     : 5.9043977d-8, 4.2743770d-8, 3.0917670d-8, 2.2345639d-8,
     : 1.6137852d-8, 1.1646087d-8, 8.3986507d-9, 6.0526788d-9,
     : 4.3592052d-9, 3.1376251d-9, 2.2570485d-9, 1.6227008d-9,
     : 1.1660170d-9, 8.3743456d-10, 6.0115543d-10, 4.3134268d-10,
     : 3.0936223d-10, 2.2178408d-10, 1.5893528d-10, 1.1385322d-10,
     : 8.1529199d-11, 5.8362152d-11, 4.1764443d-11, 2.9877618d-11,
     : 2.1367584d-11, 1.5277101d-11, 1.0919638d-11, 7.8030176d-12,
     : 5.5745411d-12, 3.9815542d-12, 2.8431359d-12, 2.0297770d-12,
     : 1.4488009d-12, 1.0339093d-12, 7.3768841d-13, 5.2623941d-13,
     : 3.7533281d-13, 2.6765479d-13, 1.9083638d-13, 1.3604325d-13,
     : 9.6967072d-14, 6.9104218d-14, 4.9240117d-14, 3.5080750d-14,
     : 2.4989342d-14, 1.7798264d-14, 1.2674713d-14, 9.0247864d-15,
     : 6.4250250d-15, 4.5735401d-15, 3.2551475d-15, 2.3164880d-15,
     : 1.6482814d-15, 1.1726685d-15, 8.3418523d-16, 5.9332646d-16,
     : 4.2195839d-16, 3.0004812d-16, 2.1333310d-16, 1.5166043d-16,
     : 1.0780372d-16, 7.6620194d-17, 5.4450451d-17, 3.8690923d-17,
     : 2.7489494d-17, 1.9528778d-17, 1.3871861d-17, 9.8524987d-18,
     : 6.9969801d-18, 4.9685325d-18, 3.5277639d-18, 2.5045251d-18,
     : 1.7778961d-18, 1.2619528d-18, 8.9564565d-19, 6.3560351d-19,
     : 4.5101805d-19, 3.2000719d-19, 2.2703056d-19, 1.6105280d-19,
     : 1.1423842d-19, 8.1024552d-20, 5.7462197d-20, 4.0748302d-20,
     : 2.8893430d-20, 2.0485734d-20, 1.4523369d-20, 1.0295495d-20,
     : 7.2977943d-21, 5.1725072d-21, 3.6658632d-21, 2.5978712d-21,
     : 1.8408810d-21, 1.3043709d-21, 9.2415395d-22, 6.5472045d-22,
     : 4.6380602d-22, 3.2853851d-22, 2.3270521d-22, 1.6481488d-22,
     : 1.1672333d-22, 8.2659057d-23, 5.8532248d-23, 4.1445030d-23,
     : 2.9344230d-23, 2.0775260d-23, 1.4707682d-23, 1.0411576d-23,
     : 7.3699349d-24, 5.2165851d-24, 3.6921971d-24, 2.6131230d-24,
     : 1.8493185d-24, 1.3087024d-24, 9.2607875d-25, 6.5528948d-25,
     : 4.6365741d-25, 3.2805026d-25, 2.3209362d-25, 1.6419734d-25,
     : 1.1615811d-25, 8.2170117d-26, 5.8124560d-26, 4.1113769d-26,
     : 2.9080184d-26, 2.0567888d-26, 1.4546729d-26, 1.0287848d-26,
     : 7.2755807d-27, 5.1451156d-27, 3.6383743d-27, 2.5727925d-27,
     : 1.8192305d-27, 1.2863426d-27, 9.0951934d-28, 6.4306366d-28,
     : 4.5465622d-28, 3.2143992d-28, 2.2725027d-28, 1.6065611d-28,
     : 1.1357396d-28, 8.0287750d-29, 5.6755663d-29, 4.0119809d-29,
     : 2.8359503d-29, 2.0046052d-29, 1.4169349d-29, 1.0015257d-29,
     : 7.0789009d-30, 5.0033561d-30, 3.5363007d-30, 2.4993638d-30,
     : 1.7664553d-30, 1.2484438d-30, 8.8232554d-31, 6.2356618d-31,
     : 4.4068717d-31, 3.1143881d-31, 2.2009483d-31, 1.5553998d-31,
     : 1.0991821d-31, 7.7677085d-32, 5.4892398d-32, 3.8790714d-32,
     : 2.7411950d-32, 1.9370862d-32, 1.3688477d-32, 9.6729457d-33,
     : 6.8353392d-33, 4.8301363d-33, 3.4131624d-33, 2.4118653d-33,
     : 1.7043075d-33, 1.2043200d-33, 8.5101091d-34, 6.0135087d-34,
     : 4.2493310d-34, 3.0027090d-34, 2.1218088d-34, 1.4993388d-34,
     : 1.0594833d-34, 7.4866831d-35, 5.2903699d-35, 3.7383857d-35,
     : 2.6417023d-35, 1.8667474d-35, 1.3191354d-35, 9.3217093d-36,
     : 6.5872523d-36, 4.6549584d-36, 3.2895030d-36, 2.3245984d-36,
     : 1.6427405d-36, 1.1608967d-36, 8.2039293d-37, 5.7976794d-37,
     : 4.0972325d-37, 2.8955518d-37, 2.0463341d-37, 1.4461935d-37,
     : 1.0220711d-37, 7.2233852d-38, 5.1051160d-38, 3.6080768d-38,
     : 2.5500660d-38, 1.8023232d-38, 1.2738542d-38/
      data psiv_1 /
     : 3.0377407d-7, 9.3972626d-7, 2.6939906d-6, 7.1950401d-6,
     : 1.7990825d-5, 4.2309612d-5, 9.3982706d-5, 1.9797015d-4,
     : 3.9691394d-4, 7.6002571d-4, 1.3943831d-3, 2.4583735d-3,
     : 4.1766265d-3, 6.8553859d-3, 1.0896905d-2, 1.6811360d-2,
     : 2.5226114d-2, 3.6892065d-2, 5.2686362d-2, 7.3610100d-2,
     : 1.0077746d-1, 1.3538908d-1, 1.7867718d-1, 2.3180266d-1,
     : 2.9568075d-1, 3.7076006d-1, 4.5682968d-1, 5.5287068d-1,
     : 6.5698250d-1, 7.6642097d-1, 8.7771475d-1, 9.8678759d-1,
     : 1.0891083d0, 1.1798709d0, 1.2541929d0, 1.3073536d0, 1.3350901d0,
     : 1.3338988d0, 1.3013048d0, 1.2360725d0, 1.1383288d0, 1.0095823d0,
     : 8.5265665d-1, 6.7155554d-1, 4.7126459d-1, 2.5749755d-1,
     : 3.6406523d-2, -1.8572203d-1, -4.0276423d-1, -6.0902926d-1,
     : -7.9948842d-1, -9.6995243d-1, -1.1171907d0, -1.2389900d0,
     : -1.3341559d0, -1.4024630d0, -1.4445651d0, -1.4618739d0,
     : -1.4564163d0, -1.4306815d0, -1.3874673d0, -1.3297364d0,
     : -1.2604861d0, -1.1826358d0, -1.0989350d0, -1.0118936d0,
     : -9.2373242d-1, -8.3635509d-1, -7.5133705d-1, -6.6992975d-1,
     : -5.9307752d-1, -5.2144372d-1, -4.5544260d-1, -3.9527415d-1,
     : -3.4095975d-1, -2.9237691d-1, -2.4929202d-1, -2.1139000d-1,
     : -1.7830047d-1, -1.4962005d-1, -1.2493093d-1, -1.0381578d-1,
     : -8.5869192d-2, -7.0706089d-2, -5.7967450d-2, -4.7323832d-2,
     : -3.8477109d-2, -3.1160792d-2, -2.5139292d-2, -2.0206419d-2,
     : -1.6183370d-2, -1.2916410d-2, -1.0274397d-2, -8.1462862d-3,
     : -6.4386923d-3, -5.0735868d-3, -3.9861678d-3, -3.1229265d-3,
     : -2.4399181d-3, -1.9012385d-3, -1.4776967d-3, -1.1456706d-3,
     : -8.8613018d-4, -6.8380945d-4, -5.2651191d-4, -4.0453091d-4,
     : -3.1016995d-4, -2.3734795d-4, -1.8127648d-4, -1.3819716d-4,
     : -1.0516928d-4, -7.9898803d-5, -6.0601255d-5, -4.5892366d-5,
     : -3.4701108d-5, -2.6200887d-5, -1.9755284d-5, -1.4875419d-5,
     : -1.1186573d-5, -8.4021273d-6, -6.3032941d-6, -4.7233811d-6,
     : -3.5356219d-6, -2.6437822d-6, -1.9749291d-6, -1.4738782d-6,
     : -1.0989391d-6, -8.1866206d-7, -6.0935605d-7, -4.5319896d-7,
     : -3.3680098d-7, -2.5011472d-7, -1.8560979d-7, -1.3764867d-7,
     : -1.0201544d-7, -7.5560582d-8, -5.5933560d-8, -4.1381780d-8,
     : -3.0599667d-8, -2.2615485d-8, -1.6706563d-8, -1.2335882d-8,
     : -9.1046786d-9, -6.7170615d-9, -4.9536219d-9, -3.6517688d-9,
     : -2.6910902d-9, -1.9824626d-9, -1.4599581d-9, -1.0748327d-9,
     : -7.9106576d-10, -5.8205149d-10, -4.2814694d-10, -3.1485611d-10,
     : -2.3148570d-10, -1.7015064d-10, -1.2503876d-10, -9.1867393d-11,
     : -6.7481929d-11, -4.9559433d-11, -3.6389912d-11, -2.6714947d-11,
     : -1.9608699d-11, -1.4390191d-11, -1.0558679d-11, -7.7460352d-12,
     : -5.6816910d-12, -4.1668236d-12, -3.0553638d-12, -2.2400198d-12,
     : -1.6419984d-12, -1.2034452d-12, -8.8188800d-13, -6.4615225d-13,
     : -4.7335980d-13, -3.4672388d-13, -2.5392928d-13, -1.8594274d-13,
     : -1.3613940d-13, -9.9661490d-14, -7.2947533d-14, -5.3386847d-14,
     : -3.9066016d-14, -2.8582874d-14, -2.0910062d-14, -1.5294953d-14,
     : -1.1186264d-14, -8.1802546d-15, -5.9812800d-15, -4.3728815d-15,
     : -3.1965997d-15, -2.3364500d-15, -1.7075486d-15, -1.2477821d-15,
     : -9.1170464d-16, -6.6607024d-16, -4.8656069d-16, -3.5539050d-16,
     : -2.5955361d-16, -1.8954026d-16, -1.3839796d-16, -1.0104442d-16,
     : -7.3764962d-17, -5.3844788d-17, -3.9300098d-17, -2.8681420d-17,
     : -2.0929813d-17, -1.5271735d-17, -1.1142185d-17, -8.1285284d-18,
     : -5.9294401d-18, -4.3249019d-18, -3.1542801d-18, -2.3003096d-18,
     : -1.6773935d-18, -1.2230575d-18, -8.9170786d-19, -6.5007393d-19,
     : -4.7387950d-19, -3.4541300d-19, -2.5175355d-19, -1.8347600d-19,
     : -1.3370580d-19, -9.7429197d-20, -7.0989878d-20, -5.1721694d-20,
     : -3.7680669d-20, -2.7449509d-20, -1.9994990d-20, -1.4563944d-20,
     : -1.0607391d-20, -7.7252114d-21, -5.6258089d-21, -4.0966882d-21,
     : -2.9830098d-21, -2.1719549d-21, -1.5813275d-21, -1.1512462d-21,
     : -8.3808969d-22, -6.1008335d-22, -4.4408361d-22, -3.2323450d-22,
     : -2.3526024d-22, -1.7122128d-22, -1.2460796d-22, -9.0680343d-23,
     : -6.5987294d-23, -4.8016197d-23, -3.4937831d-23, -2.5420572d-23,
     : -1.8495087d-23, -1.3455800d-23, -9.7891561d-24, -7.1213774d-24,
     : -5.1804347d-24, -3.7683594d-24, -2.7410866d-24, -1.9937834d-24,
     : -1.4501682d-24, -1.0547376d-24, -7.6710798d-25, -5.5789831d-25,
     : -4.0573312d-25, -2.9506193d-25, -2.1457226d-25, -1.5603501d-25,
     : -1.1346425d-25, -8.2505886d-26, -5.9992932d-26, -4.3621933d-26,
     : -3.1717561d-26, -2.3061369d-26, -1.6767225d-26, -1.2190695d-26,
     : -8.8631340d-27, -6.4437407d-27, -4.6846924d-27, -3.4057811d-27,
     : -2.4759699d-27, -1.7999786d-27, -1.3085279d-27, -9.5124558d-28,
     : -6.9150717d-28, -5.0268441d-28, -3.6541736d-28, -2.6563072d-28,
     : -1.9309147d-28, -1.4036017d-28, -1.0202838d-28, -7.4164276d-29,
     : -5.3909518d-29, -3.9186221d-29, -2.8483861d-29, -2.0704378d-29,
     : -1.5049555d-29, -1.0939150d-29, -7.9513740d-30, -5.7796269d-30,
     : -4.2010389d-30, -3.0536072d-30, -2.2195732d-30, -1.6133398d-30,
     : -1.1726884d-30, -8.5239327d-31, -6.1958128d-31, -4.5035781d-31,
     : -3.2735464d-31, -2.3794739d-31, -1.7295984d-31, -1.2572212d-31,
     : -9.1386176d-32, -6.6428110d-32, -4.8286541d-32, -3.5099695d-32,
     : -2.5514312d-32, -1.8546751d-32, -1.3482038d-32, -9.8004753d-33,
     : -7.1243106d-33, -5.1789638d-33, -3.7648477d-33, -2.7368858d-33,
     : -1.9896232d-33, -1.4464056d-33, -1.0515129d-33, -7.6444210d-34,
     : -5.5575096d-34, -4.0403749d-34, -2.9374405d-34, -2.1356134d-34,
     : -1.5526820d-34/
      data psiv_2 /
     : -7.6609236d-7, -2.3520111d-6, -6.6881994d-6, -1.7708161d-5,
     : -4.3868610d-5, -1.0214622d-4, -2.2449723d-4, -4.6754366d-4,
     : -9.2605555d-4, -1.7503460d-3, -3.1669852d-3, -5.5013422d-3,
     : -9.1995322d-3, -1.4846568d-2, -2.3176975d-2, -3.5074384d-2,
     : -5.1559980d-2, -7.3769770d-2, -1.0292020d-1, -1.4026075d-1,
     : -1.8700885d-1, -2.4425733d-1, -3.1283764d-1, -3.9311517d-1,
     : -4.8469399d-1, -5.8609803d-1, -6.9456817d-1, -8.0600011d-1,
     : -9.1505876d-1, -1.0154997d0, -1.1006169d0, -1.1636906d0,
     : -1.1984532d0, -1.1995538d0, -1.1629897d0, -1.0865036d0,
     : -9.6993441d-1, -8.1543869d-1, -6.2753737d-1, -4.1297069d-1,
     : -1.8036159d-1, 6.0281261d-2, 2.9816547d-1, 5.2237193d-1,
     : 7.2252106d-1, 8.8939723d-1, 1.0154833d0, 1.0953662d0,
     : 1.1259883d0, 1.1067344d0, 1.0393589d0, 9.2776951d-1,
     : 7.7769384d-1, 5.9625964d-1, 3.9152694d-1, 1.7200809d-1,
     : -5.3791322d-2, -2.7778473d-1, -4.9264909d-1, -6.9208842d-1,
     : -8.7101054d-1, -1.0256192d0, -1.1534274d0, -1.2532029d0,
     : -1.3248575d0, -1.3692969d0, -1.3882431d0, -1.3840460d0,
     : -1.3594940d0, -1.3176361d0, -1.2616220d0, -1.1945669d0,
     : -1.1194420d0, -1.0389910d0, -9.5567094d-1, -8.7161679d-1,
     : -7.8862548d-1, -7.0815684d-1, -6.3134782d-1, -5.5903652d-1,
     : -4.9179307d-1, -4.2995461d-1, -3.7366157d-1, -3.2289348d-1,
     : -2.7750281d-1, -2.3724594d-1, -2.0181062d-1, -1.7083966d-1,
     : -1.4395078d-1, -1.2075275d-1, -1.0085815d-1, -8.3892986d-2,
     : -6.9503667d-2, -5.7361573d-2, -4.7165778d-2, -3.8644225d-2,
     : -3.1553735d-2, -2.5679139d-2, -2.0831797d-2, -1.6847707d-2,
     : -1.3585391d-2, -1.0923667d-2, -8.7594327d-3, -7.0055050d-3,
     : -5.5885902d-3, -4.4474037d-3, -3.5309632d-3, -2.7970606d-3,
     : -2.2109101d-3, -1.7439658d-3, -1.3728980d-3, -1.0787145d-3,
     : -8.4601067d-4, -6.6233576d-4, -5.1765978d-4, -4.0392822d-4,
     : -3.1469233d-4, -2.4480368d-4, -1.9016307d-4, -1.4751513d-4,
     : -1.1428097d-4, -8.8422362d-5, -6.8332016d-5, -5.2745149d-5,
     : -4.0668526d-5, -3.1323668d-5, -2.4101553d-5, -1.8526562d-5,
     : -1.4227893d-5, -1.0916919d-5, -8.3693275d-6, -6.4110414d-6,
     : -4.9071590d-6, -3.7532766d-6, -2.8686972d-6, -2.1911230d-6,
     : -1.6725164d-6, -1.2758766d-6, -9.7273417d-7, -7.4120598d-7,
     : -5.6448756d-7, -4.2968630d-7, -3.2691945d-7, -2.4861771d-7,
     : -1.8898826d-7, -1.4360118d-7, -1.0907119d-7, -8.2813080d-8,
     : -6.2853897d-8, -4.7688870d-8, -3.6170973d-8, -2.7426356d-8,
     : -2.0789637d-8, -1.5754415d-8, -1.1935475d-8, -9.0399116d-9,
     : -6.8451104d-9, -5.1819462d-9, -3.9219818d-9, -2.9677149d-9,
     : -2.2451538d-9, -1.6981669d-9, -1.2841854d-9, -9.7093589d-10,
     : -7.3395755d-10, -5.5471596d-10, -4.1917097d-10, -3.1668959d-10,
     : -2.3922108d-10, -1.8067128d-10, -1.3642805d-10, -1.0300161d-10,
     : -7.7751904d-11, -5.8682092d-11, -4.4282135d-11, -3.3410333d-11,
     : -2.5203635d-11, -1.9009757d-11, -1.4335795d-11, -1.0809353d-11,
     : -8.1491281d-12, -6.1426666d-12, -4.6295409d-12, -3.4886300d-12,
     : -2.6285045d-12, -1.9801595d-12, -1.4915234d-12, -1.1233089d-12,
     : -8.4587927d-13, -6.3688113d-13, -4.7945736d-13, -3.6089760d-13,
     : -2.7161964d-13, -2.0440065d-13, -1.5379707d-13, -1.1570692d-13,
     : -8.7039586d-14, -6.5466822d-14, -4.9234939d-14, -3.7023204d-14,
     : -2.7837086d-14, -2.0927794d-14, -1.5731632d-14, -1.1824300d-14,
     : -8.8864676d-15, -6.6778348d-15, -5.0175956d-15, -3.7697264d-15,
     : -2.8319062d-15, -2.1271763d-15, -1.5976599d-15, -1.1998367d-15,
     : -9.0098491d-16, -6.7650528d-16, -5.0790654d-16, -3.8129054d-16,
     : -2.8621244d-16, -2.1482356d-16, -1.6122666d-16, -1.2099127d-16,
     : -9.0789168d-17, -6.8120452d-17, -5.1107556d-17, -3.8340470d-17,
     : -2.8760412d-17, -2.1572413d-17, -1.6179643d-17, -1.2134066d-17,
     : -9.0993740d-18, -6.8231524d-18, -5.1159655d-18, -3.8356565d-18,
     : -2.8755568d-18, -2.1556334d-18, -1.6158431d-18, -1.2111427d-18,
     : -9.0774507d-19, -6.8030784d-19, -5.0982439d-19, -3.8204089d-19,
     : -2.8626862d-19, -2.1449286d-19, -1.6070437d-19, -1.2039787d-19,
     : -9.0195886d-20, -6.7566588d-20, -5.0612187d-20, -3.7910246d-20,
     : -2.8394680d-20, -2.1266536d-20, -1.5927090d-20, -1.1927695d-20,
     : -8.9321813d-21, -6.6886722d-21, -5.0084597d-21, -3.7501688d-21,
     : -2.8078914d-21, -2.1022923d-21, -1.5739455d-21, -1.1783398d-21,
     : -8.8213721d-22, -6.6036935d-22, -4.9433721d-22, -3.7003755d-22,
     : -2.7698408d-22, -2.0732459d-22, -1.5517945d-22, -1.1614633d-22,
     : -8.6929066d-23, -6.5059878d-23, -4.8691214d-23, -3.6439928d-23,
     : -2.7270579d-23, -2.0408053d-23, -1.5272128d-23, -1.1428486d-23,
     : -8.5520341d-24, -6.3994418d-24, -4.7885840d-24, -3.5831489d-24,
     : -2.6811167d-24, -2.0061346d-24, -1.5010607d-24, -1.1231317d-24,
     : -8.4034516d-25, -6.2875242d-25, -4.7043209d-25, -3.5197342d-25,
     : -2.6334119d-25, -1.9702624d-25, -1.4740969d-25, -1.1028718d-25,
     : -8.2512811d-26, -6.1732719d-26, -4.6185690d-26, -3.4553957d-26,
     : -2.5851562d-26, -1.9340813d-26, -1.4469780d-26, -1.0825518d-26,
     : -8.0990733d-27, -6.0592952d-27, -4.5332465d-27, -3.3915427d-27,
     : -2.5373844d-27, -1.8983511d-27, -1.4202617d-27, -1.0625810d-27,
     : -7.9498302d-28, -5.9477953d-28, -4.4499672d-28, -3.3293579d-28,
     : -2.4909631d-28, -1.8637064d-28, -1.3944126d-28, -1.0432995d-28,
     : -7.8060400d-29, -5.8405922d-29, -4.3700615d-29, -3.2698137d-29,
     : -2.4466027d-29, -1.8306660d-29, -1.3698096d-29, -1.0249836d-29,
     : -7.6697192d-30, -5.7391562d-30, -4.2946013d-30, -3.2136908d-30,
     : -2.4048717d-30, -1.7996437d-30, -1.3467535d-30/
      data psiv_3 /
     : -1.5884956d-6, -4.8425137d-6, -1.3666191d-5, -3.5890820d-5,
     : -8.8142185d-5, -2.0333074d-4, -4.4244011d-4, -9.1163322d-4,
     : -1.7850873d-3, -3.3328626d-3, -5.9515775d-3, -1.0193929d-2,
     : -1.6791540d-2, -2.6664646d-2, -4.0911928d-2, -6.0775322d-2,
     : -8.7581689d-2, -1.2266410d-1, -1.6726538d-1, -2.2242578d-1,
     : -2.8885265d-1, -3.6676342d-1, -4.5568668d-1, -5.5420157d-1,
     : -6.5960629d-1, -7.6763679d-1, -8.7243604d-1, -9.6678479d-1,
     : -1.0426031d0, -1.0917069d0, -1.1066618d0, -1.0815507d0,
     : -1.0126465d0, -8.9894770d-1, -7.4252321d-1, -5.4865116d-1,
     : -3.2572253d-1, -8.4851632d-2, 1.6080297d-1, 3.9695670d-1,
     : 6.0927085d-1, 7.8446451d-1, 9.1135581d-1, 9.8174480d-1,
     : 9.9106122d-1, 9.3871751d-1, 8.2813979d-1, 6.6648140d-1,
     : 4.6405503d-1, 2.3354368d-1, -1.0932387d-2, -2.5480839d-1,
     : -4.8404480d-1, -6.8599908d-1, -8.5013897d-1, -9.6855710d-1,
     : -1.0362677d0, -1.0512845d0, -1.0144964d0, -9.2937109d-1,
     : -8.0152880d-1, -6.3823050d-1, -4.4782492d-1, -2.3919582d-1,
     : -2.1245605d-2, 1.9755640d-1, 4.0954156d-1, 6.0811471d-1,
     : 7.8792962d-1, 9.4497174d-1, 1.0765589d0, 1.1812741d0,
     : 1.2588466d0, 1.3099948d0, 1.3362480d0, 1.3397590d0, 1.3231199d0,
     : 1.2891900d0, 1.2409416d0, 1.1813295d0, 1.1131849d0, 1.0391357d0,
     : 9.6155007d-1, 8.8250179d-1, 8.0375422d-1, 7.2675963d-1,
     : 6.5267082d-1, 5.8236173d-1, 5.1645435d-1, 4.5534921d-1,
     : 3.9925766d-1, 3.4823411d-1, 3.0220675d-1, 2.6100589d-1,
     : 2.2438933d-1, 1.9206441d-1, 1.6370678d-1, 1.3897589d-1,
     : 1.1752745d-1, 9.9023115d-2, 8.3137743d-2, 6.9564570d-2,
     : 5.8018598d-2, 4.8238528d-2, 3.9987534d-2, 3.3053148d-2,
     : 2.7246483d-2, 2.2400995d-2, 1.8370936d-2, 1.5029630d-2,
     : 1.2267676d-2, 9.9911463d-3, 8.1198436d-3, 6.5856394d-3,
     : 5.3309327d-3, 4.3072391d-3, 3.4739168d-3, 2.7970310d-3,
     : 2.2483510d-3, 1.8044721d-3, 1.4460542d-3, 1.1571651d-3,
     : 9.2471808d-4, 7.3799349d-4, 5.8823352d-4, 4.6830092d-4,
     : 3.7239280d-4, 2.9580173d-4, 2.3471703d-4, 1.8606018d-4,
     : 1.4734891d-4, 1.1658537d-4, 9.2164365d-5, 7.2798332d-5,
     : 5.7456088d-5, 4.5313026d-5, 3.5710668d-5, 2.8123904d-5,
     : 2.2134523d-5, 1.7409859d-5, 1.3685599d-5, 1.0751973d-5,
     : 8.4426759d-6, 6.6259906d-6, 5.1976958d-6, 4.0754003d-6,
     : 3.1940268d-6, 2.5022152d-6, 1.9594629d-6, 1.5338530d-6,
     : 1.2002517d-6, 9.3887981d-7, 7.3418177d-7, 5.7393078d-7,
     : 4.4852204d-7, 3.5041448d-7, 2.7369038d-7, 2.1370817d-7,
     : 1.6682891d-7, 1.3020097d-7, 1.0159061d-7, 7.9248804d-8,
     : 6.1806576d-8, 4.8192794d-8, 3.7569661d-8, 2.9282094d-8,
     : 2.2818040d-8, 1.7777359d-8, 1.3847457d-8, 1.0784194d-8,
     : 8.3969447d-9, 6.5368998d-9, 5.0879202d-9, 3.9593845d-9,
     : 3.0805977d-9, 2.3964213d-9, 1.8638598d-9, 1.4493930d-9,
     : 1.1268934d-9, 8.7600038d-10, 6.8085000d-10, 5.2908473d-10,
     : 4.1108023d-10, 3.1934231d-10, 2.4803659d-10, 1.9262178d-10,
     : 1.4956372d-10, 1.1611259d-10, 9.0129175d-11, 6.9949631d-11,
     : 5.4280056d-11, 4.2114422d-11, 3.2670666d-11, 2.5340931d-11,
     : 1.9652846d-11, 1.5239387d-11, 1.1815431d-11, 9.1595147d-12,
     : 7.0996519d-12, 5.5022987d-12, 4.2637783d-12, 3.3036135d-12,
     : 2.5593449d-12, 1.9825046d-12, 1.5354870d-12, 1.1891195d-12,
     : 9.2077391d-13, 7.1290142d-13, 5.5189402d-13, 4.2720114d-13,
     : 3.3064382d-13, 2.5588242d-13, 1.9800369d-13, 1.5320032d-13,
     : 1.1852238d-13, 9.1684540d-14, 7.0916553d-14, 5.4847348d-14,
     : 4.2415137d-14, 3.2797751d-14, 2.5358638d-14, 1.9605014d-14,
     : 1.5155437d-14, 1.1714683d-14, 9.0542837d-15, 6.9974500d-15,
     : 5.4073982d-15, 4.1783077d-15, 3.2283207d-15, 2.4941225d-15,
     : 1.9267457d-15, 1.4883231d-15, 1.1495738d-15, 8.8785890d-16,
     : 6.8567636d-16, 5.2949657d-16, 4.0886178d-16, 3.1568932d-16,
     : 2.4373276d-16, 1.8816514d-16, 1.4525674d-16, 1.1212588d-16,
     : 8.6546307d-17, 6.6798217d-17, 5.1553181d-17, 3.9785142d-17,
     : 3.0701654d-17, 2.3690742d-17, 1.8279829d-17, 1.4104014d-17,
     : 1.0881557d-17, 8.3949409d-18, 6.4762418d-18, 4.9958322d-18,
     : 3.8536525d-18, 2.9724715d-18, 2.2926821d-18, 1.7682819d-18,
     : 1.3637703d-18, 1.0517523d-18, 8.1108961d-19, 6.2547186d-19,
     : 4.8231504d-19, 3.7191050d-19, 2.8676831d-19, 2.2111055d-19,
     : 1.7048016d-19, 1.3143916d-19, 1.0133576d-19, 7.8124673d-20,
     : 6.0228446d-20, 4.6430520d-20, 3.5792689d-20, 2.7591446d-20,
     : 2.1268869d-20, 1.6394742d-20, 1.2637334d-20, 9.7408633d-21,
     : 7.5081165d-21, 5.7870407d-21, 4.4604070d-21, 3.4378368d-21,
     : 2.6496546d-21, 2.0421466d-21, 1.5739054d-21, 1.2130111d-21,
     : 9.3485831d-22, 7.2048018d-22, 5.5525682d-22, 4.2791920d-22,
     : 3.2978131d-22, 2.5414820d-22, 1.9585974d-22, 1.5093877d-22,
     : 1.1631997d-22, 8.9640845d-23, 6.9080610d-23, 5.3235984d-23,
     : 4.1025477d-23, 3.1615611d-23, 2.4364046d-23, 1.8775758d-23,
     : 1.4469253d-23, 1.1150533d-23, 8.5930301d-24, 6.6221427d-24,
     : 5.1033170d-24, 3.9328616d-24, 3.0308691d-24, 2.3357610d-24,
     : 1.8000833d-24, 1.3872670d-24, 1.0691314d-24, 8.2395958d-25,
     : 6.3501623d-25, 4.8940466d-25, 3.7718636d-25, 2.9070248d-25,
     : 2.2405086d-25, 1.7268312d-25, 1.3309408d-25, 1.0258254d-25,
     : 7.9066817d-26, 6.0942655d-26, 4.6973728d-26, 3.6207242d-26,
     : 2.7908908d-26, 2.1512824d-26, 1.6582859d-26, 1.2782888d-26,
     : 9.8538594d-27/
      data psiv_4 /
     : -2.8605790d-6, -8.6636725d-6, -2.4279323d-5, -6.3286358d-5,
     : -1.5417425d-4, -3.5259709d-4, -7.6016053d-4, -1.5507910d-3,
     : -3.0044149d-3, -5.5455680d-3, -9.7819022d-3, -1.6534873d-2,
     : -2.6852902d-2, -4.1996775d-2, -6.3388134d-2, -9.2516103d-2,
     : -1.3080966d-1, -1.7948553d-1, -2.3938156d-1, -3.1078513d-1,
     : -3.9326029d-1, -4.8547015d-1, -5.8498466d-1, -6.8806328d-1,
     : -7.8942220d-1, -8.8215630d-1, -9.5804865d-1, -1.0082288d0,
     : -1.0241234d0, -9.9859914d-1, -9.2705673d-1, -8.0824572d-1,
     : -6.4477838d-1, -4.4329496d-1, -2.1424614d-1, 2.8697489d-2,
     : 2.6959392d-1, 4.9150068d-1, 6.7795656d-1, 8.1451809d-1,
     : 8.9017185d-1, 8.9845073d-1, 8.3813365d-1, 7.1346367d-1,
     : 5.3385843d-1, 3.1313746d-1, 6.8348312d-2, -1.8168582d-1,
     : -4.1794800d-1, -6.2278326d-1, -7.8128339d-1, -8.8238239d-1,
     : -9.1957889d-1, -8.9124351d-1, -8.0051264d-1, -6.5480944d-1,
     : -4.6506316d-1, -2.4471641d-1, -8.6206238d-3, 2.2808035d-1,
     : 4.5098881d-1, 6.4734212d-1, 8.0670110d-1, 9.2140893d-1,
     : 9.8681383d-1, 1.0012681d0, 9.6593230d-1, 8.8442375d-1,
     : 7.6235526d-1, 6.0681075d-1, 4.2580241d-1, 2.2774751d-1,
     : 2.0994191d-2, -1.8658223d-1, -3.8789875d-1, -5.7689442d-1,
     : -7.4867146d-1, -8.9955443d-1, -1.0270781d0, -1.1299171d0,
     : -1.2077720d0, -1.2612260d0, -1.2915854d0, -1.3007150d0,
     : -1.2908768d0, -1.2645811d0, -1.2244529d0, -1.1731191d0,
     : -1.1131158d0, -1.0468170d0, -9.7638423d-1, -9.0373386d-1,
     : -8.3052084d-1, -7.5813518d-1, -6.8770896d-1, -6.2013113d-1,
     : -5.5606794d-1, -4.9598679d-1, -4.4018195d-1, -3.8880060d-1,
     : -3.4186825d-1, -2.9931272d-1, -2.6098605d-1, -2.2668390d-1,
     : -1.9616245d-1, -1.6915272d-1, -1.4537240d-1, -1.2453546d-1,
     : -1.0635965d-1, -9.0572175d-2, -7.6913892d-2, -6.5142119d-2,
     : -5.5032378d-2, -4.6379241d-2, -3.8996460d-2, -3.2716583d-2,
     : -2.7390175d-2, -2.2884781d-2, -1.9083715d-2, -1.5884762d-2,
     : -1.3198844d-2, -1.0948703d-2, -9.0676306d-3, -7.4982636d-3,
     : -6.1914642d-3, -5.1052920d-3, -4.2040700d-3, -3.4575451d-3,
     : -2.8401395d-3, -2.3302884d-3, -1.9098586d-3, -1.5636396d-3,
     : -1.2789026d-3, -1.0450190d-3, -8.5313257d-4, -6.9587844d-4,
     : -5.6714330d-4, -4.6186181d-4, -3.7584399d-4, -3.0562946d-4,
     : -2.4836468d-4, -2.0169994d-4, -1.6370296d-4, -1.3278683d-4,
     : -1.0764983d-4, -8.7225425d-5, -7.0640722d-5, -5.7182051d-5,
     : -4.6266492d-5, -3.7418368d-5, -3.0249851d-5, -2.4444996d-5,
     : -1.9746621d-5, -1.5945533d-5, -1.2871688d-5, -1.0386964d-5,
     : -8.3792348d-6, -6.7575332d-6, -5.4481015d-6, -4.3911675d-6,
     : -3.5383178d-6, -2.8503583d-6, -2.2955737d-6, -1.8483115d-6,
     : -1.4878315d-6, -1.1973723d-6, -9.6339285d-7, -7.7495753d-7,
     : -6.2323811d-7, -5.0110984d-7, -4.0282450d-7, -3.2374569d-7,
     : -2.6013481d-7, -2.0897795d-7, -1.6784604d-7, -1.3478188d-7,
     : -1.0820887d-7, -8.6857287d-8, -6.9704821d-8, -5.5928560d-8,
     : -4.4866255d-8, -3.5985079d-8, -2.8856432d-8, -2.3135634d-8,
     : -1.8545556d-8, -1.4863430d-8, -1.1910227d-8, -9.5420969d-9,
     : -7.6434861d-9, -6.1215870d-9, -4.9018778d-9, -3.9245319d-9,
     : -3.1415296d-9, -2.5143364d-9, -2.0120350d-9, -1.6098246d-9,
     : -1.2878150d-9, -1.0300569d-9, -8.2376392d-10, -6.5868697d-10,
     : -5.2661240d-10, -4.2095894d-10, -3.3645421d-10, -2.6887518d-10,
     : -2.1483986d-10, -1.7164034d-10, -1.3710873d-10, -1.0950980d-10,
     : -8.7454849d-11, -6.9832683d-11, -5.5754299d-11, -4.4508572d-11,
     : -3.5526752d-11, -2.8354026d-11, -2.2626752d-11, -1.8054223d-11,
     : -1.4404073d-11, -1.1490597d-11, -9.1654016d-12, -7.3099230d-12,
     : -5.8294468d-12, -4.6483190d-12, -3.7061189d-12, -2.9545981d-12,
     : -2.3552332d-12, -1.8772695d-12, -1.4961575d-12, -1.1923034d-12,
     : -9.5007037d-13, -7.5698114d-13, -6.0308063d-13, -4.8042710d-13,
     : -3.8268562d-13, -3.0480357d-13, -2.4275152d-13, -1.9331635d-13,
     : -1.5393616d-13, -1.2256850d-13, -9.7585197d-14, -7.7688471d-14,
     : -6.1843984d-14, -4.9227443d-14, -3.9182012d-14, -3.1184335d-14,
     : -2.4817453d-14, -1.9749203d-14, -1.5714995d-14, -1.2504084d-14,
     : -9.9486259d-15, -7.9149574d-15, -6.2966412d-15, -5.0089285d-15,
     : -3.9843444d-15, -3.1691710d-15, -2.5206461d-15, -2.0047308d-15,
     : -1.5943323d-15, -1.2678878d-15, -1.0082370d-15, -8.0172382d-16,
     : -6.3748199d-16, -5.0686535d-16, -4.0299476d-16, -3.2039733d-16,
     : -2.5471916d-16, -2.0249680d-16, -1.6097523d-16, -1.2796312d-16,
     : -1.0171759d-16, -8.0852467d-17, -6.4265367d-17, -5.1079630d-17,
     : -4.0598131d-17, -3.2266540d-17, -2.5644092d-17, -2.0380336d-17,
     : -1.6196640d-17, -1.2871483d-17, -1.0228756d-17, -8.1284559d-18,
     : -6.4592906d-18, -5.1327910d-18, -4.0786346d-18, -3.2409246d-18,
     : -2.5752325d-18, -2.0462457d-18, -1.6258983d-18, -1.2918846d-18,
     : -1.0264769d-18, -8.1558691d-19, -6.4801836d-19, -5.1487382d-19,
     : -4.0908273d-19, -3.2502648d-19, -2.5824029d-19, -2.0517636d-19,
     : -1.6301557d-19, -1.2951788d-19, -1.0290336d-19, -8.1757770d-20,
     : -6.4957379d-20, -5.1609340d-20, -4.1004247d-20, -3.2578453d-20,
     : -2.5884126d-20, -2.0565456d-20, -1.6339746d-20, -1.2982393d-20,
     : -1.0314947d-20, -8.1956306d-21, -6.5118024d-21, -5.1739691d-21,
     : -4.1110290d-21, -3.2664924d-21, -2.5954787d-21, -2.0623306d-21,
     : -1.6387187d-21, -1.3021353d-21, -1.0346982d-21, -8.2219992d-22,
     : -6.5335255d-22, -5.1918776d-22, -4.1258008d-22, -3.2786819d-22,
     : -2.6055403d-22, -2.0706372d-22, -1.6455770d-22, -1.3077978d-22,
     : -1.0393730d-22, -8.2605869d-23, -6.5653712d-23/
      data psiv_5 /
     : -4.5784012d-6, -1.3784356d-5, -3.8384602d-5, -9.9371977d-5,
     : -2.4031506d-4, -5.4529106d-4, -1.1656883d-3, -2.3565941d-3,
     : -4.5211690d-3, -8.2580375d-3, -1.4402829d-2, -2.4051529d-2,
     : -3.8551420d-2, -5.9446224d-2, -8.8365763d-2, -1.2685859d-1,
     : -1.7618551d-1, -2.3709528d-1, -3.0960369d-1, -3.9279585d-1,
     : -4.8466326d-1, -5.8197735d-1, -6.8019498d-1, -7.7339321d-1,
     : -8.5425754d-1, -9.1432102d-1, -9.4467665d-1, -9.3704240d-1,
     : -8.8503034d-1, -7.8542669d-1, -6.3917873d-1, -4.5186075d-1,
     : -2.3361523d-1, 1.4324212d-3, 2.3624772d-1, 4.5236000d-1,
     : 6.3162351d-1, 7.5810107d-1, 8.1984713d-1, 8.1035984d-1,
     : 7.2949596d-1, 5.8371119d-1, 3.8559276d-1, 1.5273702d-1,
     : -9.3911408d-2, -3.3207947d-1, -5.4031836d-1, -7.0005233d-1,
     : -7.9730475d-1, -8.2392754d-1, -7.7822414d-1, -6.6492810d-1,
     : -4.9456986d-1, -2.8232746d-1, -4.6505536d-2, 1.9318564d-1,
     : 4.1737382d-1, 6.0862749d-1, 7.5278146d-1, 8.3988891d-1,
     : 8.6474924d-1, 8.2700626d-1, 7.3084980d-1, 5.8438536d-1,
     : 3.9875923d-1, 1.8713668d-1, -3.6368198d-2, -2.5772136d-1,
     : -4.6388219d-1, -6.4354695d-1, -7.8768975d-1, -8.8988996d-1,
     : -9.4645189d-1, -9.5633714d-1, -9.2094074d-1, -8.4374856d-1,
     : -7.2991604d-1, -5.8580707d-1, -4.1852844d-1, -2.3548921d-1,
     : -4.4007973d-2, 1.4901693d-1, 3.3736567d-1, 5.1568134d-1,
     : 6.7958284d-1, 8.2571239d-1, 9.5172684d-1, 1.0562431d0,
     : 1.1387487d0, 1.1994890d0, 1.2393405d0, 1.2596801d0, 1.2622562d0,
     : 1.2490686d0, 1.2222591d0, 1.1840173d0, 1.1365018d0, 1.0817768d0,
     : 1.0217651d0, 9.5821416d-1, 8.9267564d-1, 8.2649595d-1,
     : 7.6081539d-1, 6.9657448d-1, 6.3452547d-1, 5.7524752d-1,
     : 5.1916425d-1, 4.6656248d-1, 4.1761118d-1, 3.7238008d-1,
     : 3.3085727d-1, 2.9296563d-1, 2.5857753d-1, 2.2752779d-1,
     : 1.9962491d-1, 1.7466048d-1, 1.5241706d-1, 1.3267451d-1,
     : 1.1521508d-1, 9.9827265d-2, 8.6308686d-2, 7.4468113d-2,
     : 6.4126782d-2, 5.5119141d-2, 4.7293120d-2, 4.0510053d-2,
     : 3.4644318d-2, 2.9582778d-2, 2.5224087d-2, 2.1477906d-2,
     : 1.8264063d-2, 1.5511704d-2, 1.3158451d-2, 1.1149578d-2,
     : 9.4372317d-3, 7.9796951d-3, 6.7407067d-3, 5.6888293d-3,
     : 4.7968774d-3, 4.0413969d-3, 3.4021978d-3, 2.8619355d-3,
     : 2.4057393d-3, 2.0208823d-3, 1.6964916d-3, 1.4232931d-3,
     : 1.1933883d-3, 1.0000603d-3, 8.3760460d-4, 7.0118271d-4,
     : 5.8669565d-4, 4.9067477d-4, 4.1018795d-4, 3.4275904d-4,
     : 2.8629898d-4, 2.3904683d-4, 1.9951954d-4, 1.6646905d-4,
     : 1.3884591d-4, 1.1576827d-4, 9.6495645d-5, 8.0406648d-5,
     : 6.6980155d-5, 5.5779379d-5, 4.6438427d-5, 3.8650948d-5,
     : 3.2160573d-5, 2.6752860d-5, 2.2248517d-5, 1.8497702d-5,
     : 1.5375236d-5, 1.2776578d-5, 1.0614448d-5, 8.8160043d-6,
     : 7.3204721d-6, 6.0771601d-6, 5.0438006d-6, 4.1851607d-6,
     : 3.4718799d-6, 2.8794990d-6, 2.3876471d-6, 1.9793639d-6,
     : 1.6405321d-6, 1.3594045d-6, 1.1262085d-6, 9.3281673d-7,
     : 7.7247159d-7, 6.3955607d-7, 5.2940236d-7, 4.3813253d-7,
     : 3.6252563d-7, 2.9990709d-7, 2.4805657d-7, 2.0513128d-7,
     : 1.6960218d-7, 1.4020079d-7, 1.1587512d-7, 9.5752856d-8,
     : 7.9110886d-8, 6.5349889d-8, 5.3973264d-8, 4.4569610d-8,
     : 3.6798187d-8, 3.0376836d-8, 2.5071958d-8, 2.0690199d-8,
     : 1.7071546d-8, 1.4083605d-8, 1.1616859d-8, 9.5807277d-9,
     : 7.9003118d-9, 6.5136878d-9, 5.3696706d-9, 4.4259587d-9,
     : 3.6475989d-9, 3.0057150d-9, 2.4764553d-9, 2.0401222d-9,
     : 1.6804508d-9, 1.3840134d-9, 1.1397266d-9, 9.3844287d-10,
     : 7.7261431d-10, 6.3601350d-10, 5.2350341d-10, 4.3084713d-10,
     : 3.5455068d-10, 2.9173314d-10, 2.4001945d-10, 1.9745185d-10,
     : 1.6241680d-10, 1.3358465d-10, 1.0985983d-10, 9.0339738d-11,
     : 7.4280904d-11, 6.1070969d-11, 5.0205645d-11, 4.1269692d-11,
     : 3.3921237d-11, 2.7878841d-11, 2.2910846d-11, 1.8826593d-11,
     : 1.5469181d-11, 1.2709507d-11, 1.0441349d-11, 8.5773251d-12,
     : 7.0455552d-12, 5.7869193d-12, 4.7527968d-12, 3.9032055d-12,
     : 3.2052706d-12, 2.6319632d-12, 2.1610633d-12, 1.7743057d-12,
     : 1.4566775d-12, 1.1958400d-12, 9.8165330d-13, 8.0578523d-13,
     : 6.6138946d-13, 5.4284108d-13, 4.4551906d-13, 3.6562737d-13,
     : 3.0004790d-13, 2.4621960d-13, 2.0203910d-13, 1.6577906d-13,
     : 1.3602101d-13, 1.1160021d-13, 9.1560336d-14, 7.5116212d-14,
     : 6.1623241d-14, 5.0552259d-14, 4.1468885d-14, 3.4016570d-14,
     : 2.7902661d-14, 2.2886968d-14, 1.8772366d-14, 1.5397083d-14,
     : 1.2628365d-14, 1.0357277d-14, 8.4944333d-15, 6.9664918d-15,
     : 5.7132771d-15, 4.6854188d-15, 3.8424130d-15, 3.1510311d-15,
     : 2.5840141d-15, 2.1190007d-15, 1.7376483d-15, 1.4249109d-15,
     : 1.1684471d-15, 9.5813442d-16, 7.8567029d-16, 6.4424520d-16,
     : 5.2827433d-16, 4.3317733d-16, 3.5519783d-16, 2.9125521d-16,
     : 2.3882311d-16, 1.9582977d-16, 1.6057620d-16, 1.3166921d-16,
     : 1.0796630d-16, 8.8530647d-17, 7.2594020d-17, 5.9526488d-17,
     : 4.8811513d-17, 4.0025547d-17, 3.2821291d-17, 2.6913973d-17,
     : 2.2070089d-17, 1.8098178d-17, 1.4841251d-17, 1.2170583d-17,
     : 9.9806264d-18, 8.1848392d-18, 6.7122598d-18, 5.5047037d-18,
     : 4.5144626d-18, 3.7024177d-18, 3.0364932d-18, 2.4903884d-18,
     : 2.0425374d-18, 1.6752569d-18, 1.3740469d-18, 1.1270178d-18,
     : 9.2441994d-19, 7.5825877d-19, 6.2197861d-19, 5.1020368d-19,
     : 4.1852569d-19/
      data psiv_6 /
     : 6.5543833d-6, 1.9630336d-5, 5.4356723d-5, 1.3987296d-4,
     : 3.3606930d-4, 7.5725657d-4, 1.6067029d-3, 3.2220262d-3,
     : 6.1279864d-3, 1.1088551d-2, 1.9145132d-2, 3.1624070d-2,
     : 5.0095402d-2, 7.6268120d-2, 1.1181438d-1, 1.5812799d-1,
     : 2.1604885d-1, 2.8558856d-1, 3.6569114d-1, 4.5405843d-1,
     : 5.4705754d-1, 6.3971401d-1, 7.2578643d-1, 7.9792102d-1,
     : 8.4791337d-1, 8.6727217d-1, 8.4825777d-1, 7.8518212d-1,
     : 6.7573371d-1, 5.2206523d-1, 3.3133071d-1, 1.1550231d-1,
     : -1.0947415d-1, -3.2509728d-1, -5.1215630d-1, -6.5281371d-1,
     : -7.3271127d-1, -7.4283395d-1, -6.8086039d-1, -5.5178243d-1,
     : -3.6766500d-1, -1.4654261d-1, 8.9416486d-2, 3.1625815d-1,
     : 5.1082559d-1, 6.5326763d-1, 7.2917064d-1, 7.3106354d-1,
     : 6.5913090d-1, 5.2107142d-1, 3.3114555d-1, 1.0855015d-1,
     : -1.2467122d-1, -3.4593085d-1, -5.3435184d-1, -6.7273856d-1,
     : -7.4907549d-1, -7.5743208d-1, -6.9822422d-1, -5.7785553d-1,
     : -4.0782385d-1, -2.0342454d-1, 1.7792388d-2, 2.3764537d-1,
     : 4.3886853d-1, 6.0645117d-1, 7.2867268d-1, 7.9777517d-1,
     : 8.1025654d-1, 7.6680263d-1, 6.7190675d-1, 5.3324483d-1,
     : 3.6088407d-1, 1.6640603d-1, -3.7979204d-2, -2.4026144d-1,
     : -4.2934945d-1, -5.9564469d-1, -7.3145029d-1, -8.3121098d-1,
     : -8.9159292d-1, -9.1142226d-1, -8.9150733d-1, -8.3437329d-1,
     : -7.4393870d-1, -6.2516253d-1, -4.8368692d-1, -3.2549673d-1,
     : -1.5661237d-1, 1.7172906d-2, 1.9050456d-1, 3.5862499d-1,
     : 5.1747989d-1, 6.6377637d-1, 7.9499875d-1, 9.0938864d-1,
     : 1.0058969d0, 1.0841147d0, 1.1441909d0, 1.1867415d0, 1.2127575d0,
     : 1.2235149d0, 1.2204907d0, 1.2052863d0, 1.1795608d0, 1.1449742d0,
     : 1.1031409d0, 1.0555934d0, 1.0037551d0, 9.4892206d-1,
     : 8.9225174d-1, 8.3475861d-1, 7.7731488d-1, 7.2065504d-1,
     : 6.6538339d-1, 6.1198367d-1, 5.6083003d-1, 5.1219870d-1,
     : 4.6627990d-1, 4.2318955d-1, 3.8298047d-1, 3.4565292d-1,
     : 3.1116426d-1, 2.7943768d-1, 2.5036993d-1, 2.2383815d-1,
     : 1.9970570d-1, 1.7782716d-1, 1.5805244d-1, 1.4023020d-1,
     : 1.2421062d-1, 1.0984748d-1, 9.6999876d-2, 8.5533364d-2,
     : 7.5320828d-2, 6.6242994d-2, 5.8188718d-2, 5.1055047d-2,
     : 4.4747144d-2, 3.9178066d-2, 3.4268469d-2, 2.9946229d-2,
     : 2.6146035d-2, 2.2808942d-2, 1.9881917d-2, 1.7317388d-2,
     : 1.5072789d-2, 1.3110135d-2, 1.1395603d-2, 9.8991404d-3,
     : 8.5940992d-3, 7.4568924d-3, 6.4666778d-3, 5.6050679d-3,
     : 4.8558651d-3, 4.2048210d-3, 3.6394184d-3, 3.1486745d-3,
     : 2.7229643d-3, 2.3538619d-3, 2.0339987d-3, 1.7569373d-3,
     : 1.5170587d-3, 1.3094627d-3, 1.1298792d-3, 9.7459048d-4,
     : 8.4036159d-4, 7.2437992d-4, 6.2420151d-4, 5.3770407d-4,
     : 4.6304561d-4, 3.9862818d-4, 3.4306610d-4, 2.9515830d-4,
     : 2.5386414d-4, 2.1828236d-4, 1.8763272d-4, 1.6124003d-4,
     : 1.3852026d-4, 1.1896836d-4, 1.0214783d-4, 8.7681488d-5,
     : 7.5243579d-5, 6.4552842d-5, 5.5366529d-5, 4.7475203d-5,
     : 4.0698232d-5, 3.4879881d-5, 2.9885929d-5, 2.5600731d-5,
     : 2.1924684d-5, 1.8772028d-5, 1.6068946d-5, 1.3751924d-5,
     : 1.1766326d-5, 1.0065168d-5, 8.6080629d-6, 7.3602994d-6,
     : 6.2920562d-6, 5.3777198d-6, 4.5952973d-6, 3.9259097d-6,
     : 3.3533555d-6, 2.8637351d-6, 2.4451269d-6, 2.0873082d-6,
     : 1.7815160d-6, 1.5202398d-6, 1.2970450d-6, 1.1064195d-6,
     : 9.4364300d-7, 8.0467401d-7, 6.8605329d-7, 5.8482049d-7,
     : 4.9844287d-7, 4.2475403d-7, 3.6190129d-7, 3.0830066d-7,
     : 2.6259815d-7, 2.2363663d-7, 1.9042740d-7, 1.6212587d-7,
     : 1.3801069d-7, 1.1746590d-7, 9.9965622d-8, 8.5060989d-8,
     : 7.2368936d-8, 6.1562613d-8, 5.2363188d-8, 4.4532838d-8,
     : 3.7868752d-8, 3.2198008d-8, 2.7373191d-8, 2.3268657d-8,
     : 1.9777333d-8, 1.6807984d-8, 1.4282889d-8, 1.2135845d-8,
     : 1.0310470d-8, 8.7587566d-9, 7.4398283d-9, 6.3188902d-9,
     : 5.3663267d-9, 4.5569342d-9, 3.8692669d-9, 3.2850792d-9,
     : 2.7888500d-9, 2.3673775d-9, 2.0094344d-9, 1.7054737d-9,
     : 1.4473780d-9, 1.2282465d-9, 1.0422133d-9, 8.8429270d-10,
     : 7.5024777d-10, 6.3647810d-10, 5.3992461d-10, 4.5798846d-10,
     : 3.8846199d-10, 3.2947002d-10, 2.7941999d-10, 2.3695946d-10,
     : 2.0094001d-10, 1.7038657d-10, 1.4447132d-10, 1.2249154d-10,
     : 1.0385069d-10, 8.8042495d-11, 7.4637259d-11, 6.3270337d-11,
     : 5.3632306d-11, 4.5460623d-11, 3.8532536d-11, 3.2659069d-11,
     : 2.7679914d-11, 2.3459085d-11, 1.9881241d-11, 1.6848556d-11,
     : 1.4278064d-11, 1.2099406d-11, 1.0252920d-11, 8.6880134d-12,
     : 7.3617906d-12, 6.2378816d-12, 5.2854518d-12, 4.4783605d-12,
     : 3.7944474d-12, 3.2149275d-12, 2.7238777d-12, 2.3078010d-12,
     : 1.9552580d-12, 1.6565528d-12, 1.4034683d-12, 1.1890403d-12,
     : 1.0073670d-12, 8.5344719d-13, 7.2304259d-13, 6.1256184d-13,
     : 5.1896177d-13, 4.3966376d-13, 3.7248294d-13, 3.1556803d-13,
     : 2.6735051d-13, 2.2650143d-13, 1.9189482d-13, 1.6257675d-13,
     : 1.3773901d-13, 1.1669689d-13, 9.8870303d-14, 8.3767810d-14,
     : 7.0973074d-14, 6.0133388d-14, 5.0949949d-14, 4.3169626d-14,
     : 3.6577977d-14, 3.0993339d-14, 2.6261814d-14, 2.2253030d-14,
     : 1.8856542d-14, 1.5978787d-14, 1.3540502d-14, 1.1474541d-14,
     : 9.7240203d-15, 8.2407489d-15, 6.9839024d-15, 5.9188950d-15,
     : 5.0164264d-15, 4.2516735d-15, 3.6036064d-15, 3.0544082d-15,
     : 2.5889842d-15/
      data psiv_7 /
     : 8.3078298d-6, 2.4772063d-5, 6.8268933d-5, 1.7477703d-4,
     : 4.1763127d-4, 9.3549150d-4, 1.9722810d-3, 3.9281269d-3,
     : 7.4159234d-3, 1.3312499d-2, 2.2787809d-2, 3.7291992d-2,
     : 5.8480546d-2, 8.8063718d-2, 1.2757706d-1, 1.7808709d-1,
     : 2.3987696d-1, 3.1215987d-1, 3.9286370d-1, 4.7852240d-1,
     : 5.6429219d-1, 6.4409320d-1, 7.1086672d-1, 7.5694007d-1,
     : 7.7451812d-1, 7.5646752d-1, 6.9749664d-1, 5.9544675d-1,
     : 4.5240587d-1, 2.7536301d-1, 7.6138393d-2, -1.2948246d-1,
     : -3.2326846d-1, -4.8653163d-1, -6.0234216d-1, -6.5770316d-1,
     : -6.4541676d-1, -5.6535256d-1, -4.2488721d-1, -2.3839497d-1,
     : -2.5805076d-2, 1.8960855d-1, 3.8391625d-1, 5.3535225d-1,
     : 6.2690254d-1, 6.4832415d-1, 5.9733764d-1, 4.7984661d-1,
     : 3.0917339d-1, 1.0442788d-1, -1.1176477d-1, -3.1588078d-1,
     : -4.8613248d-1, -6.0480917d-1, -6.6006540d-1, -6.4698199d-1,
     : -5.6782292d-1, -4.3150900d-1, -2.5241767d-1, -4.8685953d-2,
     : 1.5976596d-1, 3.5326267d-1, 5.1424097d-1, 6.2878143d-1,
     : 6.8768071d-1, 6.8700129d-1, 6.2809472d-1, 5.1714730d-1,
     : 3.6433805d-1, 1.8272560d-1, -1.3007955d-2, -2.0783188d-1,
     : -3.8755034d-1, -5.3980652d-1, -6.5484601d-1, -7.2600691d-1,
     : -7.4993121d-1, -7.2651585d-1, -6.5864011d-1, -5.5171831d-1,
     : -4.1313349d-1, -2.5160784d-1, -7.6561568d-2, 1.0249509d-1,
     : 2.7650142d-1, 4.3729218d-1, 5.7793553d-1, 6.9295789d-1,
     : 7.7845913d-1, 8.3212798d-1, 8.5317247d-1, 8.4218278d-1,
     : 8.0094469d-1, 7.3222143d-1, 6.3952065d-1, 5.2686081d-1,
     : 3.9854895d-1, 2.5897895d-1, 1.1245659d-1, -3.6944900d-2,
     : -1.8549733d-1, -3.2989866d-1, -4.6732478d-1, -5.9545490d-1,
     : -7.1247424d-1, -8.1705800d-1, -9.0834050d-1, -9.8587360d-1,
     : -1.0495779d0, -1.0996900d0, -1.1367082d0, -1.1613407d0,
     : -1.1744550d0, -1.1770327d0, -1.1701279d0, -1.1548313d0,
     : -1.1322397d0, -1.1034301d0, -1.0694394d0, -1.0312489d0,
     : -9.8977255d-1, -9.4584893d-1, -9.0023704d-1, -8.5361418d-1,
     : -8.0657644d-1, -7.5964079d-1, -7.1324863d-1, -6.6777034d-1,
     : -6.2351052d-1, -5.8071362d-1, -5.3956986d-1, -5.0022103d-1,
     : -4.6276629d-1, -4.2726766d-1, -3.9375525d-1, -3.6223213d-1,
     : -3.3267879d-1, -3.0505720d-1, -2.7931443d-1, -2.5538590d-1,
     : -2.3319817d-1, -2.1267146d-1, -1.9372172d-1, -1.7626243d-1,
     : -1.6020611d-1, -1.4546558d-1, -1.3195491d-1, -1.1959030d-1,
     : -1.0829067d-1, -9.7978112d-2, -8.8578281d-2, -8.0020569d-2,
     : -7.2238249d-2, -6.5168531d-2, -5.8752552d-2, -5.2935329d-2,
     : -4.7665658d-2, -4.2895999d-2, -3.8582329d-2, -3.4683980d-2,
     : -3.1163471d-2, -2.7986328d-2, -2.5120903d-2, -2.2538196d-2,
     : -2.0211677d-2, -1.8117111d-2, -1.6232394d-2, -1.4537391d-2,
     : -1.3013781d-2, -1.1644918d-2, -1.0415688d-2, -9.3123813d-3,
     : -8.3225690d-3, -7.4349922d-3, -6.6394581d-3, -5.9267454d-3,
     : -5.2885170d-3, -4.7172402d-3, -4.2061132d-3, -3.7489977d-3,
     : -3.3403580d-3, -2.9752044d-3, -2.6490420d-3, -2.3578242d-3,
     : -2.0979094d-3, -1.8660232d-3, -1.6592221d-3, -1.4748619d-3,
     : -1.3105682d-3, -1.1642105d-3, -1.0338775d-3, -9.1785566d-4,
     : -8.1460951d-4, -7.2276375d-4, -6.4108712d-4, -5.6847779d-4,
     : -5.0395026d-4, -4.4662342d-4, -3.9570985d-4, -3.5050617d-4,
     : -3.1038432d-4, -2.7478374d-4, -2.4320431d-4, -2.1520000d-4,
     : -1.9037321d-4, -1.6836962d-4, -1.4887361d-4, -1.3160412d-4,
     : -1.1631100d-4, -1.0277164d-4, -9.0788051d-5, -8.0184168d-5,
     : -7.0803503d-5, -6.2507002d-5, -5.5171146d-5, -4.8686252d-5,
     : -4.2954955d-5, -3.7890848d-5, -3.3417277d-5, -2.9466259d-5,
     : -2.5977518d-5, -2.2897629d-5, -2.0179253d-5, -1.7780452d-5,
     : -1.5664089d-5, -1.3797281d-5, -1.2150926d-5, -1.0699269d-5,
     : -9.4195275d-6, -8.2915511d-6, -7.2975229d-6, -6.4216928d-6,
     : -5.6501413d-6, -4.9705692d-6, -4.3721123d-6, -3.8451753d-6,
     : -3.3812862d-6, -2.9729660d-6, -2.6136139d-6, -2.2974056d-6,
     : -2.0192025d-6, -1.7744725d-6, -1.5592190d-6, -1.3699179d-6,
     : -1.2034632d-6, -1.0571169d-6, -9.2846690d-7, -8.1538764d-7,
     : -7.1600702d-7, -6.2867620d-7, -5.5194330d-7, -4.8453007d-7,
     : -4.2531130d-7, -3.7329666d-7, -3.2761470d-7, -2.8749865d-7,
     : -2.5227397d-7, -2.2134735d-7, -1.9419699d-7, -1.7036406d-7,
     : -1.4944513d-7, -1.3108558d-7, -1.1497366d-7, -1.0083542d-7,
     : -8.8430108d-8, -7.7546184d-8, -6.7997806d-8, -5.9621721d-8,
     : -5.2274536d-8, -4.5830316d-8, -4.0178473d-8, -3.5221902d-8,
     : -3.0875350d-8, -2.7063973d-8, -2.3722076d-8, -2.0791994d-8,
     : -1.8223122d-8, -1.5971050d-8, -1.3996808d-8, -1.2266205d-8,
     : -1.0749245d-8, -9.4196122d-9, -8.2542231d-9, -7.2328305d-9,
     : -6.3376765d-9, -5.5531871d-9, -4.8657050d-9, -4.2632541d-9,
     : -3.7353336d-9, -3.2727364d-9, -2.8673905d-9, -2.5122194d-9,
     : -2.2010196d-9, -1.9283531d-9, -1.6894534d-9, -1.4801426d-9,
     : -1.2967589d-9, -1.1360932d-9, -9.9533296d-10, -8.7201333d-10,
     : -7.6397444d-10, -6.6932358d-10, -5.8640227d-10, -5.1375727d-10,
     : -4.5011528d-10, -3.9436064d-10, -3.4551585d-10, -3.0272451d-10,
     : -2.6523629d-10, -2.3239385d-10, -2.0362129d-10, -1.7841409d-10,
     : -1.5633026d-10, -1.3698261d-10, -1.2003194d-10, -1.0518110d-10,
     : -9.2169786d-11, -8.0769974d-11, -7.0781911d-11, -6.2030612d-11,
     : -5.4362793d-11, -4.7644177d-11, -4.1757137d-11, -3.6598633d-11,
     : -3.2078400d-11, -2.8117366d-11, -2.4646265d-11, -2.1604415d-11,
     : -1.8938660d-11, -1.6602432d-11, -1.4554934d-11/
      data psiv_8 /
     : 8.9908776d-6, 2.6717378d-5, 7.3360210d-5, 1.8707131d-4,
     : 4.4511361d-4, 9.9250192d-4, 2.0821895d-3, 4.1250528d-3,
     : 7.7431706d-3, 1.3814088d-2, 2.3488408d-2, 3.8160234d-2,
     : 5.9371800d-2, 8.8641288d-2, 1.2721564d-1, 1.7576866d-1,
     : 2.3409591d-1, 3.0085905d-1, 3.7342533d-1, 4.4783688d-1,
     : 5.1892393d-1, 5.8055662d-1, 6.2601846d-1, 6.4848490d-1,
     : 6.4161307d-1, 6.0036563d-1, 5.2210817d-1, 4.0767791d-1,
     : 2.6213857d-1, 9.4973013d-2, -8.0468018d-2, -2.4823927d-1,
     : -3.9159609d-1, -4.9507109d-1, -5.4655095d-1, -5.3907541d-1,
     : -4.7210346d-1, -3.5200944d-1, -1.9167058d-1, -9.1446578d-3,
     : 1.7441959d-1, 3.3736321d-1, 4.6022954d-1, 5.2823675d-1,
     : 5.3317125d-1, 4.7443946d-1, 3.5913743d-1, 2.0113509d-1,
     : 1.9311882d-2, -1.6480712d-1, -3.2969271d-1, -4.5638416d-1,
     : -5.3067098d-1, -5.4462719d-1, -4.9733935d-1, -3.9478125d-1,
     : -2.4889754d-1, -7.6050220d-2, 1.0495202d-1, 2.7498770d-1,
     : 4.1666768d-1, 5.1607125d-1, 5.6400702d-1, 5.5670003d-1,
     : 4.9587911d-1, 3.8830609d-1, 2.4484386d-1, 7.9198940d-2,
     : -9.3507003d-2, -2.5818194d-1, -4.0108602d-1, -5.1092220d-1,
     : -5.7961992d-1, -6.0277458d-1, -5.7974126d-1, -5.1341284d-1,
     : -4.0973683d-1, -2.7704047d-1, -1.2524126d-1, 3.4981286d-2,
     : 1.9298391d-1, 3.3887177d-1, 4.6408295d-1, 5.6181977d-1,
     : 6.2731620d-1, 6.5794460d-1, 6.5317629d-1, 6.1441822d-1,
     : 5.4475361d-1, 4.4861636d-1, 3.3142880d-1, 1.9923007d-1,
     : 5.8317703d-2, -8.5078658d-2, -2.2507831d-1, -3.5637647d-1,
     : -4.7441344d-1, -5.7548592d-1, -6.5680384d-1, -7.1649846d-1,
     : -7.5358919d-1, -7.6791756d-1, -7.6005662d-1, -7.3120385d-1,
     : -6.8306510d-1, -6.1773595d-1, -5.3758617d-1, -4.4515128d-1,
     : -3.4303471d-1, -2.3382248d-1, -1.2001156d-1, -3.9524305d-3,
     : 1.1219494d-1, 2.2649244d-1, 3.3724356d-1, 4.4300301d-1,
     : 5.4257767d-1, 6.3502030d-1, 7.1961764d-1, 7.9587410d-1,
     : 8.6349246d-1, 9.2235266d-1, 9.7248956d-1, 1.0140706d0,
     : 1.0473740d0, 1.0727677d0, 1.0906900d0, 1.1016316d0, 1.1061199d0,
     : 1.1047041d0, 1.0979433d0, 1.0863962d0, 1.0706115d0, 1.0511215d0,
     : 1.0284359d0, 1.0030379d0, 9.7538065d-1, 9.4588539d-1,
     : 9.1494030d-1, 8.8290000d-1, 8.5008580d-1, 8.1678646d-1,
     : 7.8325925d-1, 7.4973146d-1, 7.1640203d-1, 6.8344339d-1,
     : 6.5100337d-1, 6.1920716d-1, 5.8815926d-1, 5.5794541d-1,
     : 5.2863444d-1, 5.0027995d-1, 4.7292197d-1, 4.4658848d-1,
     : 4.2129684d-1, 3.9705519d-1, 3.7386363d-1, 3.5171538d-1,
     : 3.3059784d-1, 3.1049350d-1, 2.9138081d-1, 2.7323491d-1,
     : 2.5602835d-1, 2.3973164d-1, 2.2431380d-1, 2.0974282d-1,
     : 1.9598602d-1, 1.8301044d-1, 1.7078310d-1, 1.5927124d-1,
     : 1.4844255d-1, 1.3826521d-1, 1.2870807d-1, 1.1974067d-1,
     : 1.1133336d-1, 1.0345731d-1, 9.6084585d-2, 8.9188170d-2,
     : 8.2742007d-2, 7.6721003d-2, 7.1101049d-2, 6.5859017d-2,
     : 6.0972769d-2, 5.6421143d-2, 5.2183944d-2, 4.8241931d-2,
     : 4.4576798d-2, 4.1171153d-2, 3.8008495d-2, 3.5073189d-2,
     : 3.2350437d-2, 2.9826253d-2, 2.7487431d-2, 2.5321518d-2,
     : 2.3316783d-2, 2.1462184d-2, 1.9747344d-2, 1.8162513d-2,
     : 1.6698545d-2, 1.5346866d-2, 1.4099444d-2, 1.2948765d-2,
     : 1.1887802d-2, 1.0909991d-2, 1.0009203d-2, 9.1797236d-3,
     : 8.4162239d-3, 7.7137426d-3, 7.0676614d-3, 6.4736851d-3,
     : 5.9278216d-3, 5.4263632d-3, 4.9658680d-3, 4.5431434d-3,
     : 4.1552295d-3, 3.7993843d-3, 3.4730683d-3, 3.1739318d-3,
     : 2.8998014d-3, 2.6486677d-3, 2.4186747d-3, 2.2081081d-3,
     : 2.0153859d-3, 1.8390484d-3, 1.6777501d-3, 1.5302506d-3,
     : 1.3954074d-3, 1.2721686d-3, 1.1595660d-3, 1.0567088d-3,
     : 9.6277802d-4, 8.7702077d-4, 7.9874533d-4, 7.2731639d-4,
     : 6.6215067d-4, 6.0271289d-4, 5.4851200d-4, 4.9909766d-4,
     : 4.5405705d-4, 4.1301187d-4, 3.7561553d-4, 3.4155067d-4,
     : 3.1052674d-4, 2.8227781d-4, 2.5656063d-4, 2.3315267d-4,
     : 2.1185049d-4, 1.9246814d-4, 1.7483567d-4, 1.5879784d-4,
     : 1.4421287d-4, 1.3095130d-4, 1.1889497d-4, 1.0793603d-4,
     : 9.7976116d-5, 8.8925474d-5, 8.0702276d-5, 7.3231917d-5,
     : 6.6446398d-5, 6.0283750d-5, 5.4687520d-5, 4.9606281d-5,
     : 4.4993204d-5, 4.0805649d-5, 3.7004801d-5, 3.3555333d-5,
     : 3.0425098d-5, 2.7584852d-5, 2.5007989d-5, 2.2670315d-5,
     : 2.0549831d-5, 1.8626533d-5, 1.6882241d-5, 1.5300428d-5,
     : 1.3866080d-5, 1.2565551d-5, 1.1386448d-5, 1.0317512d-5,
     : 9.3485193d-6, 8.4701841d-6, 7.6740769d-6, 6.9525445d-6,
     : 6.2986403d-6, 5.7060592d-6, 5.1690794d-6, 4.6825090d-6,
     : 4.2416372d-6, 3.8421906d-6, 3.4802925d-6, 3.1524268d-6,
     : 2.8554047d-6, 2.5863342d-6, 2.3425932d-6, 2.1218042d-6,
     : 1.9218117d-6, 1.7406615d-6, 1.5765825d-6, 1.4279691d-6,
     : 1.2933663d-6, 1.1714553d-6, 1.0610411d-6, 9.6104078d-7,
     : 8.7047311d-7, 7.8844909d-7, 7.1416323d-7, 6.4688582d-7,
     : 5.8595582d-7, 5.3077440d-7, 4.8079911d-7, 4.3553862d-7,
     : 3.9454791d-7, 3.5742391d-7, 3.2380156d-7, 2.9335023d-7,
     : 2.6577050d-7, 2.4079121d-7, 2.1816680d-7, 1.9767490d-7,
     : 1.7911413d-7, 1.6230214d-7, 1.4707381d-7, 1.3327961d-7,
     : 1.2078417d-7, 1.0946487d-7, 9.9210709d-8, 8.9921168d-8,
     : 8.1505228d-8, 7.3880474d-8, 6.6972279d-8, 6.0713071d-8,
     : 5.5041663d-8/
      data psiv_9 /
     : 7.7513848d-6, 2.2984308d-5, 6.2963320d-5, 1.6015738d-4,
     : 3.8004946d-4, 8.4496690d-4, 1.7671332d-3, 3.4890869d-3,
     : 6.5255439d-3, 1.1595953d-2, 1.9632761d-2, 3.1748566d-2,
     : 4.9147556d-2, 7.2973960d-2, 1.0410167d-1, 1.4288506d-1,
     : 1.8891659d-1, 2.4083650d-1, 2.9623271d-1, 3.5165796d-1,
     : 4.0277283d-1, 4.4460623d-1, 4.7191441d-1, 4.7961987d-1,
     : 4.6332743d-1, 4.1999689d-1, 3.4877578d-1, 2.5174019d-1,
     : 1.3431813d-1, 5.2153941d-3, -1.2425952d-1, -2.4140646d-1,
     : -3.3368842d-1, -3.9041001d-1, -4.0427781d-1, -3.7261906d-1,
     : -2.9806863d-1, -1.8856879d-1, -5.6624249d-2, 8.2125078d-2,
     : 2.1083624d-1, 3.1362953d-1, 3.7767545d-1, 3.9490559d-1,
     : 3.6310258d-1, 2.8621106d-1, 1.7382750d-1, 3.9943948d-2,
     : -9.8871124d-2, -2.2559760d-1, -3.2490224d-1, -3.8500817d-1,
     : -3.9906074d-1, -3.6583345d-1, -2.8971323d-1, -1.8000288d-1,
     : -4.9663158d-2, 8.6320372d-2, 2.1272647d-1, 3.1582046d-1,
     : 3.8481253d-1, 4.1290283d-1, 3.9782475d-1, 3.4186333d-1,
     : 2.5138796d-1, 1.3598930d-1, 7.3454883d-3, -1.2204002d-1,
     : -2.4008826d-1, -3.3625720d-1, -4.0242048d-1, -4.3345056d-1,
     : -4.2748035d-1, -3.8585140d-1, -3.1278562d-1, -2.1483911d-1,
     : -1.0020927d-1, 2.2029038d-2, 1.4268618d-1, 2.5315659d-1,
     : 3.4600493d-1, 4.1540704d-1, 4.5742902d-1, 4.7014327d-1,
     : 4.5359296d-1, 4.0962646d-1, 3.4162998d-1, 2.5419000d-1,
     : 1.5271742d-1, 4.3063407d-2, -6.8847451d-2, -1.7734584d-1,
     : -2.7729371d-1, -3.6429843d-1, -4.3486114d-1, -4.8646039d-1,
     : -5.1757559d-1, -5.2765773d-1, -5.1705683d-1, -4.8691608d-1,
     : -4.3904347d-1, -3.7577034d-1, -2.9980593d-1, -2.1409508d-1,
     : -1.2168518d-1, -2.5606987d-2, 7.1227770d-2, 1.6611023d-1,
     : 2.5659912d-1, 3.4056688d-1, 4.1622828d-1, 4.8215370d-1,
     : 5.3726873d-1, 5.8084274d-1, 6.1246835d-1, 6.3203408d-1,
     : 6.3969235d-1, 6.3582445d-1, 6.2100436d-1, 5.9596246d-1,
     : 5.6155054d-1, 5.1870874d-1, 4.6843517d-1, 4.1175861d-1,
     : 3.4971446d-1, 2.8332416d-1, 2.1357797d-1, 1.4142099d-1,
     : 6.7742268d-2, -6.6333323d-3, -8.0950697d-2, -1.5452781d-1,
     : -2.2675718d-1, -2.9710558d-1, -3.6511250d-1, -4.3038747d-1,
     : -4.9260656d-1, -5.5150823d-1, -6.0688882d-1, -6.5859771d-1,
     : -7.0653241d-1, -7.5063365d-1, -7.9088051d-1, -8.2728582d-1,
     : -8.5989175d-1, -8.8876561d-1, -9.1399608d-1, -9.3568961d-1,
     : -9.5396733d-1, -9.6896208d-1, -9.8081584d-1, -9.8967735d-1,
     : -9.9569995d-1, -9.9903973d-1, -9.9985392d-1, -9.9829953d-1,
     : -9.9453218d-1, -9.8870517d-1, -9.8096866d-1, -9.7146912d-1,
     : -9.6034878d-1, -9.4774534d-1, -9.3379170d-1, -9.1861583d-1,
     : -9.0234065d-1, -8.8508410d-1, -8.6695914d-1, -8.4807384d-1,
     : -8.2853152d-1, -8.0843089d-1, -7.8786610d-1, -7.6692663d-1,
     : -7.4569722d-1, -7.2425778d-1, -7.0268339d-1, -6.8104428d-1,
     : -6.5940590d-1, -6.3782894d-1, -6.1636945d-1, -5.9507892d-1,
     : -5.7400444d-1, -5.5318876d-1, -5.3267054d-1, -5.1248442d-1,
     : -4.9266125d-1, -4.7322822d-1, -4.5420907d-1, -4.3562427d-1,
     : -4.1749117d-1, -3.9982422d-1, -3.8263513d-1, -3.6593308d-1,
     : -3.4972485d-1, -3.3401504d-1, -3.1880619d-1, -3.0409899d-1,
     : -2.8989243d-1, -2.7618392d-1, -2.6296946d-1, -2.5024379d-1,
     : -2.3800050d-1, -2.2623217d-1, -2.1493046d-1, -2.0408628d-1,
     : -1.9368984d-1, -1.8373078d-1, -1.7419824d-1, -1.6508097d-1,
     : -1.5636737d-1, -1.4804564d-1, -1.4010374d-1, -1.3252954d-1,
     : -1.2531085d-1, -1.1843544d-1, -1.1189115d-1, -1.0566585d-1,
     : -9.9747562d-2, -9.4124430d-2, -8.8784778d-2, -8.3717133d-2,
     : -7.8910243d-2, -7.4353097d-2, -7.0034945d-2, -6.5945306d-2,
     : -6.2073985d-2, -5.8411078d-2, -5.4946979d-2, -5.1672388d-2,
     : -4.8578311d-2, -4.5656061d-2, -4.2897262d-2, -4.0293845d-2,
     : -3.7838046d-2, -3.5522405d-2, -3.3339758d-2, -3.1283237d-2,
     : -2.9346258d-2, -2.7522523d-2, -2.5806006d-2, -2.4190953d-2,
     : -2.2671866d-2, -2.1243505d-2, -1.9900873d-2, -1.8639212d-2,
     : -1.7453994d-2, -1.6340911d-2, -1.5295870d-2, -1.4314985d-2,
     : -1.3394564d-2, -1.2531109d-2, -1.1721302d-2, -1.0961999d-2,
     : -1.0250223d-2, -9.5831585d-3, -8.9581406d-3, -8.3726505d-3,
     : -7.8243083d-3, -7.3108662d-3, -6.8302024d-3, -6.3803147d-3,
     : -5.9593147d-3, -5.5654225d-3, -5.1969604d-3, -4.8523483d-3,
     : -4.5300984d-3, -4.2288103d-3, -3.9471665d-3, -3.6839279d-3,
     : -3.4379293d-3, -3.2080757d-3, -2.9933385d-3, -2.7927513d-3,
     : -2.6054067d-3, -2.4304533d-3, -2.2670918d-3, -2.1145726d-3,
     : -1.9721925d-3, -1.8392925d-3, -1.7152545d-3, -1.5994997d-3,
     : -1.4914855d-3, -1.3907040d-3, -1.2966793d-3, -1.2089660d-3,
     : -1.1271473d-3, -1.0508331d-3, -9.7965838d-4, -9.1328178d-4,
     : -8.5138403d-4, -7.9366660d-4, -7.3985042d-4, -6.8967464d-4,
     : -6.4289550d-4, -5.9928523d-4, -5.5863105d-4, -5.2073422d-4,
     : -4.8540911d-4, -4.5248240d-4, -4.2179226d-4, -3.9318763d-4,
     : -3.6652750d-4, -3.4168026d-4, -3.1852312d-4, -2.9694149d-4,
     : -2.7682846d-4, -2.5808432d-4, -2.4061604d-4, -2.2433688d-4,
     : -2.0916593d-4, -1.9502774d-4, -1.8185197d-4, -1.6957305d-4,
     : -1.5812982d-4, -1.4746530d-4, -1.3752637d-4, -1.2826350d-4,
     : -1.1963054d-4, -1.1158450d-4, -1.0408529d-4, -9.7095566d-5,
     : -9.0580528d-5, -8.4507751d-5, -7.8847026d-5, -7.3570207d-5,
     : -6.8651072d-5, -6.4065193d-5, -5.9789812d-5, -5.5803730d-5,
     : -5.2087197d-5, -4.8621819d-5, -4.5390458d-5/


