20.000	0.0000	2.4205	-0.29000
19.000	0.0000	2.4205	-0.41000
18.000	0.0000	2.4205	-0.67000
17.000	0.0000	2.4205	-0.97000
16.000	0.0000	2.4205	-1.3600
15.000	0.0000	2.4205	-2.1100
14.500	0.0000	2.4205	-2.6400
14.000	0.0000	2.4205	-3.3400
13.500	0.0000	2.4205	-4.2400
13.000	0.0000	2.4205	-5.4900
12.500	0.0000	2.4205	-7.1700
12.000	0.0000	2.4205	-9.4900
11.700	0.0000	2.4205	-11.280
11.400	0.0000	2.4205	-13.480
11.100	0.0000	2.4205	-16.180
10.800	0.0000	2.4205	-19.530
10.500	0.0000	2.4205	-23.660
10.200	0.0000	2.4205	-28.690
10.000	0.0000	2.4205	-32.670
9.7000	0.0000	2.4205	-39.670
9.4000	0.0000	2.4205	-47.970
9.1000	0.0000	2.4205	-57.470
9.0000	0.0000	2.4205	-60.850
8.9000	0.0000	2.4205	-64.340
8.8000	0.0000	2.4205	-67.780
8.7000	0.0000	2.4205	-71.160
8.6000	0.0000	2.4205	-74.410
8.5000	0.0000	2.4205	-77.420
8.4000	0.0000	2.4205	-80.060
8.3000	0.0000	2.4205	-82.150
8.1000	0.0000	2.4205	-83.820
8.0000	0.0000	2.4205	-82.810
7.9000	0.0000	2.4205	-79.980
7.8000	0.0000	2.4205	-75.000
7.7000	0.0000	2.4205	-67.140
7.6000	0.0000	2.4205	-55.690
7.5000	0.0000	2.4205	-39.670
7.4000	0.0000	2.4205	-18.010
7.3000	0.0000	2.4205	10.660
7.2000	0.0000	2.4205	47.970
7.1000	0.0000	2.4205	95.920
7.0000	0.0000	2.4205	156.89
6.9000	0.0000	2.4205	233.74
6.8000	0.0000	2.4205	329.97
6.7000	0.0000	2.4205	449.71
6.6000	0.0000	2.4205	597.94
6.5000	0.0000	2.4205	780.62
6.4000	0.0000	2.4205	1004.8
6.3000	0.0000	2.4205	1279.0
6.2000	0.0000	2.4205	1613.3
6.1000	0.0000	2.4205	2019.6
6.0000	0.0000	2.4205	2511.9
5.9000	0.0000	2.4205	3107.1
5.8000	0.0000	2.4205	3824.8
5.7000	0.0000	2.4205	4688.3
5.6000	0.0000	2.4205	5724.6
5.5000	0.0000	2.4205	6965.6
5.4000	0.0000	2.4205	8448.4
5.3000	0.0000	2.4205	10216
5.2000	0.0000	2.4205	12318
5.1000	0.0000	2.4205	14812
5.0000	0.0000	2.4205	17764
4.9000	0.0000	2.4205	21246
20.000	30.000	2.4205	-0.27000
19.000	30.000	2.4205	-0.37000
18.000	30.000	2.4205	-0.61000
17.000	30.000	2.4205	-0.89000
16.000	30.000	2.4205	-1.3700
15.000	30.000	2.4205	-2.0300
14.500	30.000	2.4205	-2.5300
14.000	30.000	2.4205	-3.2000
13.500	30.000	2.4205	-4.0500
13.000	30.000	2.4205	-5.0700
12.500	30.000	2.4205	-6.5700
12.000	30.000	2.4205	-8.6700
11.700	30.000	2.4205	-10.390
11.400	30.000	2.4205	-12.290
11.100	30.000	2.4205	-14.620
10.800	30.000	2.4205	-17.650
10.500	30.000	2.4205	-21.170
10.200	30.000	2.4205	-25.640
10.000	30.000	2.4205	-29.320
9.7000	30.000	2.4205	-35.750
9.4000	30.000	2.4205	-43.390
9.1000	30.000	2.4205	-52.730
9.0000	30.000	2.4205	-56.050
8.9000	30.000	2.4205	-59.600
8.8000	30.000	2.4205	-63.230
8.7000	30.000	2.4205	-66.940
8.6000	30.000	2.4205	-70.840
8.5000	30.000	2.4205	-74.700
8.4000	30.000	2.4205	-78.390
8.3000	30.000	2.4205	-81.980
8.1000	30.000	2.4205	-88.400
8.0000	30.000	2.4205	-90.740
7.9000	30.000	2.4205	-92.300
7.8000	30.000	2.4205	-92.830
7.7000	30.000	2.4205	-91.900
7.6000	30.000	2.4205	-89.200
7.5000	30.000	2.4205	-84.220
7.4000	30.000	2.4205	-75.890
7.3000	30.000	2.4205	-63.870
7.2000	30.000	2.4205	-47.090
7.1000	30.000	2.4205	-24.390
7.0000	30.000	2.4205	5.6600
6.9000	30.000	2.4205	44.810
6.8000	30.000	2.4205	94.970
6.7000	30.000	2.4205	158.66
6.6000	30.000	2.4205	239.19
6.5000	30.000	2.4205	339.41
6.4000	30.000	2.4205	463.88
6.3000	30.000	2.4205	617.85
6.2000	30.000	2.4205	807.15
6.1000	30.000	2.4205	1039.1
6.0000	30.000	2.4205	1322.2
5.9000	30.000	2.4205	1666.7
5.8000	30.000	2.4205	2084.6
5.7000	30.000	2.4205	2590.9
5.6000	30.000	2.4205	3202.1
5.5000	30.000	2.4205	3939.4
5.4000	30.000	2.4205	4825.9
5.3000	30.000	2.4205	5890.5
5.2000	30.000	2.4205	7164.9
5.1000	30.000	2.4205	8680.6
20.000	60.000	2.4205	-0.21000
19.000	60.000	2.4205	-0.35000
18.000	60.000	2.4205	-0.51000
17.000	60.000	2.4205	-0.70000
16.000	60.000	2.4205	-1.1600
15.000	60.000	2.4205	-1.7600
14.500	60.000	2.4205	-2.1600
14.000	60.000	2.4205	-2.6900
13.500	60.000	2.4205	-3.4100
13.000	60.000	2.4205	-4.3000
12.500	60.000	2.4205	-5.5700
12.000	60.000	2.4205	-7.2100
11.700	60.000	2.4205	-8.4900
11.400	60.000	2.4205	-10.040
11.100	60.000	2.4205	-11.940
10.800	60.000	2.4205	-14.260
10.500	60.000	2.4205	-17.150
10.200	60.000	2.4205	-20.690
10.000	60.000	2.4205	-23.520
9.7000	60.000	2.4205	-28.590
9.4000	60.000	2.4205	-34.950
9.1000	60.000	2.4205	-42.760
9.0000	60.000	2.4205	-45.770
8.9000	60.000	2.4205	-48.900
8.8000	60.000	2.4205	-52.270
8.7000	60.000	2.4205	-55.840
8.6000	60.000	2.4205	-59.760
8.5000	60.000	2.4205	-63.860
8.4000	60.000	2.4205	-68.100
8.3000	60.000	2.4205	-72.700
8.1000	60.000	2.4205	-82.360
8.0000	60.000	2.4205	-87.380
7.9000	60.000	2.4205	-92.820
7.8000	60.000	2.4205	-98.330
7.7000	60.000	2.4205	-103.69
7.6000	60.000	2.4205	-109.12
7.5000	60.000	2.4205	-114.39
7.4000	60.000	2.4205	-119.28
7.3000	60.000	2.4205	-123.78
7.2000	60.000	2.4205	-127.47
7.1000	60.000	2.4205	-130.18
7.0000	60.000	2.4205	-131.57
6.9000	60.000	2.4205	-131.08
6.8000	60.000	2.4205	-128.35
6.7000	60.000	2.4205	-122.60
6.6000	60.000	2.4205	-113.05
6.5000	60.000	2.4205	-98.800
6.4000	60.000	2.4205	-78.600
6.3000	60.000	2.4205	-51.050
6.2000	60.000	2.4205	-14.560
6.1000	60.000	2.4205	33.050
6.0000	60.000	2.4205	94.150
5.9000	60.000	2.4205	171.68
5.8000	60.000	2.4205	269.34
5.7000	60.000	2.4205	391.60
5.6000	60.000	2.4205	543.39
5.5000	60.000	2.4205	731.93
5.4000	60.000	2.4205	964.91
5.3000	60.000	2.4205	1253.3
5.2000	60.000	2.4205	1609.3
5.1000	60.000	2.4205	2051.8
5.0000	60.000	2.4205	2601.7
4.9000	60.000	2.4205	3287.0
20.000	90.000	2.4205	-0.28000
19.000	90.000	2.4205	-0.33000
18.000	90.000	2.4205	-0.49000
17.000	90.000	2.4205	-0.72000
16.000	90.000	2.4205	-1.0700
15.000	90.000	2.4205	-1.6600
14.500	90.000	2.4205	-2.0500
14.000	90.000	2.4205	-2.5800
13.500	90.000	2.4205	-3.2400
13.000	90.000	2.4205	-4.0600
12.500	90.000	2.4205	-5.2000
12.000	90.000	2.4205	-6.7800
11.700	90.000	2.4205	-7.9800
11.400	90.000	2.4205	-9.4400
11.100	90.000	2.4205	-11.170
10.800	90.000	2.4205	-13.310
10.500	90.000	2.4205	-15.970
10.200	90.000	2.4205	-19.180
10.000	90.000	2.4205	-21.780
9.7000	90.000	2.4205	-26.470
9.4000	90.000	2.4205	-32.290
9.1000	90.000	2.4205	-39.530
9.0000	90.000	2.4205	-42.310
8.9000	90.000	2.4205	-45.300
8.8000	90.000	2.4205	-48.550
8.7000	90.000	2.4205	-51.930
8.6000	90.000	2.4205	-55.850
8.5000	90.000	2.4205	-59.560
8.4000	90.000	2.4205	-63.740
8.3000	90.000	2.4205	-68.220
8.1000	90.000	2.4205	-78.230
8.0000	90.000	2.4205	-83.670
7.9000	90.000	2.4205	-89.420
7.8000	90.000	2.4205	-95.530
7.7000	90.000	2.4205	-101.93
7.6000	90.000	2.4205	-108.63
7.5000	90.000	2.4205	-115.58
7.4000	90.000	2.4205	-122.77
7.3000	90.000	2.4205	-130.18
7.2000	90.000	2.4205	-137.60
7.1000	90.000	2.4205	-145.02
7.0000	90.000	2.4205	-152.37
6.9000	90.000	2.4205	-159.39
6.8000	90.000	2.4205	-165.94
6.7000	90.000	2.4205	-171.67
6.6000	90.000	2.4205	-176.39
6.5000	90.000	2.4205	-179.55
6.4000	90.000	2.4205	-180.59
6.3000	90.000	2.4205	-179.21
6.2000	90.000	2.4205	-174.38
6.1000	90.000	2.4205	-165.14
6.0000	90.000	2.4205	-150.50
5.9000	90.000	2.4205	-128.96
6.1000  90.000  2.4205  -165.07
6       90.000  2.4205  -150.48
5.9     90.000  2.4205  -128.97
5.8     90.000  2.4205  -98.79
5.7     90.000  2.4205  -57.82
5.6     90.000  2.4205  -3.59
5.5     90.000  2.4205  67.48
5.4     90.000  2.4205  159.51
5.3     90.000  2.4205  277.95
5.2     90.000  2.4205  429.56
5.1     90.000  2.4205  624.62
5       90.000  2.4205  875.79
4.9     90.000  2.4205  1200.39
20.000	120.00	2.4205	-0.26000
19.000	120.00	2.4205	-0.37000
18.000	120.00	2.4205	-0.58000
17.000	120.00	2.4205	-0.85000
16.000	120.00	2.4205	-1.2600
15.000	120.00	2.4205	-1.9300
14.500	120.00	2.4205	-2.3900
14.000	120.00	2.4205	-3.0100
13.500	120.00	2.4205	-3.8200
13.000	120.00	2.4205	-4.9100
12.500	120.00	2.4205	-6.3600
12.000	120.00	2.4205	-8.3400
11.700	120.00	2.4205	-9.8600
11.400	120.00	2.4205	-11.730
11.100	120.00	2.4205	-14.080
10.800	120.00	2.4205	-16.830
10.500	120.00	2.4205	-20.250
10.200	120.00	2.4205	-24.470
10.000	120.00	2.4205	-27.780
9.7000	120.00	2.4205	-33.760
9.4000	120.00	2.4205	-41.130
9.1000	120.00	2.4205	-49.930
9.0000	120.00	2.4205	-53.260
8.9000	120.00	2.4205	-56.910
8.8000	120.00	2.4205	-60.520
8.7000	120.00	2.4205	-64.380
8.6000	120.00	2.4205	-68.510
8.5000	120.00	2.4205	-72.860
8.4000	120.00	2.4205	-77.300
8.3000	120.00	2.4205	-81.760
8.1000	120.00	2.4205	-91.040
8.0000	120.00	2.4205	-95.690
7.9000	120.00	2.4205	-100.24
7.8000	120.00	2.4205	-104.57
7.7000	120.00	2.4205	-108.70
7.6000	120.00	2.4205	-112.19
7.5000	120.00	2.4205	-114.90
7.4000	120.00	2.4205	-116.72
7.3000	120.00	2.4205	-117.28
7.2000	120.00	2.4205	-116.16
7.1000	120.00	2.4205	-113.03
7.0000	120.00	2.4205	-107.34
6.9000	120.00	2.4205	-98.410
6.8000	120.00	2.4205	-85.550
6.7000	120.00	2.4205	-67.680
6.6000	120.00	2.4205	-43.870
6.5000	120.00	2.4205	-12.850
6.4000	120.00	2.4205	27.140
6.3000	120.00	2.4205	77.730
6.2000	120.00	2.4205	141.17
6.1000	120.00	2.4205	220.20
6.0000	120.00	2.4205	317.81
5.9000	120.00	2.4205	437.89
5.8000	120.00	2.4205	584.80
5.7000	120.00	2.4205	764.29
5.6000	120.00	2.4205	982.91
5.5000	120.00	2.4205	1248.3
5.4000	120.00	2.4205	1570.8
5.3000	120.00	2.4205	1962.1
5.2000	120.00	2.4205	2434.9
5.1000	120.00	2.4205	3004.9
5.0000	120.00	2.4205	3688.0
4.9000	120.00	2.4205	4497.4
20.000	150.00	2.4205	-0.34000
19.000	150.00	2.4205	-0.51000
18.000	150.00	2.4205	-0.70000
17.000	150.00	2.4205	-1.0300
16.000	150.00	2.4205	-1.5500
15.000	150.00	2.4205	-2.4400
14.500	150.00	2.4205	-3.0700
14.000	150.00	2.4205	-3.8900
13.500	150.00	2.4205	-5.0000
13.000	150.00	2.4205	-6.4600
12.500	150.00	2.4205	-8.4500
12.000	150.00	2.4205	-11.160
11.700	150.00	2.4205	-13.360
11.400	150.00	2.4205	-16.020
11.100	150.00	2.4205	-19.120
10.800	150.00	2.4205	-23.130
10.500	150.00	2.4205	-28.020
10.200	150.00	2.4205	-33.740
10.000	150.00	2.4205	-38.360
9.7000	150.00	2.4205	-46.220
9.4000	150.00	2.4205	-55.190
9.1000	150.00	2.4205	-64.920
9.0000	150.00	2.4205	-68.150
8.9000	150.00	2.4205	-71.240
8.8000	150.00	2.4205	-74.400
8.7000	150.00	2.4205	-77.120
8.6000	150.00	2.4205	-79.370
8.5000	150.00	2.4205	-81.260
8.4000	150.00	2.4205	-82.400
8.3000	150.00	2.4205	-82.570
8.1000	150.00	2.4205	-78.890
8.0000	150.00	2.4205	-74.230
7.9000	150.00	2.4205	-67.240
7.8000	150.00	2.4205	-56.860
7.7000	150.00	2.4205	-42.860
7.6000	150.00	2.4205	-24.140
7.5000	150.00	2.4205	0.36000
7.4000	150.00	2.4205	31.810
7.3000	150.00	2.4205	71.720
7.2000	150.00	2.4205	121.69
7.1000	150.00	2.4205	184.02
7.0000	150.00	2.4205	260.91
6.9000	150.00	2.4205	355.50
6.8000	150.00	2.4205	471.00
6.7000	150.00	2.4205	611.23
6.6000	150.00	2.4205	781.11
6.5000	150.00	2.4205	986.12
6.4000	150.00	2.4205	1232.2
6.3000	150.00	2.4205	1527.5
6.2000	150.00	2.4205	1879.9
6.1000	150.00	2.4205	2299.9
6.0000	150.00	2.4205	2798.7
5.9000	150.00	2.4205	3390.1
5.8000	150.00	2.4205	4088.5
5.7000	150.00	2.4205	4911.2
5.6000	150.00	2.4205	5876.6
5.5000	150.00	2.4205	7005.5
5.4000	150.00	2.4205	8318.7
5.3000	150.00	2.4205	9836.0
5.2000	150.00	2.4205	11572
20.000	180.00	2.4205	-0.34000
19.000	180.00	2.4205	-0.49000
18.000	180.00	2.4205	-0.73000
17.000	180.00	2.4205	-1.1500
16.000	180.00	2.4205	-1.7300
15.000	180.00	2.4205	-2.6200
14.500	180.00	2.4205	-3.3200
14.000	180.00	2.4205	-4.2500
13.500	180.00	2.4205	-5.4900
13.000	180.00	2.4205	-7.1400
12.500	180.00	2.4205	-9.4200
12.000	180.00	2.4205	-12.610
11.700	180.00	2.4205	-15.160
11.400	180.00	2.4205	-18.220
11.100	180.00	2.4205	-21.960
10.800	180.00	2.4205	-26.520
10.500	180.00	2.4205	-32.100
10.200	180.00	2.4205	-38.680
10.000	180.00	2.4205	-43.740
9.7000	180.00	2.4205	-52.170
9.4000	180.00	2.4205	-61.280
9.1000	180.00	2.4205	-70.000
9.0000	180.00	2.4205	-72.480
8.9000	180.00	2.4205	-74.570
8.8000	180.00	2.4205	-76.100
8.7000	180.00	2.4205	-76.880
8.6000	180.00	2.4205	-76.670
8.5000	180.00	2.4205	-75.150
8.4000	180.00	2.4205	-72.040
8.3000	180.00	2.4205	-66.930
8.1000	180.00	2.4205	-48.250
8.0000	180.00	2.4205	-33.330
7.9000	180.00	2.4205	-13.530
7.8000	180.00	2.4205	12.240
7.7000	180.00	2.4205	45.310
7.6000	180.00	2.4205	87.230
7.5000	180.00	2.4205	139.85
7.4000	180.00	2.4205	205.41
7.3000	180.00	2.4205	286.54
7.2000	180.00	2.4205	386.31
7.1000	180.00	2.4205	508.42
7.0000	180.00	2.4205	657.23
6.9000	180.00	2.4205	837.84
6.8000	180.00	2.4205	1056.3
6.7000	180.00	2.4205	1319.6
6.6000	180.00	2.4205	1636.0
6.5000	180.00	2.4205	2015.2
6.4000	180.00	2.4205	2468.4
6.3000	180.00	2.4205	3008.6
6.2000	180.00	2.4205	3651.1
6.1000	180.00	2.4205	4413.5
6.0000	180.00	2.4205	5315.8
5.9000	180.00	2.4205	6381.6
5.8000	180.00	2.4205	7637.5
20.000	0.0000	2.3205	-0.20000
19.000	0.0000	2.3205	-0.49000
18.000	0.0000	2.3205	-0.71000
17.000	0.0000	2.3205	-1.0800
16.000	0.0000	2.3205	-1.3700
15.000	0.0000	2.3205	-2.3500
14.500	0.0000	2.3205	-2.8400
14.000	0.0000	2.3205	-3.6900
13.500	0.0000	2.3205	-4.7000
13.000	0.0000	2.3205	-5.9100
12.500	0.0000	2.3205	-7.7000
12.000	0.0000	2.3205	-10.160
11.700	0.0000	2.3205	-12.000
11.400	0.0000	2.3205	-14.200
11.100	0.0000	2.3205	-17.000
10.800	0.0000	2.3205	-20.580
10.500	0.0000	2.3205	-24.660
10.200	0.0000	2.3205	-29.950
10.000	0.0000	2.3205	-34.110
9.7000	0.0000	2.3205	-41.640
9.4000	0.0000	2.3205	-50.810
9.1000	0.0000	2.3205	-61.620
9.0000	0.0000	2.3205	-65.670
8.9000	0.0000	2.3205	-69.770
8.8000	0.0000	2.3205	-74.160
8.7000	0.0000	2.3205	-78.480
8.6000	0.0000	2.3205	-82.880
8.5000	0.0000	2.3205	-87.440
8.4000	0.0000	2.3205	-91.980
8.3000	0.0000	2.3205	-96.570
8.1000	0.0000	2.3205	-104.29
8.0000	0.0000	2.3205	-107.31
7.9000	0.0000	2.3205	-109.40
7.8000	0.0000	2.3205	-110.25
7.7000	0.0000	2.3205	-109.44
7.6000	0.0000	2.3205	-106.48
7.5000	0.0000	2.3205	-100.73
7.4000	0.0000	2.3205	-91.430
7.3000	0.0000	2.3205	-77.690
7.2000	0.0000	2.3205	-58.360
7.1000	0.0000	2.3205	-31.860
7.0000	0.0000	2.3205	3.2000
6.9000	0.0000	2.3205	48.820
6.8000	0.0000	2.3205	107.58
6.7000	0.0000	2.3205	182.33
6.6000	0.0000	2.3205	276.39
6.5000	0.0000	2.3205	393.94
6.4000	0.0000	2.3205	539.74
6.3000	0.0000	2.3205	719.50
6.2000	0.0000	2.3205	939.89
6.1000	0.0000	2.3205	1208.7
6.0000	0.0000	2.3205	1534.8
5.9000	0.0000	2.3205	1928.4
5.8000	0.0000	2.3205	2401.1
5.7000	0.0000	2.3205	2965.6
5.6000	0.0000	2.3205	3635.6
5.5000	0.0000	2.3205	4425.5
5.4000	0.0000	2.3205	5349.7
5.3000	0.0000	2.3205	6421.6
5.2000	0.0000	2.3205	7649.7
5.1000	0.0000	2.3205	9025.8
20.000	30.000	2.3205	-0.42000
19.000	30.000	2.3205	-0.58000
18.000	30.000	2.3205	-0.71000
17.000	30.000	2.3205	-1.0100
16.000	30.000	2.3205	-1.5900
15.000	30.000	2.3205	-2.2400
14.500	30.000	2.3205	-2.8900
14.000	30.000	2.3205	-3.4300
13.500	30.000	2.3205	-4.3900
13.000	30.000	2.3205	-5.5500
12.500	30.000	2.3205	-7.1600
12.000	30.000	2.3205	-9.3700
11.700	30.000	2.3205	-11.020
11.400	30.000	2.3205	-13.210
11.100	30.000	2.3205	-15.590
10.800	30.000	2.3205	-18.850
10.500	30.000	2.3205	-22.630
10.200	30.000	2.3205	-27.400
10.000	30.000	2.3205	-31.180
9.7000	30.000	2.3205	-37.910
9.4000	30.000	2.3205	-46.080
9.1000	30.000	2.3205	-56.120
9.0000	30.000	2.3205	-59.890
8.9000	30.000	2.3205	-63.770
8.8000	30.000	2.3205	-67.900
8.7000	30.000	2.3205	-72.220
8.6000	30.000	2.3205	-76.700
8.5000	30.000	2.3205	-81.190
8.4000	30.000	2.3205	-85.850
8.3000	30.000	2.3205	-90.510
8.1000	30.000	2.3205	-99.630
8.0000	30.000	2.3205	-103.79
7.9000	30.000	2.3205	-107.39
7.8000	30.000	2.3205	-110.34
7.7000	30.000	2.3205	-112.35
7.6000	30.000	2.3205	-112.99
7.5000	30.000	2.3205	-111.87
7.4000	30.000	2.3205	-108.46
7.3000	30.000	2.3205	-101.98
7.2000	30.000	2.3205	-92.060
7.1000	30.000	2.3205	-77.290
7.0000	30.000	2.3205	-56.680
6.9000	30.000	2.3205	-28.860
6.8000	30.000	2.3205	7.9900
6.7000	30.000	2.3205	56.000
6.6000	30.000	2.3205	117.38
6.5000	30.000	2.3205	195.14
6.4000	30.000	2.3205	292.86
6.3000	30.000	2.3205	414.54
6.2000	30.000	2.3205	564.82
6.1000	30.000	2.3205	749.85
6.0000	30.000	2.3205	975.42
5.9000	30.000	2.3205	1250.2
5.8000	30.000	2.3205	1581.9
5.7000	30.000	2.3205	1980.7
5.6000	30.000	2.3205	2457.0
5.5000	30.000	2.3205	3022.6
5.4000	30.000	2.3205	3688.3
5.3000	30.000	2.3205	4461.1
20.000	60.000	2.3205	-0.30000
19.000	60.000	2.3205	-0.47000
18.000	60.000	2.3205	-0.54000
17.000	60.000	2.3205	-0.76000
16.000	60.000	2.3205	-1.2400
15.000	60.000	2.3205	-1.7900
14.500	60.000	2.3205	-2.3000
14.000	60.000	2.3205	-2.9000
13.500	60.000	2.3205	-3.6100
13.000	60.000	2.3205	-4.5900
12.500	60.000	2.3205	-5.9600
12.000	60.000	2.3205	-7.6700
11.700	60.000	2.3205	-9.0500
11.400	60.000	2.3205	-10.770
11.100	60.000	2.3205	-12.800
10.800	60.000	2.3205	-15.340
10.500	60.000	2.3205	-18.390
10.200	60.000	2.3205	-22.090
10.000	60.000	2.3205	-25.110
9.7000	60.000	2.3205	-30.530
9.4000	60.000	2.3205	-37.110
9.1000	60.000	2.3205	-45.230
9.0000	60.000	2.3205	-48.340
8.9000	60.000	2.3205	-51.680
8.8000	60.000	2.3205	-55.110
8.7000	60.000	2.3205	-58.720
8.6000	60.000	2.3205	-62.630
8.5000	60.000	2.3205	-66.730
8.4000	60.000	2.3205	-71.140
8.3000	60.000	2.3205	-75.620
8.1000	60.000	2.3205	-84.970
8.0000	60.000	2.3205	-89.890
7.9000	60.000	2.3205	-94.670
7.8000	60.000	2.3205	-99.390
7.7000	60.000	2.3205	-104.02
7.6000	60.000	2.3205	-108.02
7.5000	60.000	2.3205	-111.67
7.4000	60.000	2.3205	-114.52
7.3000	60.000	2.3205	-116.30
7.2000	60.000	2.3205	-116.71
7.1000	60.000	2.3205	-115.20
7.0000	60.000	2.3205	-111.47
6.9000	60.000	2.3205	-104.50
6.8000	60.000	2.3205	-93.550
6.7000	60.000	2.3205	-77.800
6.6000	60.000	2.3205	-55.940
6.5000	60.000	2.3205	-26.530
6.4000	60.000	2.3205	12.180
6.3000	60.000	2.3205	62.350
6.2000	60.000	2.3205	126.28
6.1000	60.000	2.3205	207.15
6.0000	60.000	2.3205	308.38
5.9000	60.000	2.3205	434.61
5.8000	60.000	2.3205	589.79
5.7000	60.000	2.3205	780.72
5.6000	60.000	2.3205	1013.7
5.5000	60.000	2.3205	1296.5
5.4000	60.000	2.3205	1638.5
5.3000	60.000	2.3205	2048.6
5.2000	60.000	2.3205	2538.8
5.1000	60.000	2.3205	3117.6
20.000	90.000	2.3205	-0.24000
19.000	90.000	2.3205	-0.40000
18.000	90.000	2.3205	-0.38000
17.000	90.000	2.3205	-0.78000
16.000	90.000	2.3205	-1.0900
15.000	90.000	2.3205	-1.7700
14.500	90.000	2.3205	-2.1800
14.000	90.000	2.3205	-2.6200
13.500	90.000	2.3205	-3.3700
13.000	90.000	2.3205	-4.2800
12.500	90.000	2.3205	-5.4700
12.000	90.000	2.3205	-7.0500
11.700	90.000	2.3205	-8.3800
11.400	90.000	2.3205	-9.9200
11.100	90.000	2.3205	-11.750
10.800	90.000	2.3205	-14.000
10.500	90.000	2.3205	-16.760
10.200	90.000	2.3205	-20.180
10.000	90.000	2.3205	-22.880
9.7000	90.000	2.3205	-27.720
9.4000	90.000	2.3205	-33.670
9.1000	90.000	2.3205	-40.990
9.0000	90.000	2.3205	-43.770
8.9000	90.000	2.3205	-46.730
8.8000	90.000	2.3205	-49.810
8.7000	90.000	2.3205	-53.170
8.6000	90.000	2.3205	-56.730
8.5000	90.000	2.3205	-60.500
8.4000	90.000	2.3205	-64.510
8.3000	90.000	2.3205	-68.640
8.1000	90.000	2.3205	-77.430
8.0000	90.000	2.3205	-82.050
7.9000	90.000	2.3205	-86.760
7.8000	90.000	2.3205	-91.540
7.7000	90.000	2.3205	-96.200
7.6000	90.000	2.3205	-100.68
7.5000	90.000	2.3205	-104.97
7.4000	90.000	2.3205	-108.89
7.3000	90.000	2.3205	-112.15
7.2000	90.000	2.3205	-114.54
7.1000	90.000	2.3205	-115.77
7.0000	90.000	2.3205	-115.50
6.9000	90.000	2.3205	-113.15
6.8000	90.000	2.3205	-108.51
6.7000	90.000	2.3205	-100.29
6.6000	90.000	2.3205	-88.190
6.5000	90.000	2.3205	-70.900
6.4000	90.000	2.3205	-47.250
6.3000	90.000	2.3205	-15.760
6.2000	90.000	2.3205	25.150
6.1000	90.000	2.3205	77.710
6.0000	90.000	2.3205	144.14
5.9000	90.000	2.3205	228.14
5.8000	90.000	2.3205	332.38
5.7000	90.000	2.3205	461.70
5.6000	90.000	2.3205	620.48
5.5000	90.000	2.3205	814.89
5.4000	90.000	2.3205	1051.9
5.3000	90.000	2.3205	1338.2
5.2000	90.000	2.3205	1683.4
5.1000	90.000	2.3205	2097.1
5.0000	90.000	2.3205	2589.6
4.9000	90.000	2.3205	3165.7
20.000	120.00	2.3205	-0.23000
19.000	120.00	2.3205	-0.40000
18.000	120.00	2.3205	-0.58000
17.000	120.00	2.3205	-0.85000
16.000	120.00	2.3205	-1.2700
15.000	120.00	2.3205	-1.9800
14.500	120.00	2.3205	-2.4400
14.000	120.00	2.3205	-3.0200
13.500	120.00	2.3205	-3.8700
13.000	120.00	2.3205	-4.9400
12.500	120.00	2.3205	-6.3600
12.000	120.00	2.3205	-8.2800
11.700	120.00	2.3205	-9.7400
11.400	120.00	2.3205	-11.570
11.100	120.00	2.3205	-13.790
10.800	120.00	2.3205	-16.500
10.500	120.00	2.3205	-19.860
10.200	120.00	2.3205	-24.010
10.000	120.00	2.3205	-27.280
9.7000	120.00	2.3205	-33.110
9.4000	120.00	2.3205	-40.340
9.1000	120.00	2.3205	-49.100
9.0000	120.00	2.3205	-52.440
8.9000	120.00	2.3205	-56.080
8.8000	120.00	2.3205	-59.850
8.7000	120.00	2.3205	-63.800
8.6000	120.00	2.3205	-67.980
8.5000	120.00	2.3205	-72.340
8.4000	120.00	2.3205	-76.860
8.3000	120.00	2.3205	-81.580
8.1000	120.00	2.3205	-91.370
8.0000	120.00	2.3205	-96.330
7.9000	120.00	2.3205	-101.22
7.8000	120.00	2.3205	-105.92
7.7000	120.00	2.3205	-110.35
7.6000	120.00	2.3205	-114.25
7.5000	120.00	2.3205	-117.58
7.4000	120.00	2.3205	-120.04
7.3000	120.00	2.3205	-121.24
7.2000	120.00	2.3205	-120.89
7.1000	120.00	2.3205	-118.36
7.0000	120.00	2.3205	-113.01
6.9000	120.00	2.3205	-104.60
6.8000	120.00	2.3205	-92.200
6.7000	120.00	2.3205	-74.720
6.6000	120.00	2.3205	-50.520
6.5000	120.00	2.3205	-19.190
6.4000	120.00	2.3205	21.570
6.3000	120.00	2.3205	73.430
6.2000	120.00	2.3205	138.30
6.1000	120.00	2.3205	218.80
6.0000	120.00	2.3205	318.39
5.9000	120.00	2.3205	439.72
5.8000	120.00	2.3205	587.09
5.7000	120.00	2.3205	764.58
5.6000	120.00	2.3205	977.01
5.5000	120.00	2.3205	1229.7
5.4000	120.00	2.3205	1528.3
5.3000	120.00	2.3205	1878.8
5.2000	120.00	2.3205	2288.0
5.1000	120.00	2.3205	2762.6
5.0000	120.00	2.3205	3309.0
4.9000	120.00	2.3205	3934.4
20.000	150.00	2.3205	-0.29000
19.000	150.00	2.3205	-0.53000
18.000	150.00	2.3205	-0.75000
17.000	150.00	2.3205	-1.0500
16.000	150.00	2.3205	-1.5900
15.000	150.00	2.3205	-2.3600
14.500	150.00	2.3205	-2.9600
14.000	150.00	2.3205	-3.7100
13.500	150.00	2.3205	-4.7600
13.000	150.00	2.3205	-6.1000
12.500	150.00	2.3205	-7.8500
12.000	150.00	2.3205	-10.430
11.700	150.00	2.3205	-12.360
11.400	150.00	2.3205	-14.710
11.100	150.00	2.3205	-17.730
10.800	150.00	2.3205	-21.310
10.500	150.00	2.3205	-25.830
10.200	150.00	2.3205	-31.390
10.000	150.00	2.3205	-35.670
9.7000	150.00	2.3205	-43.470
9.4000	150.00	2.3205	-53.000
9.1000	150.00	2.3205	-64.480
9.0000	150.00	2.3205	-68.610
8.9000	150.00	2.3205	-73.020
8.8000	150.00	2.3205	-77.590
8.7000	150.00	2.3205	-82.260
8.6000	150.00	2.3205	-87.120
8.5000	150.00	2.3205	-91.970
8.4000	150.00	2.3205	-96.940
8.3000	150.00	2.3205	-101.74
8.1000	150.00	2.3205	-110.66
8.0000	150.00	2.3205	-114.51
7.9000	150.00	2.3205	-117.40
7.8000	150.00	2.3205	-119.48
7.7000	150.00	2.3205	-120.25
7.6000	150.00	2.3205	-119.39
7.5000	150.00	2.3205	-116.36
7.4000	150.00	2.3205	-110.56
7.3000	150.00	2.3205	-101.19
7.2000	150.00	2.3205	-87.790
7.1000	150.00	2.3205	-69.050
7.0000	150.00	2.3205	-43.900
6.9000	150.00	2.3205	-11.070
6.8000	150.00	2.3205	30.850
6.7000	150.00	2.3205	83.800
6.6000	150.00	2.3205	149.89
6.5000	150.00	2.3205	231.55
6.4000	150.00	2.3205	331.54
6.3000	150.00	2.3205	452.75
6.2000	150.00	2.3205	599.49
6.1000	150.00	2.3205	775.52
6.0000	150.00	2.3205	985.25
5.9000	150.00	2.3205	1234.2
5.8000	150.00	2.3205	1528.4
5.7000	150.00	2.3205	1874.7
5.6000	150.00	2.3205	2280.9
5.5000	150.00	2.3205	2756.4
5.4000	150.00	2.3205	3311.7
5.3000	150.00	2.3205	3959.7
20.000	180.00	2.3205	-0.40000
19.000	180.00	2.3205	-0.61000
18.000	180.00	2.3205	-0.79000
17.000	180.00	2.3205	-1.1100
16.000	180.00	2.3205	-1.6300
15.000	180.00	2.3205	-2.5700
14.500	180.00	2.3205	-3.2300
14.000	180.00	2.3205	-4.0800
13.500	180.00	2.3205	-5.1700
13.000	180.00	2.3205	-6.6400
12.500	180.00	2.3205	-8.7100
12.000	180.00	2.3205	-11.530
11.700	180.00	2.3205	-13.740
11.400	180.00	2.3205	-16.440
11.100	180.00	2.3205	-19.790
10.800	180.00	2.3205	-23.890
10.500	180.00	2.3205	-28.920
10.200	180.00	2.3205	-35.050
10.000	180.00	2.3205	-40.090
9.7000	180.00	2.3205	-48.850
9.4000	180.00	2.3205	-59.390
9.1000	180.00	2.3205	-71.580
9.0000	180.00	2.3205	-76.020
8.9000	180.00	2.3205	-80.600
8.8000	180.00	2.3205	-85.260
8.7000	180.00	2.3205	-90.070
8.6000	180.00	2.3205	-94.660
8.5000	180.00	2.3205	-99.270
8.4000	180.00	2.3205	-103.61
8.3000	180.00	2.3205	-107.58
8.1000	180.00	2.3205	-113.55
8.0000	180.00	2.3205	-115.16
7.9000	180.00	2.3205	-115.40
7.8000	180.00	2.3205	-113.88
7.7000	180.00	2.3205	-110.18
7.6000	180.00	2.3205	-103.61
7.5000	180.00	2.3205	-93.150
7.4000	180.00	2.3205	-78.650
7.3000	180.00	2.3205	-58.640
7.2000	180.00	2.3205	-32.120
7.1000	180.00	2.3205	2.3300
7.0000	180.00	2.3205	46.180
6.9000	180.00	2.3205	101.72
6.8000	180.00	2.3205	170.83
6.7000	180.00	2.3205	256.17
6.6000	180.00	2.3205	360.64
6.5000	180.00	2.3205	487.81
6.4000	180.00	2.3205	641.56
6.3000	180.00	2.3205	826.51
6.2000	180.00	2.3205	1048.0
6.1000	180.00	2.3205	1312.1
6.0000	180.00	2.3205	1626.1
5.9000	180.00	2.3205	1998.4
5.8000	180.00	2.3205	2439.2
5.7000	180.00	2.3205	2960.2
5.6000	180.00	2.3205	3575.9
5.5000	180.00	2.3205	4303.8
5.4000	180.00	2.3205	5165.0
5.3000	180.00	2.3205	6185.8
5.2000	180.00	2.3205	7397.9
5.1000	180.00	2.3205	8840.3
5.0000	180.00	2.3205	10559
4.9000	180.00	2.3205	12608
20.000	0.0000	2.2205	-0.39000
19.000	0.0000	2.2205	-0.52000
18.000	0.0000	2.2205	-0.81000
17.000	0.0000	2.2205	-1.2100
16.000	0.0000	2.2205	-1.7100
15.000	0.0000	2.2205	-2.2300
14.500	0.0000	2.2205	-2.9100
14.000	0.0000	2.2205	-3.5300
13.500	0.0000	2.2205	-4.6000
13.000	0.0000	2.2205	-5.8400
12.500	0.0000	2.2205	-7.6000
12.000	0.0000	2.2205	-9.9600
11.700	0.0000	2.2205	-11.770
11.400	0.0000	2.2205	-13.990
11.100	0.0000	2.2205	-16.730
10.800	0.0000	2.2205	-20.100
10.500	0.0000	2.2205	-24.140
10.200	0.0000	2.2205	-29.270
10.000	0.0000	2.2205	-33.400
9.7000	0.0000	2.2205	-40.630
9.4000	0.0000	2.2205	-49.330
9.1000	0.0000	2.2205	-59.820
9.0000	0.0000	2.2205	-63.890
8.9000	0.0000	2.2205	-67.840
8.8000	0.0000	2.2205	-71.970
8.7000	0.0000	2.2205	-76.280
8.6000	0.0000	2.2205	-80.640
8.5000	0.0000	2.2205	-85.100
8.4000	0.0000	2.2205	-89.440
8.3000	0.0000	2.2205	-93.550
8.1000	0.0000	2.2205	-101.02
8.0000	0.0000	2.2205	-103.83
7.9000	0.0000	2.2205	-105.80
7.8000	0.0000	2.2205	-106.68
7.7000	0.0000	2.2205	-105.80
7.6000	0.0000	2.2205	-102.85
7.5000	0.0000	2.2205	-97.170
7.4000	0.0000	2.2205	-88.070
7.3000	0.0000	2.2205	-74.600
7.2000	0.0000	2.2205	-55.880
7.1000	0.0000	2.2205	-30.150
7.0000	0.0000	2.2205	3.9800
6.9000	0.0000	2.2205	48.620
6.8000	0.0000	2.2205	105.76
6.7000	0.0000	2.2205	178.39
6.6000	0.0000	2.2205	269.83
6.5000	0.0000	2.2205	384.08
6.4000	0.0000	2.2205	525.92
6.3000	0.0000	2.2205	700.78
6.2000	0.0000	2.2205	915.21
6.1000	0.0000	2.2205	1177.0
6.0000	0.0000	2.2205	1494.8
5.9000	0.0000	2.2205	1879.0
5.8000	0.0000	2.2205	2340.9
5.7000	0.0000	2.2205	2893.8
5.6000	0.0000	2.2205	3551.4
5.5000	0.0000	2.2205	4328.6
5.4000	0.0000	2.2205	5241.2
5.3000	0.0000	2.2205	6302.9
5.2000	0.0000	2.2205	7526.9
5.1000	0.0000	2.2205	8919.3
5.0000	0.0000	2.2205	10480
20.000	30.000	2.2205	-0.54000
19.000	30.000	2.2205	-0.51000
18.000	30.000	2.2205	-0.88000
17.000	30.000	2.2205	-1.1100
16.000	30.000	2.2205	-1.5300
15.000	30.000	2.2205	-2.3300
14.500	30.000	2.2205	-2.7200
14.000	30.000	2.2205	-3.5200
13.500	30.000	2.2205	-4.2800
13.000	30.000	2.2205	-5.4200
12.500	30.000	2.2205	-7.1200
12.000	30.000	2.2205	-9.3100
11.700	30.000	2.2205	-10.830
11.400	30.000	2.2205	-12.840
11.100	30.000	2.2205	-15.360
10.800	30.000	2.2205	-18.450
10.500	30.000	2.2205	-22.190
10.200	30.000	2.2205	-26.700
10.000	30.000	2.2205	-30.180
9.7000	30.000	2.2205	-36.910
9.4000	30.000	2.2205	-45.020
9.1000	30.000	2.2205	-54.720
9.0000	30.000	2.2205	-58.360
8.9000	30.000	2.2205	-62.180
8.8000	30.000	2.2205	-66.190
8.7000	30.000	2.2205	-70.500
8.6000	30.000	2.2205	-74.860
8.5000	30.000	2.2205	-79.290
8.4000	30.000	2.2205	-83.820
8.3000	30.000	2.2205	-88.120
8.1000	30.000	2.2205	-97.010
8.0000	30.000	2.2205	-101.16
7.9000	30.000	2.2205	-104.63
7.8000	30.000	2.2205	-107.49
7.7000	30.000	2.2205	-109.41
7.6000	30.000	2.2205	-110.04
7.5000	30.000	2.2205	-108.97
7.4000	30.000	2.2205	-105.69
7.3000	30.000	2.2205	-99.440
7.2000	30.000	2.2205	-89.860
7.1000	30.000	2.2205	-75.470
7.0000	30.000	2.2205	-55.610
6.9000	30.000	2.2205	-28.510
6.8000	30.000	2.2205	7.3300
6.7000	30.000	2.2205	53.840
6.6000	30.000	2.2205	113.33
6.5000	30.000	2.2205	188.95
6.4000	30.000	2.2205	283.81
6.3000	30.000	2.2205	402.10
6.2000	30.000	2.2205	548.63
6.1000	30.000	2.2205	728.97
6.0000	30.000	2.2205	949.62
5.9000	30.000	2.2205	1218.3
5.8000	30.000	2.2205	1543.6
5.7000	30.000	2.2205	1936.0
5.6000	30.000	2.2205	2406.3
5.5000	30.000	2.2205	2967.6
5.4000	30.000	2.2205	3633.0
5.3000	30.000	2.2205	4416.9
5.2000	30.000	2.2205	5333.6
5.1000	30.000	2.2205	6394.9
20.000	60.000	2.2205	-0.33000
19.000	60.000	2.2205	-0.49000
18.000	60.000	2.2205	-0.66000
17.000	60.000	2.2205	-0.87000
16.000	60.000	2.2205	-1.2800
15.000	60.000	2.2205	-1.7600
14.500	60.000	2.2205	-2.3700
14.000	60.000	2.2205	-2.8600
13.500	60.000	2.2205	-3.6000
13.000	60.000	2.2205	-4.5800
12.500	60.000	2.2205	-5.8700
12.000	60.000	2.2205	-7.6200
11.700	60.000	2.2205	-8.8400
11.400	60.000	2.2205	-10.580
11.100	60.000	2.2205	-12.570
10.800	60.000	2.2205	-15.050
10.500	60.000	2.2205	-17.990
10.200	60.000	2.2205	-21.690
10.000	60.000	2.2205	-24.640
9.7000	60.000	2.2205	-29.850
9.4000	60.000	2.2205	-36.290
9.1000	60.000	2.2205	-44.270
9.0000	60.000	2.2205	-47.290
8.9000	60.000	2.2205	-50.520
8.8000	60.000	2.2205	-53.950
8.7000	60.000	2.2205	-57.470
8.6000	60.000	2.2205	-61.430
8.5000	60.000	2.2205	-65.360
8.4000	60.000	2.2205	-69.590
8.3000	60.000	2.2205	-73.990
8.1000	60.000	2.2205	-83.290
8.0000	60.000	2.2205	-88.050
7.9000	60.000	2.2205	-92.830
7.8000	60.000	2.2205	-97.770
7.7000	60.000	2.2205	-102.05
7.6000	60.000	2.2205	-106.35
7.5000	60.000	2.2205	-110.08
7.4000	60.000	2.2205	-113.07
7.3000	60.000	2.2205	-115.00
7.2000	60.000	2.2205	-115.66
7.1000	60.000	2.2205	-114.38
7.0000	60.000	2.2205	-111.04
6.9000	60.000	2.2205	-104.66
6.8000	60.000	2.2205	-94.510
6.7000	60.000	2.2205	-79.700
6.6000	60.000	2.2205	-58.840
6.5000	60.000	2.2205	-30.820
6.4000	60.000	2.2205	6.2800
6.3000	60.000	2.2205	54.500
6.2000	60.000	2.2205	116.23
6.1000	60.000	2.2205	194.34
6.0000	60.000	2.2205	292.73
5.9000	60.000	2.2205	415.13
5.8000	60.000	2.2205	566.51
5.7000	60.000	2.2205	752.98
5.6000	60.000	2.2205	981.49
5.5000	60.000	2.2205	1259.5
5.4000	60.000	2.2205	1596.6
5.3000	60.000	2.2205	2003.4
5.2000	60.000	2.2205	2491.6
5.1000	60.000	2.2205	3075.6
5.0000	60.000	2.2205	3769.8
4.9000	60.000	2.2205	4589.7
20.000	90.000	2.2205	-0.35000
19.000	90.000	2.2205	-0.47000
18.000	90.000	2.2205	-0.48000
17.000	90.000	2.2205	-0.97000
16.000	90.000	2.2205	-1.2100
15.000	90.000	2.2205	-1.8900
14.500	90.000	2.2205	-2.2900
14.000	90.000	2.2205	-2.6500
13.500	90.000	2.2205	-3.2300
13.000	90.000	2.2205	-4.2200
12.500	90.000	2.2205	-5.4100
12.000	90.000	2.2205	-7.0000
11.700	90.000	2.2205	-8.2100
11.400	90.000	2.2205	-9.6600
11.100	90.000	2.2205	-11.490
10.800	90.000	2.2205	-13.670
10.500	90.000	2.2205	-16.340
10.200	90.000	2.2205	-19.700
10.000	90.000	2.2205	-22.360
9.7000	90.000	2.2205	-27.060
9.4000	90.000	2.2205	-32.920
9.1000	90.000	2.2205	-40.090
9.0000	90.000	2.2205	-42.820
8.9000	90.000	2.2205	-45.550
8.8000	90.000	2.2205	-48.800
8.7000	90.000	2.2205	-52.080
8.6000	90.000	2.2205	-55.600
8.5000	90.000	2.2205	-59.330
8.4000	90.000	2.2205	-63.230
8.3000	90.000	2.2205	-67.280
8.1000	90.000	2.2205	-76.060
8.0000	90.000	2.2205	-80.680
7.9000	90.000	2.2205	-85.400
7.8000	90.000	2.2205	-90.170
7.7000	90.000	2.2205	-94.880
7.6000	90.000	2.2205	-99.530
7.5000	90.000	2.2205	-104.02
7.4000	90.000	2.2205	-108.06
7.3000	90.000	2.2205	-111.52
7.2000	90.000	2.2205	-114.23
7.1000	90.000	2.2205	-115.83
7.0000	90.000	2.2205	-115.98
6.9000	90.000	2.2205	-114.24
6.8000	90.000	2.2205	-110.02
6.7000	90.000	2.2205	-102.73
6.6000	90.000	2.2205	-91.580
6.5000	90.000	2.2205	-75.520
6.4000	90.000	2.2205	-53.270
6.3000	90.000	2.2205	-23.290
6.2000	90.000	2.2205	15.810
6.1000	90.000	2.2205	66.260
6.0000	90.000	2.2205	130.55
5.9000	90.000	2.2205	211.54
5.8000	90.000	2.2205	313.03
5.7000	90.000	2.2205	438.88
5.6000	90.000	2.2205	594.19
5.5000	90.000	2.2205	784.54
5.4000	90.000	2.2205	1017.1
5.3000	90.000	2.2205	1299.6
5.2000	90.000	2.2205	1641.3
5.1000	90.000	2.2205	2052.6
5.0000	90.000	2.2205	2545.9
4.9000	90.000	2.2205	3133.9
20.000	120.00	2.2205	-0.40000
19.000	120.00	2.2205	-0.47000
18.000	120.00	2.2205	-0.66000
17.000	120.00	2.2205	-0.92000
16.000	120.00	2.2205	-1.3500
15.000	120.00	2.2205	-1.9700
14.500	120.00	2.2205	-2.3000
14.000	120.00	2.2205	-2.9800
13.500	120.00	2.2205	-3.7800
13.000	120.00	2.2205	-4.8100
12.500	120.00	2.2205	-6.1900
12.000	120.00	2.2205	-8.0600
11.700	120.00	2.2205	-9.4800
11.400	120.00	2.2205	-11.250
11.100	120.00	2.2205	-13.380
10.800	120.00	2.2205	-16.000
10.500	120.00	2.2205	-19.370
10.200	120.00	2.2205	-23.380
10.000	120.00	2.2205	-26.320
9.7000	120.00	2.2205	-32.130
9.4000	120.00	2.2205	-39.140
9.1000	120.00	2.2205	-47.770
9.0000	120.00	2.2205	-51.020
8.9000	120.00	2.2205	-54.400
8.8000	120.00	2.2205	-58.140
8.7000	120.00	2.2205	-61.970
8.6000	120.00	2.2205	-66.200
8.5000	120.00	2.2205	-70.350
8.4000	120.00	2.2205	-74.970
8.3000	120.00	2.2205	-79.630
8.1000	120.00	2.2205	-89.380
8.0000	120.00	2.2205	-94.360
7.9000	120.00	2.2205	-99.240
7.8000	120.00	2.2205	-104.06
7.7000	120.00	2.2205	-108.63
7.6000	120.00	2.2205	-112.84
7.5000	120.00	2.2205	-116.46
7.4000	120.00	2.2205	-119.21
7.3000	120.00	2.2205	-120.96
7.2000	120.00	2.2205	-121.22
7.1000	120.00	2.2205	-119.58
7.0000	120.00	2.2205	-115.42
6.9000	120.00	2.2205	-108.29
6.8000	120.00	2.2205	-97.300
6.7000	120.00	2.2205	-81.590
6.6000	120.00	2.2205	-59.980
6.5000	120.00	2.2205	-31.430
6.4000	120.00	2.2205	6.0500
6.3000	120.00	2.2205	53.950
6.2000	120.00	2.2205	114.46
6.1000	120.00	2.2205	190.18
6.0000	120.00	2.2205	283.84
5.9000	120.00	2.2205	398.92
5.8000	120.00	2.2205	539.03
5.7000	120.00	2.2205	708.44
5.6000	120.00	2.2205	912.30
5.5000	120.00	2.2205	1155.9
5.4000	120.00	2.2205	1445.4
5.3000	120.00	2.2205	1787.3
5.2000	120.00	2.2205	2189.1
5.1000	120.00	2.2205	2658.4
5.0000	120.00	2.2205	3204.0
4.9000	120.00	2.2205	3833.7
20.000	150.00	2.2205	-0.36000
19.000	150.00	2.2205	-0.65000
18.000	150.00	2.2205	-0.76000
17.000	150.00	2.2205	-1.0600
16.000	150.00	2.2205	-1.5800
15.000	150.00	2.2205	-2.3500
14.500	150.00	2.2205	-2.9200
14.000	150.00	2.2205	-3.6400
13.500	150.00	2.2205	-4.5100
13.000	150.00	2.2205	-5.9200
12.500	150.00	2.2205	-7.6600
12.000	150.00	2.2205	-9.9900
11.700	150.00	2.2205	-11.910
11.400	150.00	2.2205	-14.220
11.100	150.00	2.2205	-17.030
10.800	150.00	2.2205	-20.490
10.500	150.00	2.2205	-24.820
10.200	150.00	2.2205	-29.980
10.000	150.00	2.2205	-34.310
9.7000	150.00	2.2205	-41.680
9.4000	150.00	2.2205	-50.880
9.1000	150.00	2.2205	-61.870
9.0000	150.00	2.2205	-65.930
8.9000	150.00	2.2205	-70.200
8.8000	150.00	2.2205	-74.670
8.7000	150.00	2.2205	-79.290
8.6000	150.00	2.2205	-84.050
8.5000	150.00	2.2205	-88.900
8.4000	150.00	2.2205	-93.780
8.3000	150.00	2.2205	-98.530
8.1000	150.00	2.2205	-107.67
8.0000	150.00	2.2205	-111.65
7.9000	150.00	2.2205	-115.07
7.8000	150.00	2.2205	-117.65
7.7000	150.00	2.2205	-119.17
7.6000	150.00	2.2205	-119.10
7.5000	150.00	2.2205	-117.19
7.4000	150.00	2.2205	-112.87
7.3000	150.00	2.2205	-105.60
7.2000	150.00	2.2205	-94.390
7.1000	150.00	2.2205	-78.670
7.0000	150.00	2.2205	-57.230
6.9000	150.00	2.2205	-29.050
6.8000	150.00	2.2205	7.5900
6.7000	150.00	2.2205	54.220
6.6000	150.00	2.2205	112.95
6.5000	150.00	2.2205	185.65
6.4000	150.00	2.2205	274.92
6.3000	150.00	2.2205	384.08
6.2000	150.00	2.2205	516.19
6.1000	150.00	2.2205	675.16
6.0000	150.00	2.2205	865.48
5.9000	150.00	2.2205	1092.1
5.8000	150.00	2.2205	1360.8
5.7000	150.00	2.2205	1677.8
5.6000	150.00	2.2205	2050.9
5.5000	150.00	2.2205	2488.6
20.000	180.00	2.2205	-0.45000
19.000	180.00	2.2205	-0.60000
18.000	180.00	2.2205	-0.85000
17.000	180.00	2.2205	-1.2100
16.000	180.00	2.2205	-1.6600
15.000	180.00	2.2205	-2.5500
14.500	180.00	2.2205	-3.1500
14.000	180.00	2.2205	-3.9700
13.500	180.00	2.2205	-5.0300
13.000	180.00	2.2205	-6.3500
12.500	180.00	2.2205	-8.4600
12.000	180.00	2.2205	-11.100
11.700	180.00	2.2205	-13.310
11.400	180.00	2.2205	-15.750
11.100	180.00	2.2205	-18.880
10.800	180.00	2.2205	-22.830
10.500	180.00	2.2205	-27.750
10.200	180.00	2.2205	-33.550
10.000	180.00	2.2205	-38.320
9.7000	180.00	2.2205	-46.410
9.4000	180.00	2.2205	-56.610
9.1000	180.00	2.2205	-68.390
9.0000	180.00	2.2205	-72.730
8.9000	180.00	2.2205	-77.190
8.8000	180.00	2.2205	-81.750
8.7000	180.00	2.2205	-86.380
8.6000	180.00	2.2205	-91.020
8.5000	180.00	2.2205	-95.540
8.4000	180.00	2.2205	-99.940
8.3000	180.00	2.2205	-104.04
8.1000	180.00	2.2205	-110.73
8.0000	180.00	2.2205	-112.79
7.9000	180.00	2.2205	-113.84
7.8000	180.00	2.2205	-113.28
7.7000	180.00	2.2205	-110.84
7.6000	180.00	2.2205	-105.71
7.5000	180.00	2.2205	-97.840
7.4000	180.00	2.2205	-85.960
7.3000	180.00	2.2205	-69.070
7.2000	180.00	2.2205	-46.620
7.1000	180.00	2.2205	-17.480
7.0000	180.00	2.2205	20.400
6.9000	180.00	2.2205	68.420
6.8000	180.00	2.2205	128.79
6.7000	180.00	2.2205	203.44
6.6000	180.00	2.2205	295.06
6.5000	180.00	2.2205	406.78
6.4000	180.00	2.2205	542.02
6.3000	180.00	2.2205	705.37
6.2000	180.00	2.2205	901.28
6.1000	180.00	2.2205	1135.3
6.0000	180.00	2.2205	1414.0
5.9000	180.00	2.2205	1745.0
5.8000	180.00	2.2205	2137.2
5.7000	180.00	2.2205	2601.7
5.6000	180.00	2.2205	3151.3
5.5000	180.00	2.2205	3802.0
5.4000	180.00	2.2205	4573.1
5.3000	180.00	2.2205	5488.7
5.2000	180.00	2.2205	6578.0
5.1000	180.00	2.2205	7876.5
5.0000	180.00	2.2205	9427.0
4.9000	180.00	2.2205	11281
20.000	0.0000	2.1205	-0.53000
19.000	0.0000	2.1205	-0.76000
18.000	0.0000	2.1205	-0.87000
17.000	0.0000	2.1205	-1.2500
16.000	0.0000	2.1205	-1.7400
15.000	0.0000	2.1205	-2.4200
14.500	0.0000	2.1205	-3.0600
14.000	0.0000	2.1205	-3.6800
13.500	0.0000	2.1205	-4.7100
13.000	0.0000	2.1205	-5.9800
12.500	0.0000	2.1205	-7.4800
12.000	0.0000	2.1205	-9.9300
11.700	0.0000	2.1205	-11.560
11.400	0.0000	2.1205	-13.520
11.100	0.0000	2.1205	-16.450
10.800	0.0000	2.1205	-19.520
10.500	0.0000	2.1205	-23.490
10.200	0.0000	2.1205	-28.490
10.000	0.0000	2.1205	-32.440
9.7000	0.0000	2.1205	-39.450
9.4000	0.0000	2.1205	-48.040
9.1000	0.0000	2.1205	-58.180
9.0000	0.0000	2.1205	-61.930
8.9000	0.0000	2.1205	-65.930
8.8000	0.0000	2.1205	-69.900
8.7000	0.0000	2.1205	-74.190
8.6000	0.0000	2.1205	-78.390
8.5000	0.0000	2.1205	-82.630
8.4000	0.0000	2.1205	-86.840
8.3000	0.0000	2.1205	-90.890
8.1000	0.0000	2.1205	-98.010
8.0000	0.0000	2.1205	-100.77
7.9000	0.0000	2.1205	-102.57
7.8000	0.0000	2.1205	-103.18
7.7000	0.0000	2.1205	-102.33
7.6000	0.0000	2.1205	-99.350
7.5000	0.0000	2.1205	-93.570
7.4000	0.0000	2.1205	-84.600
7.3000	0.0000	2.1205	-71.630
7.2000	0.0000	2.1205	-53.120
7.1000	0.0000	2.1205	-28.020
7.0000	0.0000	2.1205	5.2500
6.9000	0.0000	2.1205	48.500
6.8000	0.0000	2.1205	104.15
6.7000	0.0000	2.1205	174.86
6.6000	0.0000	2.1205	263.88
6.5000	0.0000	2.1205	375.30
6.4000	0.0000	2.1205	513.29
6.3000	0.0000	2.1205	683.53
6.2000	0.0000	2.1205	892.43
6.1000	0.0000	2.1205	1147.5
6.0000	0.0000	2.1205	1457.6
5.9000	0.0000	2.1205	1832.7
5.8000	0.0000	2.1205	2284.4
5.7000	0.0000	2.1205	2825.8
5.6000	0.0000	2.1205	3471.4
5.5000	0.0000	2.1205	4236.8
5.4000	0.0000	2.1205	5137.7
5.3000	0.0000	2.1205	6190.2
5.2000	0.0000	2.1205	7407.4
5.1000	0.0000	2.1205	8798.5
5.0000	0.0000	2.1205	10366
4.9000	0.0000	2.1205	12102
20.000	30.000	2.1205	-0.74000
19.000	30.000	2.1205	-0.79000
18.000	30.000	2.1205	-0.95000
17.000	30.000	2.1205	-1.2500
16.000	30.000	2.1205	-1.6000
15.000	30.000	2.1205	-2.3100
14.500	30.000	2.1205	-2.9000
14.000	30.000	2.1205	-3.3200
13.500	30.000	2.1205	-4.2100
13.000	30.000	2.1205	-5.2900
12.500	30.000	2.1205	-6.7900
12.000	30.000	2.1205	-8.8500
11.700	30.000	2.1205	-10.670
11.400	30.000	2.1205	-12.440
11.100	30.000	2.1205	-14.900
10.800	30.000	2.1205	-17.890
10.500	30.000	2.1205	-21.460
10.200	30.000	2.1205	-25.980
10.000	30.000	2.1205	-29.550
9.7000	30.000	2.1205	-35.940
9.4000	30.000	2.1205	-43.740
9.1000	30.000	2.1205	-53.190
9.0000	30.000	2.1205	-56.710
8.9000	30.000	2.1205	-60.430
8.8000	30.000	2.1205	-64.330
8.7000	30.000	2.1205	-68.440
8.6000	30.000	2.1205	-72.670
8.5000	30.000	2.1205	-76.900
8.4000	30.000	2.1205	-81.310
8.3000	30.000	2.1205	-85.780
8.1000	30.000	2.1205	-94.310
8.0000	30.000	2.1205	-98.230
7.9000	30.000	2.1205	-101.67
7.8000	30.000	2.1205	-104.45
7.7000	30.000	2.1205	-106.31
7.6000	30.000	2.1205	-106.92
7.5000	30.000	2.1205	-105.87
7.4000	30.000	2.1205	-102.68
7.3000	30.000	2.1205	-96.720
7.2000	30.000	2.1205	-87.100
7.1000	30.000	2.1205	-73.260
7.0000	30.000	2.1205	-53.780
6.9000	30.000	2.1205	-27.510
6.8000	30.000	2.1205	7.3500
6.7000	30.000	2.1205	52.650
6.6000	30.000	2.1205	110.57
6.5000	30.000	2.1205	184.11
6.4000	30.000	2.1205	276.48
6.3000	30.000	2.1205	391.69
6.2000	30.000	2.1205	534.42
6.1000	30.000	2.1205	710.00
6.0000	30.000	2.1205	925.64
5.9000	30.000	2.1205	1188.2
5.8000	30.000	2.1205	1507.2
5.7000	30.000	2.1205	1892.2
5.6000	30.000	2.1205	2354.9
5.5000	30.000	2.1205	2908.6
5.4000	30.000	2.1205	3567.7
5.3000	30.000	2.1205	4347.7
5.2000	30.000	2.1205	5264.3
5.1000	30.000	2.1205	6333.2
5.0000	30.000	2.1205	7567.4
4.9000	30.000	2.1205	8975.6
20.000	60.000	2.1205	-0.56000
19.000	60.000	2.1205	-0.64000
18.000	60.000	2.1205	-0.74000
17.000	60.000	2.1205	-0.98000
16.000	60.000	2.1205	-1.4900
15.000	60.000	2.1205	-2.0500
14.500	60.000	2.1205	-2.3900
14.000	60.000	2.1205	-3.0500
13.500	60.000	2.1205	-3.5200
13.000	60.000	2.1205	-4.3800
12.500	60.000	2.1205	-5.6200
12.000	60.000	2.1205	-7.4100
11.700	60.000	2.1205	-8.7200
11.400	60.000	2.1205	-10.320
11.100	60.000	2.1205	-12.240
10.800	60.000	2.1205	-14.620
10.500	60.000	2.1205	-17.530
10.200	60.000	2.1205	-21.000
10.000	60.000	2.1205	-23.890
9.7000	60.000	2.1205	-28.990
9.4000	60.000	2.1205	-35.310
9.1000	60.000	2.1205	-43.070
9.0000	60.000	2.1205	-45.970
8.9000	60.000	2.1205	-49.260
8.8000	60.000	2.1205	-52.600
8.7000	60.000	2.1205	-56.110
8.6000	60.000	2.1205	-59.930
8.5000	60.000	2.1205	-63.830
8.4000	60.000	2.1205	-67.970
8.3000	60.000	2.1205	-72.320
8.1000	60.000	2.1205	-81.420
8.0000	60.000	2.1205	-86.200
7.9000	60.000	2.1205	-90.930
7.8000	60.000	2.1205	-95.610
7.7000	60.000	2.1205	-100.13
7.6000	60.000	2.1205	-104.36
7.5000	60.000	2.1205	-108.12
7.4000	60.000	2.1205	-111.02
7.3000	60.000	2.1205	-113.29
7.2000	60.000	2.1205	-114.14
7.1000	60.000	2.1205	-113.32
7.0000	60.000	2.1205	-110.01
6.9000	60.000	2.1205	-104.09
6.8000	60.000	2.1205	-94.550
6.7000	60.000	2.1205	-80.470
6.6000	60.000	2.1205	-60.720
6.5000	60.000	2.1205	-33.850
6.4000	60.000	2.1205	1.8100
6.3000	60.000	2.1205	48.180
6.2000	60.000	2.1205	107.86
6.1000	60.000	2.1205	183.64
6.0000	60.000	2.1205	279.03
5.9000	60.000	2.1205	398.06
5.8000	60.000	2.1205	545.68
5.7000	60.000	2.1205	727.36
5.6000	60.000	2.1205	950.57
5.5000	60.000	2.1205	1223.2
5.4000	60.000	2.1205	1554.5
5.3000	60.000	2.1205	1955.4
5.2000	60.000	2.1205	2438.7
5.1000	60.000	2.1205	3018.5
5.0000	60.000	2.1205	3711.2
4.9000	60.000	2.1205	4534.3
20.000	90.000	2.1205	-0.53000
19.000	90.000	2.1205	-0.58000
18.000	90.000	2.1205	-0.73000
17.000	90.000	2.1205	-1.0500
16.000	90.000	2.1205	-1.2900
15.000	90.000	2.1205	-1.8500
14.500	90.000	2.1205	-2.2900
14.000	90.000	2.1205	-2.8400
13.500	90.000	2.1205	-3.3900
13.000	90.000	2.1205	-4.0000
12.500	90.000	2.1205	-5.1500
12.000	90.000	2.1205	-6.8000
11.700	90.000	2.1205	-7.8200
11.400	90.000	2.1205	-9.3100
11.100	90.000	2.1205	-11.180
10.800	90.000	2.1205	-13.280
10.500	90.000	2.1205	-15.900
10.200	90.000	2.1205	-19.130
10.000	90.000	2.1205	-21.690
9.7000	90.000	2.1205	-26.300
9.4000	90.000	2.1205	-31.990
9.1000	90.000	2.1205	-39.010
9.0000	90.000	2.1205	-41.680
8.9000	90.000	2.1205	-44.430
8.8000	90.000	2.1205	-47.330
8.7000	90.000	2.1205	-50.720
8.6000	90.000	2.1205	-54.030
8.5000	90.000	2.1205	-57.890
8.4000	90.000	2.1205	-61.670
8.3000	90.000	2.1205	-65.730
8.1000	90.000	2.1205	-74.460
8.0000	90.000	2.1205	-79.040
7.9000	90.000	2.1205	-83.770
7.8000	90.000	2.1205	-88.560
7.7000	90.000	2.1205	-93.340
7.6000	90.000	2.1205	-98.040
7.5000	90.000	2.1205	-102.58
7.4000	90.000	2.1205	-106.61
7.3000	90.000	2.1205	-110.48
7.2000	90.000	2.1205	-113.53
7.1000	90.000	2.1205	-115.34
7.0000	90.000	2.1205	-115.95
6.9000	90.000	2.1205	-114.84
6.8000	90.000	2.1205	-111.34
6.7000	90.000	2.1205	-104.88
6.6000	90.000	2.1205	-94.650
6.5000	90.000	2.1205	-79.710
6.4000	90.000	2.1205	-58.870
6.3000	90.000	2.1205	-30.740
6.2000	90.000	2.1205	6.3900
6.1000	90.000	2.1205	54.510
6.0000	90.000	2.1205	116.15
5.9000	90.000	2.1205	194.23
5.8000	90.000	2.1205	292.21
5.7000	90.000	2.1205	414.24
5.6000	90.000	2.1205	565.25
5.5000	90.000	2.1205	751.22
5.4000	90.000	2.1205	978.63
5.3000	90.000	2.1205	1255.6
5.2000	90.000	2.1205	1591.8
5.1000	90.000	2.1205	1997.9
5.0000	90.000	2.1205	2486.1
4.9000	90.000	2.1205	3071.2
20.000	120.00	2.1205	-0.60000
19.000	120.00	2.1205	-0.62000
18.000	120.00	2.1205	-0.86000
17.000	120.00	2.1205	-1.1200
16.000	120.00	2.1205	-1.4800
15.000	120.00	2.1205	-2.0400
14.500	120.00	2.1205	-2.4000
14.000	120.00	2.1205	-2.9100
13.500	120.00	2.1205	-3.6800
13.000	120.00	2.1205	-4.6800
12.500	120.00	2.1205	-5.9700
12.000	120.00	2.1205	-7.6500
11.700	120.00	2.1205	-9.0600
11.400	120.00	2.1205	-10.690
11.100	120.00	2.1205	-12.900
10.800	120.00	2.1205	-15.410
10.500	120.00	2.1205	-18.400
10.200	120.00	2.1205	-22.320
10.000	120.00	2.1205	-25.480
9.7000	120.00	2.1205	-30.910
9.4000	120.00	2.1205	-37.710
9.1000	120.00	2.1205	-46.070
9.0000	120.00	2.1205	-49.250
8.9000	120.00	2.1205	-52.700
8.8000	120.00	2.1205	-56.130
8.7000	120.00	2.1205	-60.100
8.6000	120.00	2.1205	-64.110
8.5000	120.00	2.1205	-68.240
8.4000	120.00	2.1205	-72.540
8.3000	120.00	2.1205	-77.340
8.1000	120.00	2.1205	-87.050
8.0000	120.00	2.1205	-91.980
7.9000	120.00	2.1205	-97.010
7.8000	120.00	2.1205	-101.92
7.7000	120.00	2.1205	-106.56
7.6000	120.00	2.1205	-111.00
7.5000	120.00	2.1205	-114.92
7.4000	120.00	2.1205	-118.02
7.3000	120.00	2.1205	-120.31
7.2000	120.00	2.1205	-121.22
7.1000	120.00	2.1205	-120.33
7.0000	120.00	2.1205	-117.30
6.9000	120.00	2.1205	-111.47
6.8000	120.00	2.1205	-102.09
6.7000	120.00	2.1205	-88.280
6.6000	120.00	2.1205	-69.050
6.5000	120.00	2.1205	-43.160
6.4000	120.00	2.1205	-8.9900
6.3000	120.00	2.1205	34.960
6.2000	120.00	2.1205	90.840
6.1000	120.00	2.1205	161.14
6.0000	120.00	2.1205	248.58
5.9000	120.00	2.1205	356.51
5.8000	120.00	2.1205	488.48
5.7000	120.00	2.1205	648.74
5.6000	120.00	2.1205	842.47
5.5000	120.00	2.1205	1075.1
5.4000	120.00	2.1205	1353.0
5.3000	120.00	2.1205	1683.0
5.2000	120.00	2.1205	2072.8
5.1000	120.00	2.1205	2530.8
5.0000	120.00	2.1205	3066.4
20.000	150.00	2.1205	-0.66000
19.000	150.00	2.1205	-0.77000
18.000	150.00	2.1205	-0.97000
17.000	150.00	2.1205	-1.2800
16.000	150.00	2.1205	-1.7600
15.000	150.00	2.1205	-2.2600
14.500	150.00	2.1205	-2.8000
14.000	150.00	2.1205	-3.4200
13.500	150.00	2.1205	-4.4200
13.000	150.00	2.1205	-5.6600
12.500	150.00	2.1205	-7.3300
12.000	150.00	2.1205	-9.6300
11.700	150.00	2.1205	-11.400
11.400	150.00	2.1205	-13.500
11.100	150.00	2.1205	-16.160
10.800	150.00	2.1205	-19.370
10.500	150.00	2.1205	-23.520
10.200	150.00	2.1205	-28.590
10.000	150.00	2.1205	-32.590
9.7000	150.00	2.1205	-39.760
9.4000	150.00	2.1205	-48.530
9.1000	150.00	2.1205	-59.030
9.0000	150.00	2.1205	-63.040
8.9000	150.00	2.1205	-67.220
8.8000	150.00	2.1205	-71.450
8.7000	150.00	2.1205	-75.780
8.6000	150.00	2.1205	-80.660
8.5000	150.00	2.1205	-85.420
8.4000	150.00	2.1205	-90.240
8.3000	150.00	2.1205	-94.890
8.1000	150.00	2.1205	-104.24
8.0000	150.00	2.1205	-108.46
7.9000	150.00	2.1205	-112.19
7.8000	150.00	2.1205	-115.31
7.7000	150.00	2.1205	-117.38
7.6000	150.00	2.1205	-118.18
7.5000	150.00	2.1205	-117.28
7.4000	150.00	2.1205	-114.33
7.3000	150.00	2.1205	-108.71
7.2000	150.00	2.1205	-99.750
7.1000	150.00	2.1205	-86.700
7.0000	150.00	2.1205	-68.620
6.9000	150.00	2.1205	-44.200
6.8000	150.00	2.1205	-12.500
6.7000	150.00	2.1205	28.200
6.6000	150.00	2.1205	79.650
6.5000	150.00	2.1205	143.88
6.4000	150.00	2.1205	223.23
6.3000	150.00	2.1205	320.49
6.2000	150.00	2.1205	438.84
6.1000	150.00	2.1205	581.79
6.0000	150.00	2.1205	753.11
5.9000	150.00	2.1205	958.21
20.000	180.00	2.1205	-0.65000
19.000	180.00	2.1205	-0.83000
18.000	180.00	2.1205	-1.0300
17.000	180.00	2.1205	-1.2700
16.000	180.00	2.1205	-1.8400
15.000	180.00	2.1205	-2.5600
14.500	180.00	2.1205	-3.1400
14.000	180.00	2.1205	-3.9200
13.500	180.00	2.1205	-4.9600
13.000	180.00	2.1205	-6.0900
12.500	180.00	2.1205	-7.9300
12.000	180.00	2.1205	-10.500
11.700	180.00	2.1205	-12.480
11.400	180.00	2.1205	-14.910
11.100	180.00	2.1205	-17.890
10.800	180.00	2.1205	-21.560
10.500	180.00	2.1205	-26.120
10.200	180.00	2.1205	-31.750
10.000	180.00	2.1205	-36.210
9.7000	180.00	2.1205	-44.140
9.4000	180.00	2.1205	-53.820
9.1000	180.00	2.1205	-65.060
9.0000	180.00	2.1205	-69.270
8.9000	180.00	2.1205	-73.480
8.8000	180.00	2.1205	-77.990
8.7000	180.00	2.1205	-82.510
8.6000	180.00	2.1205	-87.090
8.5000	180.00	2.1205	-91.430
8.4000	180.00	2.1205	-96.060
8.3000	180.00	2.1205	-100.13
8.1000	180.00	2.1205	-107.50
8.0000	180.00	2.1205	-110.11
7.9000	180.00	2.1205	-111.72
7.8000	180.00	2.1205	-111.88
7.7000	180.00	2.1205	-110.54
7.6000	180.00	2.1205	-107.04
7.5000	180.00	2.1205	-100.90
7.4000	180.00	2.1205	-91.270
7.3000	180.00	2.1205	-77.620
7.2000	180.00	2.1205	-58.890
7.1000	180.00	2.1205	-33.910
7.0000	180.00	2.1205	-1.5100
6.9000	180.00	2.1205	39.840
6.8000	180.00	2.1205	91.910
6.7000	180.00	2.1205	156.76
6.6000	180.00	2.1205	236.66
6.5000	180.00	2.1205	334.54
6.4000	180.00	2.1205	453.51
6.3000	180.00	2.1205	597.15
6.2000	180.00	2.1205	769.95
6.1000	180.00	2.1205	976.77
6.0000	180.00	2.1205	1223.3
5.9000	180.00	2.1205	1516.5
5.8000	180.00	2.1205	1864.7
5.7000	180.00	2.1205	2277.5
5.6000	180.00	2.1205	2766.7
5.5000	180.00	2.1205	3346.9
5.4000	180.00	2.1205	4035.6
5.3000	180.00	2.1205	4854.7
5.2000	180.00	2.1205	5830.8
5.1000	180.00	2.1205	6996.7
5.0000	180.00	2.1205	8391.8
4.9000	180.00	2.1205	10064		
